READ SERR 1 2
@FeXVII_15_pow+windprof.pco
!
15.127501 2.50006933E-3 0 4.88297595E-3 1.71131303E-3
15.122501 2.50006607E-3 0 4.88298247E-3 1.96185545E-3
15.117501 2.50006095E-3 7.85036199E-3 7.68417493E-3 2.27433303E-3
15.112501 2.50005443E-3 5.23358863E-3 6.95625646E-3 2.61296937E-3
15.107501 2.49949773E-3 0 4.88409214E-3 2.96231592E-3
15.102502 2.50003673E-3 5.23362588E-3 6.95630582E-3 3.32043064E-3
15.097502 2.50002532E-3 5.23364963E-3 6.95633749E-3 3.69318645E-3
15.092502 2.50001228E-3 0 4.88308724E-3 4.08415962E-3
15.087502 2.49999762E-3 0 4.88311611E-3 4.49786289E-3
15.082501 2.49998132E-3 2.61687092E-3 6.07866608E-3 4.93936893E-3
15.077502 2.49996339E-3 7.85066932E-3 7.68447528E-3 5.41453576E-3
15.072501 2.50048959E-3 2.6163389E-3 6.07743021E-3 5.92900952E-3
15.067501 2.49992218E-3 1.04677305E-2 8.32040515E-3 6.49459707E-3
15.062501 2.49989959E-3 2.6169566E-3 6.07886491E-3 7.11536361E-3
15.057502 2.49987515E-3 7.85094593E-3 7.68474583E-3 7.79850641E-3
15.052502 2.4998493E-3 2.61700922E-3 6.07898738E-3 8.54304526E-3
15.047502 2.50036572E-3 1.30823432E-2 8.89054034E-3 9.33371298E-3
15.042501 2.49979203E-3 1.04682762E-2 8.32083914E-3 1.01520708E-2
15.037501 2.49976129E-3 7.85130356E-3 7.685096E-3 1.09647047E-2
15.032501 2.50027212E-3 1.04662664E-2 8.31924193E-3 1.17494641E-2
15.027501 2.50023743E-3 1.30830146E-2 8.89099669E-3 1.24988658E-2
15.022501 2.49965885E-3 1.57032516E-2 9.41691548E-3 1.3209396E-2
15.017502 2.50016362E-3 2.09334418E-2 1.03569245E-2 1.38734169E-2
15.012501 2.50012404E-3 7.85016455E-3 7.68398074E-3 1.45013714E-2
15.007501 2.50008306E-3 1.30838221E-2 8.89154524E-3 1.50916921E-2
15.002501 2.49949959E-3 3.14085037E-2 1.19632734E-2 1.56490803E-2
14.997502 2.49999668E-3 1.30842738E-2 8.89185257E-3 1.6164111E-2
14.992501 2.50049098E-3 1.5698025E-2 9.41378158E-3 1.66423526E-2
14.987501 2.49990332E-3 1.8318668E-2 9.90224071E-3 1.70872267E-2
14.982501 2.49985442E-3 1.30850188E-2 8.89235828E-3 1.74756385E-2
14.977502 2.4998039E-3 1.57023408E-2 9.41636879E-3 1.77794416E-2
14.972502 2.50029052E-3 1.04661891E-2 8.31918046E-3 1.79074444E-2
14.967502 2.49969796E-3 1.8320173E-2 9.90305375E-3 1.76662058E-2
14.962502 2.50018062E-3 1.56999733E-2 9.41495039E-3 1.68183222E-2
14.957501 2.50012311E-3 1.57003347E-2 9.41516645E-3 1.53848892E-2
14.952501 2.50006421E-3 1.30839208E-2 8.89161229E-3 1.36445723E-2
14.947501 2.50000367E-3 1.30842384E-2 8.89182836E-3 1.18968552E-2
14.942501 2.4999415E-3 1.04676504E-2 8.32034182E-3 1.02802888E-2
14.937501 2.49987771E-3 1.83188543E-2 9.90234129E-3 8.8168988E-3
14.932502 2.49981252E-3 0 4.88347746E-3 7.49678072E-3
14.927502 2.5002812E-3 7.84967095E-3 7.68349832E-3 6.30269526E-3
14.922502 2.49967701E-3 2.61718943E-3 6.07940601E-3 5.22476668E-3
14.917501 2.50014197E-3 2.61670281E-3 6.07827539E-3 4.25021816E-3
14.912501 2.50006979E-3 7.85033498E-3 7.68414792E-3 3.38608096E-3
14.907501 2.49999622E-3 5.23371063E-3 6.95641898E-3 2.66459049E-3
14.902501 2.49992101E-3 2.61693425E-3 6.07881276E-3 2.14184402E-3
14.897502 2.49984418E-3 7.85104372E-3 7.68484129E-3 1.83862483E-3
14.892502 2.5002989E-3 0 4.88252752E-3 1.70223566E-3
14.887501 2.50021834E-3 0 4.88268491E-3 1.65133784E-3
14.882502 2.49960413E-3 2.6172658E-3 6.07958343E-3 1.63158448E-3
14.877501 2.50005303E-3 0 4.88300761E-3 1.62165414E-3
14.872501 2.49996781E-3 0 4.88317385E-3 1.61649252E-3
14.867502 2.4998812E-3 0 4.88334289E-3 1.61355035E-3
NO NO NO NO NO
15.127501 2.50006933E-3 0 4.88297595E-3 5.66966191E-4
15.122501 2.50006607E-3 0 4.88298247E-3 6.17589219E-4
15.117501 2.50006095E-3 2.61678756E-3 6.0784719E-3 6.9108099E-4
15.112501 2.50005443E-3 2.61679431E-3 6.07848819E-3 7.74073356E-4
15.107501 2.49949773E-3 2.61737709E-3 6.07984187E-3 8.58198851E-4
15.102502 2.50003673E-3 0 4.88303928E-3 9.40998085E-4
15.097502 2.50002532E-3 0 4.88306163E-3 1.02277519E-3
15.092502 2.50001228E-3 0 4.88308724E-3 1.10355613E-3
15.087502 2.49999762E-3 5.23370784E-3 6.95641479E-3 1.18406874E-3
15.082501 2.49998132E-3 0 4.88314778E-3 1.2652002E-3
15.077502 2.49996339E-3 2.61688977E-3 6.07870985E-3 1.34772062E-3
15.072501 2.50048959E-3 0 4.88215499E-3 1.4327484E-3
15.067501 2.49992218E-3 2.61693262E-3 6.0788095E-3 1.52428646E-3
15.062501 2.49989959E-3 0 4.8833075E-3 1.62586675E-3
15.057502 2.49987515E-3 0 4.883355E-3 1.74218405E-3
15.052502 2.4998493E-3 5.23401843E-3 6.95682783E-3 1.87695294E-3
15.047502 2.50036572E-3 2.61646858E-3 6.07773149E-3 2.03192397E-3
15.042501 2.49979203E-3 2.61706905E-3 6.07912615E-3 2.20711762E-3
15.037501 2.49976129E-3 5.23420237E-3 6.9570723E-3 2.3946797E-3
15.032501 2.50027212E-3 0 4.88258014E-3 2.58485531E-3
15.027501 2.50023743E-3 2.61660293E-3 6.07804349E-3 2.76874192E-3
15.022501 2.49965885E-3 0 4.88377782E-3 2.93835299E-3
15.017502 2.50016362E-3 7.85004068E-3 7.68385967E-3 3.09015531E-3
15.012501 2.50012404E-3 5.23344288E-3 6.95606275E-3 3.23522137E-3
15.007501 2.50008306E-3 5.23352856E-3 6.95617683E-3 3.38716526E-3
15.002501 2.49949959E-3 2.61737523E-3 6.07983721E-3 3.55739682E-3
14.997502 2.49999668E-3 5.2337097E-3 6.95641758E-3 3.74696637E-3
14.992501 2.50049098E-3 0 4.88215219E-3 3.95342521E-3
14.987501 2.49990332E-3 7.85085745E-3 7.68465968E-3 4.17021569E-3
14.982501 2.49985442E-3 5.23400772E-3 6.95681339E-3 4.38600127E-3
14.977502 2.4998039E-3 7.85117038E-3 7.68496515E-3 4.59074089E-3
14.972502 2.50029052E-3 2.61654728E-3 6.07791403E-3 4.76225233E-3
14.967502 2.49969796E-3 0 4.88370145E-3 4.85583115E-3
14.962502 2.50018062E-3 5.2333246E-3 6.95590582E-3 4.79449984E-3
14.957501 2.50012311E-3 7.85016734E-3 7.68398354E-3 4.53917589E-3
14.952501 2.50006421E-3 0 4.88298573E-3 4.13169665E-3
14.947501 2.50000367E-3 5.23369526E-3 6.95639802E-3 3.66099668E-3
14.942501 2.4999415E-3 2.61691259E-3 6.07876293E-3 3.19023593E-3
14.937501 2.49987771E-3 5.23395836E-3 6.9567482E-3 2.74677994E-3
14.932502 2.49981252E-3 0 4.88347746E-3 2.34520668E-3
14.927502 2.5002812E-3 2.61655706E-3 6.07793685E-3 1.9894226E-3
14.922502 2.49967701E-3 0 4.88374196E-3 1.67804491E-3
14.917501 2.50014197E-3 2.61670281E-3 6.07827539E-3 1.40309799E-3
14.912501 2.50006979E-3 0 4.88297502E-3 1.15852314E-3
14.907501 2.49999622E-3 0 4.88311891E-3 9.44214698E-4
14.902501 2.49992101E-3 0 4.88326559E-3 7.75070221E-4
14.897502 2.49984418E-3 0 4.88341553E-3 6.67379762E-4
14.892502 2.5002989E-3 0 4.88252752E-3 6.16587E-4
14.887501 2.50021834E-3 0 4.88268491E-3 5.99352701E-4
14.882502 2.49960413E-3 0 4.88388492E-3 5.94493351E-4
14.877501 2.50005303E-3 0 4.88300761E-3 5.92704397E-4
14.872501 2.49996781E-3 5.23376977E-3 6.95649767E-3 5.91796299E-4
14.867502 2.4998812E-3 0 4.88334289E-3 5.90961601E-4
NO NO NO NO NO
15.128752 1.24996621E-3 0 9.76648647E-3 0
15.126251 1.25010312E-3 0 9.76541732E-3 0
15.123752 1.24968996E-3 0 9.76864528E-3 0
15.121251 1.25037599E-3 0 9.76328552E-3 0
15.118752 1.2499626E-3 0 9.76651441E-3 0
15.116251 1.25009846E-3 0 9.76545364E-3 0
15.113751 1.24968507E-3 0 9.76868346E-3 0
15.111251 1.25036947E-3 0 9.76333674E-3 0
15.108751 1.24995573E-3 0 9.76656843E-3 0
15.106252 1.24954211E-3 0 9.76980105E-3 0
15.103752 1.25022535E-3 0 9.76446271E-3 0
15.101252 1.2498115E-3 0 9.76769533E-3 0
15.098752 1.24994572E-3 0 9.76664666E-3 0
15.096251 1.2500796E-3 0 9.76560079E-3 0
15.093752 1.25021324E-3 0 9.76455677E-3 0
15.091251 1.24979904E-3 0 9.76779219E-3 0
15.088752 1.24993233E-3 0 9.76675097E-3 0
15.086252 1.25006528E-3 0 9.76571254E-3 0
15.083752 1.25019788E-3 0 9.76467691E-3 0
15.081251 1.24978344E-3 0 9.76791512E-3 0
15.078752 1.24991569E-3 0 9.76688135E-3 0
15.076252 1.25004759E-3 0 9.76585038E-3 0
15.073751 1.25017925E-3 0 9.7648222E-3 0
15.071251 1.25031045E-3 0 9.76379775E-3 0
15.068751 1.24989566E-3 0 9.76703782E-3 0
15.066251 1.25002663E-3 0 9.76601429E-3 0
15.063751 1.24961184E-3 0 9.76925623E-3 0
15.061252 1.25028763E-3 0 9.76397563E-3 0
15.058751 1.24987261E-3 0 9.76721756E-3 0
15.056252 1.25000253E-3 0 9.76620242E-3 0
15.053751 1.25013222E-3 0 9.76519007E-3 0
15.051251 1.24971708E-3 0 9.76843387E-3 0
15.048752 1.25039066E-3 0 9.7631719E-3 0
15.046251 1.24997518E-3 0 9.76641662E-3 0
15.043752 1.24955992E-3 0 9.76966228E-3 0
15.041252 1.25023222E-3 0 9.76440776E-3 0
15.038752 1.24981673E-3 0 9.76765528E-3 0
15.036252 1.24994467E-3 0 9.76665504E-3 0
15.033751 1.25007238E-3 0 9.7656576E-3 0
15.031252 1.25019962E-3 0 9.76466294E-3 0
15.028751 1.24978379E-3 0 9.7679114E-3 0
15.026252 1.25045353E-3 0 9.76268016E-3 0
15.023751 1.24949485E-3 0 9.77017079E-3 0
15.021252 1.25016388E-3 0 9.76494234E-3 0
15.018751 1.25028996E-3 0 9.76395793E-3 0
15.016252 1.24987366E-3 0 9.76720918E-3 0
15.013751 1.24999939E-3 0 9.76622757E-3 0
15.011251 1.25012477E-3 0 9.76524781E-3 0
15.008751 1.24970847E-3 0 9.76850092E-3 0
15.006251 1.25037471E-3 0 9.76329576E-3 0
15.003751 1.24995806E-3 0 9.7665498E-3 0
15.001251 1.24954164E-3 0 9.76980478E-3 0
14.998752 1.25020673E-3 0 9.764608E-3 0
14.996252 1.24978996E-3 0 9.7678639E-3 0
14.993752 1.25045411E-3 0 9.76267643E-3 0
14.991251 1.25003699E-3 0 9.76593327E-3 0
14.988751 1.24962023E-3 0 9.76919103E-3 0
14.986252 1.25028309E-3 0 9.76401102E-3 0
14.983751 1.24986598E-3 0 9.76726972E-3 0
14.981252 1.24998845E-3 0 9.76631325E-3 0
14.978751 1.25011057E-3 0 9.76535864E-3 0
14.976252 1.24969333E-3 0 9.7686192E-3 0
14.973751 1.25035399E-3 0 9.76345688E-3 0
14.971251 1.24993653E-3 0 9.76671837E-3 0
14.968751 1.25005771E-3 0 9.76577215E-3 0
14.966251 1.24964025E-3 0 9.76903457E-3 0
14.963752 1.25029916E-3 0 9.76388529E-3 0
14.961251 1.24988146E-3 0 9.76714864E-3 0
14.958752 1.2500016E-3 0 9.76620987E-3 0
14.956251 1.25012151E-3 0 9.76527296E-3 0
14.953752 1.2497037E-3 0 9.76853818E-3 0
14.951251 1.25036051E-3 0 9.76340659E-3 0
14.948751 1.24994235E-3 0 9.76667274E-3 0
14.946251 1.25006121E-3 0 9.76574421E-3 0
14.943751 1.24964316E-3 0 9.76901129E-3 0
14.941252 1.25029834E-3 0 9.76389274E-3 0
14.938751 1.24987995E-3 0 9.76716075E-3 0
14.936252 1.24999788E-3 0 9.76623874E-3 0
14.933751 1.25011557E-3 0 9.76532046E-3 0
14.931252 1.24969706E-3 0 9.76859033E-3 0
14.928751 1.25035003E-3 0 9.76348855E-3 0
14.926251 1.24993117E-3 0 9.76676028E-3 0
14.923751 1.25004794E-3 0 9.76584852E-3 0
14.921251 1.24962919E-3 0 9.76912025E-3 0
14.918752 1.25028042E-3 0 9.76403151E-3 0
14.916251 1.24986144E-3 0 9.76730511E-3 0
14.913752 1.24997715E-3 0 9.76640079E-3 0
14.911252 1.25009264E-3 0 9.76549927E-3 0
14.908751 1.25020766E-3 0 9.76459961E-3 0
14.906251 1.24978845E-3 0 9.76787601E-3 0
14.903751 1.24990323E-3 0 9.76697821E-3 0
14.901252 1.25001767E-3 0 9.76608414E-3 0
14.898751 1.25013187E-3 0 9.76519287E-3 0
14.896252 1.24971231E-3 0 9.76847019E-3 0
14.893751 1.25035935E-3 0 9.7634159E-3 0
14.891252 1.24993955E-3 0 9.76669509E-3 0
14.888751 1.25005271E-3 0 9.76581033E-3 0
14.886251 1.25016563E-3 0 9.7649293E-3 0
14.883751 1.24974572E-3 0 9.76820942E-3 0
14.881251 1.24985829E-3 0 9.76732932E-3 0
14.878752 1.24997052E-3 0 9.76645295E-3 0
14.876251 1.25008251E-3 0 9.76557843E-3 0
14.873752 1.25019404E-3 0 9.76470672E-3 0
14.871251 1.24977389E-3 0 9.76798963E-3 0
14.868752 1.24988519E-3 0 9.76711977E-3 0
NO NO NO NO NO
15.128752 1.24996621E-3 0 9.76648647E-3 0
15.126251 1.25010312E-3 0 9.76541732E-3 0
15.123752 1.24968996E-3 0 9.76864528E-3 0
15.121251 1.25037599E-3 0 9.76328552E-3 0
15.118752 1.2499626E-3 0 9.76651441E-3 0
15.116251 1.25009846E-3 0 9.76545364E-3 0
15.113751 1.24968507E-3 0 9.76868346E-3 0
15.111251 1.25036947E-3 0 9.76333674E-3 0
15.108751 1.24995573E-3 0 9.76656843E-3 0
15.106252 1.24954211E-3 0 9.76980105E-3 0
15.103752 1.25022535E-3 0 9.76446271E-3 0
15.101252 1.2498115E-3 0 9.76769533E-3 0
15.098752 1.24994572E-3 0 9.76664666E-3 0
15.096251 1.2500796E-3 0 9.76560079E-3 0
15.093752 1.25021324E-3 0 9.76455677E-3 0
15.091251 1.24979904E-3 0 9.76779219E-3 0
15.088752 1.24993233E-3 0 9.76675097E-3 0
15.086252 1.25006528E-3 0 9.76571254E-3 0
15.083752 1.25019788E-3 0 9.76467691E-3 0
15.081251 1.24978344E-3 0 9.76791512E-3 0
15.078752 1.24991569E-3 0 9.76688135E-3 0
15.076252 1.25004759E-3 0 9.76585038E-3 0
15.073751 1.25017925E-3 0 9.7648222E-3 0
15.071251 1.25031045E-3 0 9.76379775E-3 0
15.068751 1.24989566E-3 0 9.76703782E-3 0
15.066251 1.25002663E-3 0 9.76601429E-3 0
15.063751 1.24961184E-3 0 9.76925623E-3 0
15.061252 1.25028763E-3 0 9.76397563E-3 0
15.058751 1.24987261E-3 0 9.76721756E-3 0
15.056252 1.25000253E-3 0 9.76620242E-3 0
15.053751 1.25013222E-3 0 9.76519007E-3 0
15.051251 1.24971708E-3 0 9.76843387E-3 0
15.048752 1.25039066E-3 0 9.7631719E-3 0
15.046251 1.24997518E-3 0 9.76641662E-3 0
15.043752 1.24955992E-3 0 9.76966228E-3 0
15.041252 1.25023222E-3 0 9.76440776E-3 0
15.038752 1.24981673E-3 0 9.76765528E-3 0
15.036252 1.24994467E-3 0 9.76665504E-3 0
15.033751 1.25007238E-3 0 9.7656576E-3 0
15.031252 1.25019962E-3 0 9.76466294E-3 0
15.028751 1.24978379E-3 0 9.7679114E-3 0
15.026252 1.25045353E-3 0 9.76268016E-3 0
15.023751 1.24949485E-3 0 9.77017079E-3 0
15.021252 1.25016388E-3 0 9.76494234E-3 0
15.018751 1.25028996E-3 0 9.76395793E-3 0
15.016252 1.24987366E-3 0 9.76720918E-3 0
15.013751 1.24999939E-3 0 9.76622757E-3 0
15.011251 1.25012477E-3 0 9.76524781E-3 0
15.008751 1.24970847E-3 0 9.76850092E-3 0
15.006251 1.25037471E-3 0 9.76329576E-3 0
15.003751 1.24995806E-3 0 9.7665498E-3 0
15.001251 1.24954164E-3 0 9.76980478E-3 0
14.998752 1.25020673E-3 0 9.764608E-3 0
14.996252 1.24978996E-3 0 9.7678639E-3 0
14.993752 1.25045411E-3 0 9.76267643E-3 0
14.991251 1.25003699E-3 0 9.76593327E-3 0
14.988751 1.24962023E-3 0 9.76919103E-3 0
14.986252 1.25028309E-3 0 9.76401102E-3 0
14.983751 1.24986598E-3 0 9.76726972E-3 0
14.981252 1.24998845E-3 0 9.76631325E-3 0
14.978751 1.25011057E-3 0 9.76535864E-3 0
14.976252 1.24969333E-3 0 9.7686192E-3 0
14.973751 1.25035399E-3 0 9.76345688E-3 0
14.971251 1.24993653E-3 0 9.76671837E-3 0
14.968751 1.25005771E-3 0 9.76577215E-3 0
14.966251 1.24964025E-3 0 9.76903457E-3 0
14.963752 1.25029916E-3 0 9.76388529E-3 0
14.961251 1.24988146E-3 0 9.76714864E-3 0
14.958752 1.2500016E-3 0 9.76620987E-3 0
14.956251 1.25012151E-3 0 9.76527296E-3 0
14.953752 1.2497037E-3 0 9.76853818E-3 0
14.951251 1.25036051E-3 0 9.76340659E-3 0
14.948751 1.24994235E-3 0 9.76667274E-3 0
14.946251 1.25006121E-3 0 9.76574421E-3 0
14.943751 1.24964316E-3 0 9.76901129E-3 0
14.941252 1.25029834E-3 0 9.76389274E-3 0
14.938751 1.24987995E-3 0 9.76716075E-3 0
14.936252 1.24999788E-3 0 9.76623874E-3 0
14.933751 1.25011557E-3 0 9.76532046E-3 0
14.931252 1.24969706E-3 0 9.76859033E-3 0
14.928751 1.25035003E-3 0 9.76348855E-3 0
14.926251 1.24993117E-3 0 9.76676028E-3 0
14.923751 1.25004794E-3 0 9.76584852E-3 0
14.921251 1.24962919E-3 0 9.76912025E-3 0
14.918752 1.25028042E-3 0 9.76403151E-3 0
14.916251 1.24986144E-3 0 9.76730511E-3 0
14.913752 1.24997715E-3 0 9.76640079E-3 0
14.911252 1.25009264E-3 0 9.76549927E-3 0
14.908751 1.25020766E-3 0 9.76459961E-3 0
14.906251 1.24978845E-3 0 9.76787601E-3 0
14.903751 1.24990323E-3 0 9.76697821E-3 0
14.901252 1.25001767E-3 0 9.76608414E-3 0
14.898751 1.25013187E-3 0 9.76519287E-3 0
14.896252 1.24971231E-3 0 9.76847019E-3 0
14.893751 1.25035935E-3 0 9.7634159E-3 0
14.891252 1.24993955E-3 0 9.76669509E-3 0
14.888751 1.25005271E-3 0 9.76581033E-3 0
14.886251 1.25016563E-3 0 9.7649293E-3 0
14.883751 1.24974572E-3 0 9.76820942E-3 0
14.881251 1.24985829E-3 0 9.76732932E-3 0
14.878752 1.24997052E-3 0 9.76645295E-3 0
14.876251 1.25008251E-3 0 9.76557843E-3 0
14.873752 1.25019404E-3 0 9.76470672E-3 0
14.871251 1.24977389E-3 0 9.76798963E-3 0
14.868752 1.24988519E-3 0 9.76711977E-3 0
