READ SERR 1 2
@FeXVII_16_pow+windprof.pco
!
16.897501 2.50027585E-3 0 4.88257268E-3 4.10379667E-4
16.892502 2.49948236E-3 0 4.88412241E-3 4.77863417E-4
16.887503 2.50005955E-3 0 4.88299504E-3 5.41236717E-4
16.882502 2.49994965E-3 0 4.88320971E-3 6.01267151E-4
16.877502 2.50052288E-3 0 4.88208979E-3 6.58831908E-4
16.872501 2.4997259E-3 2.61713844E-3 6.07928727E-3 7.15349161E-4
16.867502 2.5002961E-3 0 4.88253264E-3 7.7068439E-4
16.862501 2.49949773E-3 0 4.8840926E-3 8.2609005E-4
16.857502 2.5000649E-3 0 4.88298433E-3 8.81007349E-4
16.852503 2.49994732E-3 0 4.8832139E-3 9.36327968E-4
16.847502 2.50051077E-3 0 4.88211354E-3 9.91730019E-4
16.842501 2.49970867E-3 0 4.88368049E-3 1.04820565E-3
16.837502 2.5002691E-3 2.61656963E-3 6.07796619E-3 1.10482611E-3
16.832502 2.4994656E-3 0 4.88415547E-3 1.16292539E-3
16.827501 2.50002299E-3 0 4.88306629E-3 1.22140173E-3
16.822502 2.49989796E-3 2.61695823E-3 6.07886864E-3 1.28132314E-3
16.817501 2.50045164E-3 0 4.88222949E-3 1.34215585E-3
16.812502 2.49964441E-3 2.61722365E-3 6.07948517E-3 1.40517997E-3
16.807503 2.50019506E-3 2.61664717E-3 6.0781464E-3 1.46907009E-3
16.802502 2.5000649E-3 2.61678337E-3 6.07846305E-3 1.53511239E-3
16.797503 2.49993359E-3 0 4.88324091E-3 1.60312478E-3
16.792501 2.49980134E-3 5.23411855E-3 6.95696101E-3 1.673355E-3
16.787502 2.500345E-3 5.23298047E-3 6.95544807E-3 1.74550281E-3
16.782501 2.50020972E-3 2.6166318E-3 6.07811054E-3 1.82058313E-3
16.777502 2.49939691E-3 2.61748279E-3 6.08008727E-3 1.89870375E-3
16.772501 2.50061229E-3 2.61621061E-3 6.07713219E-3 1.97777012E-3
16.767502 2.49979715E-3 0 4.88350727E-3 2.06089322E-3
16.762501 2.49965745E-3 0 4.88378014E-3 2.14599958E-3
16.757502 2.50019156E-3 2.61665089E-3 6.07815478E-3 2.23307405E-3
16.752502 2.50004907E-3 0 4.88301553E-3 2.32320721E-3
16.747501 2.49990518E-3 5.23390109E-3 6.95667183E-3 2.41547846E-3
16.742502 2.49976036E-3 0 4.88357898E-3 2.50904611E-3
16.737501 2.50028772E-3 2.61655031E-3 6.07792102E-3 2.60106614E-3
16.732502 2.50013988E-3 0 4.88283765E-3 2.68764561E-3
16.727501 2.4999911E-3 1.04674427E-2 8.32017604E-3 2.75942264E-3
16.722502 2.49984115E-3 7.85105303E-3 7.68485013E-3 2.80781719E-3
16.717501 2.50036176E-3 0 4.88240458E-3 2.8275745E-3
16.712502 2.49953778E-3 0 4.88401391E-3 2.82009225E-3
16.707502 2.50005559E-3 5.23358677E-3 6.95625367E-3 2.78193736E-3
16.702501 2.49990053E-3 0 4.88330564E-3 2.713928E-3
16.697502 2.50041438E-3 2.61641759E-3 6.07761322E-3 2.61263479E-3
16.692501 2.4995869E-3 2.61728372E-3 6.07962487E-3 2.47824821E-3
16.687502 2.50009797E-3 5.23349782E-3 6.95613585E-3 2.30633537E-3
16.682503 2.49993801E-3 2.61691632E-3 6.07877132E-3 2.09745509E-3
16.677502 2.50044512E-3 5.23277093E-3 6.95516961E-3 1.84993446E-3
16.672501 2.49961438E-3 2.61725509E-3 6.07955875E-3 1.56695209E-3
16.667501 2.50011869E-3 0 4.88287956E-3 1.25341001E-3
16.662502 2.49995361E-3 0 4.88320179E-3 9.31698945E-4
16.657501 2.49978737E-3 0 4.88352636E-3 6.45549095E-4
16.652502 2.50028656E-3 0 4.88255126E-3 4.41734242E-4
16.647501 2.50011776E-3 0 4.88288142E-3 3.32237454E-4
16.642502 2.49994756E-3 0 4.88321343E-3 2.87935225E-4
16.637501 2.49977643E-3 0 4.88354778E-3 2.72503588E-4
NO NO NO NO NO
16.897501 2.50027585E-3 0 4.88257268E-3 1.46035556E-4
16.892502 2.49948236E-3 0 4.88412241E-3 1.72377608E-4
16.887503 2.50005955E-3 0 4.88299504E-3 1.97687186E-4
16.882502 2.49994965E-3 0 4.88320971E-3 2.21791139E-4
16.877502 2.50052288E-3 0 4.88208979E-3 2.44854105E-4
16.872501 2.4997259E-3 2.61713844E-3 6.07928727E-3 2.67375319E-4
16.867502 2.5002961E-3 0 4.88253264E-3 2.89338233E-4
16.862501 2.49949773E-3 0 4.8840926E-3 3.11246782E-4
16.857502 2.5000649E-3 0 4.88298433E-3 3.32916825E-4
16.852503 2.49994732E-3 0 4.8832139E-3 3.54705931E-4
16.847502 2.50051077E-3 0 4.88211354E-3 3.76504322E-4
16.842501 2.49970867E-3 0 4.88368049E-3 3.98691045E-4
16.837502 2.5002691E-3 0 4.88258572E-3 4.20917582E-4
16.832502 2.4994656E-3 0 4.88415547E-3 4.43703757E-4
16.827501 2.50002299E-3 0 4.88306629E-3 4.66646365E-4
16.822502 2.49989796E-3 0 4.88331029E-3 4.90162696E-4
16.817501 2.50045164E-3 0 4.88222949E-3 5.14037558E-4
16.812502 2.49964441E-3 0 4.88380576E-3 5.38741995E-4
16.807503 2.50019506E-3 0 4.88273054E-3 5.6377193E-4
16.802502 2.5000649E-3 2.61678337E-3 6.07846305E-3 5.89638134E-4
16.797503 2.49993359E-3 0 4.88324091E-3 6.16272853E-4
16.792501 2.49980134E-3 0 4.88349935E-3 6.43761829E-4
16.787502 2.500345E-3 0 4.88243718E-3 6.71995513E-4
16.782501 2.50020972E-3 0 4.88270167E-3 7.01384386E-4
16.777502 2.49939691E-3 0 4.88428958E-3 7.32010812E-4
16.772501 2.50061229E-3 2.61621061E-3 6.07713219E-3 7.63125427E-4
16.767502 2.49979715E-3 0 4.88350727E-3 7.9597166E-4
16.762501 2.49965745E-3 0 4.88378014E-3 8.29766737E-4
16.757502 2.50019156E-3 0 4.88273706E-3 8.64510075E-4
16.752502 2.50004907E-3 5.23360027E-3 6.95627183E-3 9.00618441E-4
16.747501 2.49990518E-3 0 4.88329632E-3 9.37753008E-4
16.742502 2.49976036E-3 0 4.88357898E-3 9.75726114E-4
16.737501 2.50028772E-3 0 4.8825494E-3 1.01376057E-3
16.732502 2.50013988E-3 0 4.88283765E-3 1.05088879E-3
16.727501 2.4999911E-3 0 4.88312868E-3 1.08383049E-3
16.722502 2.49984115E-3 2.6170176E-3 6.07900647E-3 1.10889145E-3
16.717501 2.50036176E-3 0 4.88240458E-3 1.12322834E-3
16.712502 2.49953778E-3 0 4.88401391E-3 1.12695619E-3
16.707502 2.50005559E-3 0 4.88300296E-3 1.11872272E-3
16.702501 2.49990053E-3 0 4.88330564E-3 1.0989462E-3
16.697502 2.50041438E-3 0 4.88230167E-3 1.06626877E-3
16.692501 2.4995869E-3 5.23456745E-3 6.95755752E-3 1.02073757E-3
16.687502 2.50009797E-3 0 4.88292007E-3 9.60466277E-4
16.682503 2.49993801E-3 0 4.88323253E-3 8.85549467E-4
16.677502 2.50044512E-3 2.61638546E-3 6.07753824E-3 7.94917461E-4
16.672501 2.49961438E-3 0 4.88386489E-3 6.89012173E-4
16.667501 2.50011869E-3 0 4.88287956E-3 5.68102463E-4
16.662502 2.49995361E-3 0 4.88320179E-3 4.38313757E-4
16.657501 2.49978737E-3 0 4.88352636E-3 3.14099569E-4
16.652502 2.50028656E-3 0 4.88255126E-3 2.15793392E-4
16.647501 2.50011776E-3 0 4.88288142E-3 1.55302565E-4
16.642502 2.49994756E-3 0 4.88321343E-3 1.2648922E-4
16.637501 2.49977643E-3 0 4.88354778E-3 1.14614857E-4
NO NO NO NO NO
16.898752 1.24997972E-3 0 9.76638123E-3 0
16.896252 1.25029613E-3 0 9.7639095E-3 0
16.893751 1.24992605E-3 0 9.76680033E-3 0
16.891253 1.2495562E-3 0 9.76969115E-3 0
16.888752 1.2505576E-3 0 9.76186804E-3 0
16.886251 1.24950195E-3 0 9.77011491E-3 0
16.883751 1.25050242E-3 0 9.76229832E-3 0
16.881252 1.24944712E-3 0 9.77054425E-3 0
16.878752 1.25044677E-3 0 9.76273324E-3 0
16.876251 1.25007622E-3 0 9.76562686E-3 0
16.873751 1.24970591E-3 0 9.76852048E-3 0
16.871252 1.25001988E-3 0 9.76606738E-3 0
16.868752 1.25033339E-3 0 9.763618E-3 0
16.866251 1.24996272E-3 0 9.76651348E-3 0
16.86375 1.24959229E-3 0 9.76940896E-3 0
16.861252 1.24990533E-3 0 9.76696238E-3 0
16.858751 1.2502179E-3 0 9.76452045E-3 0
16.856253 1.24984712E-3 0 9.7674178E-3 0
16.853752 1.25015911E-3 0 9.76497959E-3 0
16.851252 1.24978833E-3 0 9.76787694E-3 0
16.848751 1.25009986E-3 0 9.76544246E-3 0
16.846251 1.25041103E-3 0 9.76301264E-3 0
16.843752 1.24935794E-3 0 9.77124088E-3 0
16.841251 1.25035073E-3 0 9.76348296E-3 0
16.838751 1.24997948E-3 0 9.7663831E-3 0
16.836252 1.25028961E-3 0 9.7639598E-3 0
16.833752 1.24991836E-3 0 9.76686087E-3 0
16.831251 1.24954723E-3 0 9.76976193E-3 0
16.828751 1.25053746E-3 0 9.76202451E-3 0
16.826252 1.24948542E-3 0 9.77024436E-3 0
16.823751 1.25047483E-3 0 9.76251345E-3 0
16.821251 1.24942313E-3 0 9.77073144E-3 0
16.818752 1.25041173E-3 0 9.76300705E-3 0
16.816252 1.2500399E-3 0 9.76591092E-3 0
16.813751 1.2496683E-3 0 9.76881478E-3 0
16.811253 1.24997611E-3 0 9.76640917E-3 0
16.808752 1.25028344E-3 0 9.76400822E-3 0
16.806252 1.2499115E-3 0 9.76691395E-3 0
16.803751 1.25021837E-3 0 9.76451579E-3 0
16.80125 1.24984642E-3 0 9.76742245E-3 0
16.798752 1.25015283E-3 0 9.76502802E-3 0
16.796251 1.24978076E-3 0 9.76793561E-3 0
16.793751 1.2500867E-3 0 9.76554491E-3 0
16.791252 1.24971452E-3 0 9.76845343E-3 0
16.788752 1.25002E-3 0 9.76606645E-3 0
16.786251 1.250325E-3 0 9.76368319E-3 0
16.783751 1.24995259E-3 0 9.76659264E-3 0
16.781252 1.25025713E-3 0 9.76421405E-3 0
16.778751 1.2498846E-3 0 9.7671235E-3 0
16.776251 1.24951231E-3 0 9.77003481E-3 0
16.773752 1.25049253E-3 0 9.76237562E-3 0
16.771252 1.25011976E-3 0 9.76528693E-3 0
16.768751 1.249747E-3 0 9.76819918E-3 0
16.766251 1.25005015E-3 0 9.76583082E-3 0
16.763752 1.2496775E-3 0 9.76874307E-3 0
16.761251 1.24998007E-3 0 9.76637751E-3 0
16.758751 1.25028228E-3 0 9.76401754E-3 0
16.756252 1.24990928E-3 0 9.76693165E-3 0
16.753752 1.25021103E-3 0 9.76457354E-3 0
16.751251 1.24983792E-3 0 9.76748858E-3 0
16.748751 1.2501392E-3 0 9.76513512E-3 0
16.746252 1.24976609E-3 0 9.7680511E-3 0
16.743752 1.25006679E-3 0 9.76570044E-3 0
16.741251 1.24969357E-3 0 9.76861734E-3 0
16.738752 1.24999392E-3 0 9.76626948E-3 0
16.736252 1.2502938E-3 0 9.7639272E-3 0
16.733751 1.24992023E-3 0 9.76684503E-3 0
16.731251 1.25021965E-3 0 9.76450648E-3 0
16.728752 1.24984607E-3 0 9.76742525E-3 0
16.726252 1.25014503E-3 0 9.76508949E-3 0
16.723751 1.24977133E-3 0 9.76800919E-3 0
16.721252 1.25006982E-3 0 9.76567622E-3 0
16.718752 1.25036796E-3 0 9.76334885E-3 0
16.716251 1.24999392E-3 0 9.76626948E-3 0
16.713751 1.24962011E-3 0 9.76919103E-3 0
16.711252 1.24991767E-3 0 9.76686552E-3 0
16.708752 1.25021476E-3 0 9.76454467E-3 0
16.706251 1.24984072E-3 0 9.76746716E-3 0
16.703753 1.25013734E-3 0 9.76514909E-3 0
16.701252 1.24976318E-3 0 9.76807345E-3 0
16.698751 1.25005934E-3 0 9.76575911E-3 0
16.696251 1.25035504E-3 0 9.7634485E-3 0
16.69375 1.24998065E-3 0 9.76637378E-3 0
16.691252 1.24960637E-3 0 9.76929907E-3 0
16.688751 1.2499016E-3 0 9.76699125E-3 0
16.686253 1.25019636E-3 0 9.76468809E-3 0
16.683752 1.24982174E-3 0 9.76761524E-3 0
16.681252 1.25011615E-3 0 9.76531487E-3 0
16.678751 1.25040999E-3 0 9.76302009E-3 0
16.67625 1.25003513E-3 0 9.76594817E-3 0
16.673752 1.24966039E-3 0 9.76887625E-3 0
16.671251 1.24995387E-3 0 9.76658333E-3 0
16.668751 1.25024677E-3 0 9.76429414E-3 0
16.666252 1.2498718E-3 0 9.76722408E-3 0
16.663752 1.25016435E-3 0 9.76493862E-3 0
16.661251 1.24978926E-3 0 9.76786949E-3 0
16.658752 1.25008135E-3 0 9.76558682E-3 0
16.656252 1.24970614E-3 0 9.76851862E-3 0
16.653751 1.24999776E-3 0 9.76623967E-3 0
16.651251 1.25028891E-3 0 9.76396538E-3 0
16.648752 1.24991348E-3 0 9.76689812E-3 0
16.646252 1.25020416E-3 0 9.76462755E-3 0
16.643751 1.24982873E-3 0 9.76756122E-3 0
16.641251 1.25011895E-3 0 9.76529345E-3 0
16.638752 1.24974339E-3 0 9.76822805E-3 0
NO NO NO NO NO
16.898752 1.24997972E-3 0 9.76638123E-3 0
16.896252 1.25029613E-3 0 9.7639095E-3 0
16.893751 1.24992605E-3 0 9.76680033E-3 0
16.891253 1.2495562E-3 0 9.76969115E-3 0
16.888752 1.2505576E-3 0 9.76186804E-3 0
16.886251 1.24950195E-3 0 9.77011491E-3 0
16.883751 1.25050242E-3 0 9.76229832E-3 0
16.881252 1.24944712E-3 0 9.77054425E-3 0
16.878752 1.25044677E-3 0 9.76273324E-3 0
16.876251 1.25007622E-3 0 9.76562686E-3 0
16.873751 1.24970591E-3 0 9.76852048E-3 0
16.871252 1.25001988E-3 0 9.76606738E-3 0
16.868752 1.25033339E-3 0 9.763618E-3 0
16.866251 1.24996272E-3 0 9.76651348E-3 0
16.86375 1.24959229E-3 0 9.76940896E-3 0
16.861252 1.24990533E-3 0 9.76696238E-3 0
16.858751 1.2502179E-3 0 9.76452045E-3 0
16.856253 1.24984712E-3 0 9.7674178E-3 0
16.853752 1.25015911E-3 0 9.76497959E-3 0
16.851252 1.24978833E-3 0 9.76787694E-3 0
16.848751 1.25009986E-3 0 9.76544246E-3 0
16.846251 1.25041103E-3 0 9.76301264E-3 0
16.843752 1.24935794E-3 0 9.77124088E-3 0
16.841251 1.25035073E-3 0 9.76348296E-3 0
16.838751 1.24997948E-3 0 9.7663831E-3 0
16.836252 1.25028961E-3 0 9.7639598E-3 0
16.833752 1.24991836E-3 0 9.76686087E-3 0
16.831251 1.24954723E-3 0 9.76976193E-3 0
16.828751 1.25053746E-3 0 9.76202451E-3 0
16.826252 1.24948542E-3 0 9.77024436E-3 0
16.823751 1.25047483E-3 0 9.76251345E-3 0
16.821251 1.24942313E-3 0 9.77073144E-3 0
16.818752 1.25041173E-3 0 9.76300705E-3 0
16.816252 1.2500399E-3 0 9.76591092E-3 0
16.813751 1.2496683E-3 0 9.76881478E-3 0
16.811253 1.24997611E-3 0 9.76640917E-3 0
16.808752 1.25028344E-3 0 9.76400822E-3 0
16.806252 1.2499115E-3 0 9.76691395E-3 0
16.803751 1.25021837E-3 0 9.76451579E-3 0
16.80125 1.24984642E-3 0 9.76742245E-3 0
16.798752 1.25015283E-3 0 9.76502802E-3 0
16.796251 1.24978076E-3 0 9.76793561E-3 0
16.793751 1.2500867E-3 0 9.76554491E-3 0
16.791252 1.24971452E-3 0 9.76845343E-3 0
16.788752 1.25002E-3 0 9.76606645E-3 0
16.786251 1.250325E-3 0 9.76368319E-3 0
16.783751 1.24995259E-3 0 9.76659264E-3 0
16.781252 1.25025713E-3 0 9.76421405E-3 0
16.778751 1.2498846E-3 0 9.7671235E-3 0
16.776251 1.24951231E-3 0 9.77003481E-3 0
16.773752 1.25049253E-3 0 9.76237562E-3 0
16.771252 1.25011976E-3 0 9.76528693E-3 0
16.768751 1.249747E-3 0 9.76819918E-3 0
16.766251 1.25005015E-3 0 9.76583082E-3 0
16.763752 1.2496775E-3 0 9.76874307E-3 0
16.761251 1.24998007E-3 0 9.76637751E-3 0
16.758751 1.25028228E-3 0 9.76401754E-3 0
16.756252 1.24990928E-3 0 9.76693165E-3 0
16.753752 1.25021103E-3 0 9.76457354E-3 0
16.751251 1.24983792E-3 0 9.76748858E-3 0
16.748751 1.2501392E-3 0 9.76513512E-3 0
16.746252 1.24976609E-3 0 9.7680511E-3 0
16.743752 1.25006679E-3 0 9.76570044E-3 0
16.741251 1.24969357E-3 0 9.76861734E-3 0
16.738752 1.24999392E-3 0 9.76626948E-3 0
16.736252 1.2502938E-3 0 9.7639272E-3 0
16.733751 1.24992023E-3 0 9.76684503E-3 0
16.731251 1.25021965E-3 0 9.76450648E-3 0
16.728752 1.24984607E-3 0 9.76742525E-3 0
16.726252 1.25014503E-3 0 9.76508949E-3 0
16.723751 1.24977133E-3 0 9.76800919E-3 0
16.721252 1.25006982E-3 0 9.76567622E-3 0
16.718752 1.25036796E-3 0 9.76334885E-3 0
16.716251 1.24999392E-3 0 9.76626948E-3 0
16.713751 1.24962011E-3 0 9.76919103E-3 0
16.711252 1.24991767E-3 0 9.76686552E-3 0
16.708752 1.25021476E-3 0 9.76454467E-3 0
16.706251 1.24984072E-3 0 9.76746716E-3 0
16.703753 1.25013734E-3 0 9.76514909E-3 0
16.701252 1.24976318E-3 0 9.76807345E-3 0
16.698751 1.25005934E-3 0 9.76575911E-3 0
16.696251 1.25035504E-3 0 9.7634485E-3 0
16.69375 1.24998065E-3 0 9.76637378E-3 0
16.691252 1.24960637E-3 0 9.76929907E-3 0
16.688751 1.2499016E-3 0 9.76699125E-3 0
16.686253 1.25019636E-3 0 9.76468809E-3 0
16.683752 1.24982174E-3 0 9.76761524E-3 0
16.681252 1.25011615E-3 0 9.76531487E-3 0
16.678751 1.25040999E-3 0 9.76302009E-3 0
16.67625 1.25003513E-3 0 9.76594817E-3 0
16.673752 1.24966039E-3 0 9.76887625E-3 0
16.671251 1.24995387E-3 0 9.76658333E-3 0
16.668751 1.25024677E-3 0 9.76429414E-3 0
16.666252 1.2498718E-3 0 9.76722408E-3 0
16.663752 1.25016435E-3 0 9.76493862E-3 0
16.661251 1.24978926E-3 0 9.76786949E-3 0
16.658752 1.25008135E-3 0 9.76558682E-3 0
16.656252 1.24970614E-3 0 9.76851862E-3 0
16.653751 1.24999776E-3 0 9.76623967E-3 0
16.651251 1.25028891E-3 0 9.76396538E-3 0
16.648752 1.24991348E-3 0 9.76689812E-3 0
16.646252 1.25020416E-3 0 9.76462755E-3 0
16.643751 1.24982873E-3 0 9.76756122E-3 0
16.641251 1.25011895E-3 0 9.76529345E-3 0
16.638752 1.24974339E-3 0 9.76822805E-3 0
