READ SERR 1 2
@MgXI_windprof.pco
!
7.917501 2.50010751E-3 5.23347734E-3 6.95610885E-3 1.42750767E-4
7.9125009 2.4999606E-3 2.61689257E-3 6.07871637E-3 2.7534712E-4
7.9075007 2.50010868E-3 5.23347501E-3 6.95610559E-3 5.34266292E-4
7.9025006 2.49995012E-3 2.61690351E-3 6.07874151E-3 9.19598446E-4
7.897501 2.49978621E-3 5.23415022E-3 6.95700292E-3 1.38361054E-3
7.8925009 2.50021555E-3 5.23325149E-3 6.95580849E-3 1.89573958E-3
7.8875008 2.50003953E-3 5.23362029E-3 6.95629837E-3 2.45820661E-3
7.8825006 2.49985792E-3 7.85099994E-3 7.68479891E-3 3.07537778E-3
7.877501 2.49996921E-3 1.0467534E-2 8.32024962E-3 3.73318978E-3
7.8725009 2.50007398E-3 7.85032194E-3 7.68413488E-3 4.3849349E-3
7.8675008 2.49987515E-3 7.85094593E-3 7.68474629E-3 4.97033354E-3
7.8625007 2.50026491E-3 1.56994443E-2 9.4146328E-3 5.44821285E-3
7.8575006 2.4997571E-3 1.57026332E-2 9.41654481E-3 5.81690809E-3
7.8525009 2.50013405E-3 1.04668438E-2 8.31970107E-3 6.08806359E-3
7.8475008 2.4999117E-3 7.85083137E-3 7.6846336E-3 6.27931533E-3
7.8425007 2.49997969E-3 1.83181074E-2 9.9019371E-3 6.40136097E-3
7.837501 2.50004139E-3 7.85042439E-3 7.68423546E-3 6.47515804E-3
7.8325009 2.50009657E-3 1.30837513E-2 8.89149681E-3 6.51498931E-3
7.8275008 2.49985117E-3 7.85102136E-3 7.68481987E-3 6.51323935E-3
7.8225007 2.50018854E-3 1.5699923E-2 9.41491965E-3 6.36811275E-3
7.8175006 2.49993149E-3 1.83184613E-2 9.90212895E-3 5.85241849E-3
NO NO NO NO NO
7.917501 2.50010751E-3 2.61673867E-3 6.07835921E-3 1.07326181E-4
7.9125009 2.4999606E-3 2.61689257E-3 6.07871637E-3 2.0895862E-4
7.9075007 2.50010868E-3 1.046695E-2 8.31978489E-3 4.36101283E-4
7.9025006 2.49995012E-3 1.30845178E-2 8.89201742E-3 8.11321719E-4
7.897501 2.49978621E-3 7.85122532E-3 7.68501917E-3 1.29148643E-3
7.8925009 2.50021555E-3 7.84987677E-3 7.68369995E-3 1.83381385E-3
7.8875008 2.50003953E-3 5.23362029E-3 6.95629837E-3 2.43549747E-3
7.8825006 2.49985792E-3 2.09360011E-2 1.03581911E-2 3.10358196E-3
7.877501 2.49996921E-3 1.0467534E-2 8.32024962E-3 3.8323726E-3
7.8725009 2.50007398E-3 1.83174163E-2 9.90156364E-3 4.58737044E-3
7.8675008 2.49987515E-3 7.85094593E-3 7.68474629E-3 5.31429192E-3
7.8625007 2.50026491E-3 1.56994443E-2 9.4146328E-3 5.97122405E-3
7.8575006 2.4997571E-3 3.14052664E-2 1.19620413E-2 6.54944824E-3
7.8525009 2.50013405E-3 7.85013288E-3 7.68395048E-3 7.05098966E-3
7.8475008 2.4999117E-3 2.87863817E-2 1.15873748E-2 7.48794898E-3
7.8425007 2.49997969E-3 7.8506181E-3 7.68442452E-3 7.85495806E-3
7.837501 2.50004139E-3 3.14016975E-2 1.19606815E-2 8.14963877E-3
7.8325009 2.50009657E-3 1.04670012E-2 8.31982493E-3 8.37161671E-3
7.8275008 2.49985117E-3 5.23401424E-3 6.95682224E-3 8.51305202E-3
7.8225007 2.50018854E-3 1.30832698E-2 8.89116991E-3 8.48129112E-3
7.8175006 2.49993149E-3 1.83184613E-2 9.90212895E-3 8.01808108E-3
NO NO NO NO NO
7.9187508 1.25014712E-3 0 9.76507273E-3 3.1046709E-6
7.9162507 1.24996039E-3 0 9.76653211E-3 4.96601433E-6
7.9137506 1.25007425E-3 0 9.76564176E-3 1.17507143E-5
7.9112506 1.24988635E-3 0 9.76711046E-3 3.22944252E-5
7.9087505 1.24999869E-3 5.2337083E-3 1.21572539E-2 7.71921405E-5
7.9062505 1.25010998E-3 1.04664844E-2 1.39115918E-2 1.49133179E-4
7.9037504 1.24992023E-3 5.23403706E-3 1.21580176E-2 2.40224312E-4
7.9012508 1.25003001E-3 0 9.76598822E-3 3.396791E-4
7.8987508 1.24983897E-3 5.23437699E-3 1.21588064E-2 4.42366116E-4
7.8962512 1.24994735E-3 0 9.76663455E-3 5.46876458E-4
7.8937511 1.25005457E-3 0 9.76579543E-3 6.54421921E-4
7.8912506 1.25016097E-3 5.2330289E-3 1.21556753E-2 7.66781799E-4
7.8887506 1.24996726E-3 1.04676792E-2 1.39131807E-2 8.85975605E-4
7.8862505 1.25007215E-3 0 9.76565853E-3 1.01291819E-3
7.8837504 1.24987727E-3 5.23421634E-3 1.21584348E-2 1.14879617E-3
7.8812509 1.24998065E-3 5.23378374E-3 1.21574299E-2 1.29352603E-3
7.8787508 1.25008298E-3 0 9.76557471E-3 1.44731486E-3
7.8762507 1.24988623E-3 5.23417909E-3 1.21583473E-2 1.60819548E-3
7.8737507 1.24998705E-3 5.23375673E-3 1.21573666E-2 1.76965643E-3
7.8712506 1.25008693E-3 0 9.76554304E-3 1.92534423E-3
7.868751 1.24988833E-3 5.23417024E-3 1.21583268E-2 2.07224255E-3
7.866251 1.2499867E-3 5.23375813E-3 1.21573703E-2 2.20968481E-3
7.8637509 1.25008414E-3 0 9.7655654E-3 2.33844784E-3
7.8612504 1.25018065E-3 5.23294648E-3 1.21554844E-2 2.45737052E-3
7.8587503 1.24997937E-3 0 9.7663831E-3 2.56651011E-3
7.8562508 1.24977774E-3 5.23463357E-3 1.21594034E-2 2.66674836E-3
7.8537507 1.25016866E-3 1.56989899E-2 1.5366652E-2 2.75924709E-3
7.8512506 1.24996551E-3 1.57015417E-2 1.53691489E-2 2.84779584E-3
7.8487506 1.25005806E-3 0 9.76576935E-3 2.93075549E-3
7.8462505 1.24985375E-3 0 9.76736564E-3 3.00846156E-3
7.843751 1.24994479E-3 0 9.76665411E-3 3.07865185E-3
7.8412509 1.2500349E-3 5.2335565E-3 1.21569019E-2 3.14146397E-3
7.8387508 1.25012407E-3 1.04663661E-2 1.39114354E-2 3.19741736E-3
7.8362508 1.2499172E-3 0 9.76686925E-3 3.24866106E-3
7.8337507 1.25000498E-3 0 9.76618379E-3 3.29550379E-3
7.8312507 1.25009171E-3 0 9.76550579E-3 3.33887897E-3
7.8287506 1.24988297E-3 5.23419259E-3 1.2158379E-2 3.37995449E-3
7.826251 1.24996831E-3 5.23383543E-3 1.21575501E-2 3.4181599E-3
7.823751 1.25005259E-3 1.04669649E-2 1.39122307E-2 3.45057063E-3
7.8212504 1.25013606E-3 5.23313321E-3 1.21559184E-2 3.45863937E-3
7.8187504 1.24992477E-3 1.04680359E-2 1.39136538E-2 3.40186525E-3
NO NO NO NO NO
7.9187508 1.25014712E-3 0 9.76507273E-3 3.5085925E-6
7.9162507 1.24996039E-3 0 9.76653211E-3 6.18335525E-6
7.9137506 1.25007425E-3 1.57001745E-2 1.53678115E-2 1.4750326E-5
7.9112506 1.24988635E-3 0 9.76711046E-3 3.69491536E-5
7.9087505 1.24999869E-3 5.2337083E-3 1.21572539E-2 8.24104209E-5
7.9062505 1.25010998E-3 0 9.76536237E-3 1.53700646E-4
7.9037504 1.24992023E-3 0 9.76684596E-3 2.43279734E-4
7.9012508 1.25003001E-3 0 9.76598822E-3 3.40302271E-4
7.8987508 1.24983897E-3 1.0468754E-2 1.39146084E-2 4.3941426E-4
7.8962512 1.24994735E-3 0 9.76663455E-3 5.40153531E-4
7.8937511 1.25005457E-3 0 9.76579543E-3 6.43999956E-4
7.8912506 1.25016097E-3 0 9.76496469E-3 7.52546301E-4
7.8887506 1.24996726E-3 0 9.76647809E-3 8.6758734E-4
7.8862505 1.25007215E-3 5.2334005E-3 1.21565396E-2 9.89848515E-4
7.8837504 1.24987727E-3 0 9.76718124E-3 1.12045568E-3
7.8812509 1.24998065E-3 1.04675675E-2 1.39130326E-2 1.25931902E-3
7.8787508 1.25008298E-3 5.23335533E-3 1.21564344E-2 1.4063631E-3
7.8762507 1.24988623E-3 0 9.76711139E-3 1.55977171E-3
7.8737507 1.24998705E-3 0 9.76632349E-3 1.71350257E-3
7.8712506 1.25008693E-3 5.23333857E-3 1.21563952E-2 1.86162966E-3
7.868751 1.24988833E-3 5.23417024E-3 1.21583268E-2 2.00120918E-3
7.866251 1.2499867E-3 0 9.76632629E-3 2.13151798E-3
7.8637509 1.25008414E-3 0 9.7655654E-3 2.25394382E-3
7.8612504 1.25018065E-3 0 9.76481102E-3 2.36761384E-3
7.8587503 1.24997937E-3 5.23378886E-3 1.21574411E-2 2.47273594E-3
7.8562508 1.24977774E-3 1.57038998E-2 1.53714577E-2 2.57012015E-3
7.8537507 1.25016866E-3 0 9.76490509E-3 2.66076531E-3
7.8512506 1.24996551E-3 5.23384707E-3 1.21575771E-2 2.7480782E-3
7.8487506 1.25005806E-3 5.23345964E-3 1.21566765E-2 2.83000176E-3
7.8462505 1.24985375E-3 5.23431506E-3 1.21586639E-2 2.90659349E-3
7.843751 1.24994479E-3 1.04678674E-2 1.39134312E-2 2.9754797E-3
7.8412509 1.2500349E-3 5.2335565E-3 1.21569019E-2 3.03692278E-3
7.8387508 1.25012407E-3 0 9.7652534E-3 3.09143215E-3
7.8362508 1.2499172E-3 1.04680983E-2 1.39137376E-2 3.14085325E-3
7.8337507 1.25000498E-3 5.23368223E-3 1.21571934E-2 3.185326E-3
7.8312507 1.25009171E-3 1.0466638E-2 1.39117958E-2 3.22608347E-3
7.8287506 1.24988297E-3 1.04683852E-2 1.39141195E-2 3.26395012E-3
7.826251 1.24996831E-3 0 9.76647064E-3 3.2981704E-3
7.823751 1.25005259E-3 1.04669649E-2 1.39122307E-2 3.32451193E-3
7.8212504 1.25013606E-3 5.23313321E-3 1.21559184E-2 3.32302228E-3
7.8187504 1.24992477E-3 0 9.76681057E-3 3.25752003E-3
