READ SERR 1 2
@MgXI_pow+windprof.pco
!
7.917501 2.50010751E-3 5.23347734E-3 6.95610885E-3 6.36266917E-3
7.9125009 2.4999606E-3 2.61689257E-3 6.07871637E-3 6.51532644E-3
7.9075007 2.50010868E-3 5.23347501E-3 6.95610559E-3 6.80601038E-3
7.9025006 2.49995012E-3 2.61690351E-3 6.07874151E-3 7.22381193E-3
7.897501 2.49978621E-3 5.23415022E-3 6.95700292E-3 7.71429017E-3
7.8925009 2.50021555E-3 5.23325149E-3 6.95580849E-3 8.24769773E-3
7.8875008 2.50003953E-3 5.23362029E-3 6.95629837E-3 8.83166678E-3
7.8825006 2.49985792E-3 7.85099994E-3 7.68479891E-3 9.46878735E-3
7.877501 2.49996921E-3 1.0467534E-2 8.32024962E-3 1.01475194E-2
7.8725009 2.50007398E-3 7.85032194E-3 7.68413488E-3 1.08179422E-2
7.8675008 2.49987515E-3 7.85094593E-3 7.68474629E-3 1.14054075E-2
7.8625007 2.50026491E-3 1.56994443E-2 9.4146328E-3 1.18527682E-2
7.8575006 2.4997571E-3 1.57026332E-2 9.41654481E-3 1.2161511E-2
7.8525009 2.50013405E-3 1.04668438E-2 8.31970107E-3 1.23478575E-2
7.8475008 2.4999117E-3 7.85083137E-3 7.6846336E-3 1.24383355E-2
7.8425007 2.49997969E-3 1.83181074E-2 9.9019371E-3 1.24459229E-2
7.837501 2.50004139E-3 7.85042439E-3 7.68423546E-3 1.24079129E-2
7.8325009 2.50009657E-3 1.30837513E-2 8.89149681E-3 1.23590082E-2
7.8275008 2.49985117E-3 7.85102136E-3 7.68481987E-3 1.23098316E-2
7.8225007 2.50018854E-3 1.5699923E-2 9.41491965E-3 1.21563729E-2
7.8175006 2.49993149E-3 1.83184613E-2 9.90212895E-3 1.16495723E-2
NO NO NO NO NO
7.917501 2.50010751E-3 2.61673867E-3 6.07835921E-3 7.06368638E-3
7.9125009 2.4999606E-3 2.61689257E-3 6.07871637E-3 7.17418548E-3
7.9075007 2.50010868E-3 1.046695E-2 8.31978489E-3 7.43009895E-3
7.9025006 2.49995012E-3 1.30845178E-2 8.89201742E-3 7.84083363E-3
7.897501 2.49978621E-3 7.85122532E-3 7.68501917E-3 8.35299306E-3
7.8925009 2.50021555E-3 7.84987677E-3 7.68369995E-3 8.92237574E-3
7.8875008 2.50003953E-3 5.23362029E-3 6.95629837E-3 9.5524257E-3
7.8825006 2.49985792E-3 2.09360011E-2 1.03581911E-2 1.02475779E-2
7.877501 2.49996921E-3 1.0467534E-2 8.32024962E-3 1.10058412E-2
7.8725009 2.50007398E-3 1.83174163E-2 9.90156364E-3 1.18010091E-2
7.8675008 2.49987515E-3 7.85094593E-3 7.68474629E-3 1.25792185E-2
7.8625007 2.50026491E-3 1.56994443E-2 9.4146328E-3 1.32912425E-2
7.8575006 2.4997571E-3 3.14052664E-2 1.19620413E-2 1.3928365E-2
7.8525009 2.50013405E-3 7.85013288E-3 7.68395048E-3 1.44861331E-2
7.8475008 2.4999117E-3 2.87863817E-2 1.15873748E-2 1.49787618E-2
7.8425007 2.49997969E-3 7.8506181E-3 7.68442452E-3 1.53865525E-2
7.837501 2.50004139E-3 3.14016975E-2 1.19606815E-2 1.57000329E-2
7.8325009 2.50009657E-3 1.04670012E-2 8.31982493E-3 1.5921561E-2
7.8275008 2.49985117E-3 5.23401424E-3 6.95682224E-3 1.60572995E-2
7.8225007 2.50018854E-3 1.30832698E-2 8.89116991E-3 1.60228051E-2
7.8175006 2.49993149E-3 1.83184613E-2 9.90212895E-3 1.55555448E-2
NO NO NO NO NO
7.9187508 1.25014712E-3 0 9.76507273E-3 2.61997804E-3
7.9162507 1.24996039E-3 0 9.76653211E-3 2.62473524E-3
7.9137506 1.25007425E-3 0 9.76564176E-3 2.63877911E-3
7.9112506 1.24988635E-3 0 9.76711046E-3 2.67078565E-3
7.9087505 1.24999869E-3 5.2337083E-3 1.21572539E-2 2.72803265E-3
7.9062505 1.25010998E-3 1.04664844E-2 1.39115918E-2 2.81194132E-3
7.9037504 1.24992023E-3 5.23403706E-3 1.21580176E-2 2.91407132E-3
7.9012508 1.25003001E-3 0 9.76598822E-3 3.02171241E-3
7.8987508 1.24983897E-3 5.23437699E-3 1.21588064E-2 3.13126319E-3
7.8962512 1.24994735E-3 0 9.76663455E-3 3.24069243E-3
7.8937511 1.25005457E-3 0 9.76579543E-3 3.35265463E-3
7.8912506 1.25016097E-3 5.2330289E-3 1.21556753E-2 3.47019639E-3
7.8887506 1.24996726E-3 1.04676792E-2 1.39131807E-2 3.59718548E-3
7.8862505 1.25007215E-3 0 9.76565853E-3 3.73287802E-3
7.8837504 1.24987727E-3 5.23421634E-3 1.21584348E-2 3.87799903E-3
7.8812509 1.24998065E-3 5.23378374E-3 1.21574299E-2 4.03002184E-3
7.8787508 1.25008298E-3 0 9.76557471E-3 4.19114577E-3
7.8762507 1.24988623E-3 5.23417909E-3 1.21583473E-2 4.36179573E-3
7.8737507 1.24998705E-3 5.23375673E-3 1.21573666E-2 4.53356653E-3
7.8712506 1.25008693E-3 0 9.76554304E-3 4.69866721E-3
7.868751 1.24988833E-3 5.23417024E-3 1.21583268E-2 4.85478388E-3
7.866251 1.2499867E-3 5.23375813E-3 1.21573703E-2 5.00246044E-3
7.8637509 1.25008414E-3 0 9.7655654E-3 5.14369737E-3
7.8612504 1.25018065E-3 5.23294648E-3 1.21554844E-2 5.27513167E-3
7.8587503 1.24997937E-3 0 9.7663831E-3 5.39566623E-3
7.8562508 1.24977774E-3 5.23463357E-3 1.21594034E-2 5.50599955E-3
7.8537507 1.25016866E-3 1.56989899E-2 1.5366652E-2 5.60768647E-3
7.8512506 1.24996551E-3 1.57015417E-2 1.53691489E-2 5.70765464E-3
7.8487506 1.25005806E-3 0 9.76576935E-3 5.80188818E-3
7.8462505 1.24985375E-3 0 9.76736564E-3 5.89049887E-3
7.843751 1.24994479E-3 0 9.76665411E-3 5.968621E-3
7.8412509 1.2500349E-3 5.2335565E-3 1.21569019E-2 6.0362434E-3
7.8387508 1.25012407E-3 1.04663661E-2 1.39114354E-2 6.09414047E-3
7.8362508 1.2499172E-3 0 9.76686925E-3 6.14617812E-3
7.8337507 1.25000498E-3 0 9.76618379E-3 6.19275821E-3
7.8312507 1.25009171E-3 0 9.76550579E-3 6.23549474E-3
7.8287506 1.24988297E-3 5.23419259E-3 1.2158379E-2 6.27642637E-3
7.826251 1.24996831E-3 5.23383543E-3 1.21575501E-2 6.31484296E-3
7.823751 1.25005259E-3 1.04669649E-2 1.39122307E-2 6.34856848E-3
7.8212504 1.25013606E-3 5.23313321E-3 1.21559184E-2 6.35683862E-3
7.8187504 1.24992477E-3 1.04680359E-2 1.39136538E-2 6.29829103E-3
NO NO NO NO NO
7.9187508 1.25014712E-3 0 9.76507273E-3 2.51137186E-3
7.9162507 1.24996039E-3 0 9.76653211E-3 2.51785223E-3
7.9137506 1.25007425E-3 1.57001745E-2 1.53678115E-2 2.53400439E-3
7.9112506 1.24988635E-3 0 9.76711046E-3 2.56738462E-3
7.9087505 1.24999869E-3 5.2337083E-3 1.21572539E-2 2.62464001E-3
7.9062505 1.25010998E-3 0 9.76536237E-3 2.70735426E-3
7.9037504 1.24992023E-3 0 9.76684596E-3 2.80755316E-3
7.9012508 1.25003001E-3 0 9.76598822E-3 2.91267387E-3
7.8987508 1.24983897E-3 1.0468754E-2 1.39146084E-2 3.01868725E-3
7.8962512 1.24994735E-3 0 9.76663455E-3 3.12450225E-3
7.8937511 1.25005457E-3 0 9.76579543E-3 3.23298201E-3
7.8912506 1.25016097E-3 0 9.76496469E-3 3.34653724E-3
7.8887506 1.24996726E-3 0 9.76647809E-3 3.46845039E-3
7.8862505 1.25007215E-3 5.2334005E-3 1.21565396E-2 3.59770237E-3
7.8837504 1.24987727E-3 0 9.76718124E-3 3.73528944E-3
7.8812509 1.24998065E-3 1.04675675E-2 1.39130326E-2 3.87932989E-3
7.8787508 1.25008298E-3 5.23335533E-3 1.21564344E-2 4.03166609E-3
7.8762507 1.24988623E-3 0 9.76711139E-3 4.19314206E-3
7.8737507 1.24998705E-3 0 9.76632349E-3 4.35612258E-3
7.8712506 1.25008693E-3 5.23333857E-3 1.21563952E-2 4.51335404E-3
7.868751 1.24988833E-3 5.23417024E-3 1.21583268E-2 4.66219289E-3
7.866251 1.2499867E-3 0 9.76632629E-3 4.8026531E-3
7.8637509 1.25008414E-3 0 9.7655654E-3 4.9378695E-3
7.8612504 1.25018065E-3 0 9.76481102E-3 5.06493775E-3
7.8587503 1.24997937E-3 5.23378886E-3 1.21574411E-2 5.18300058E-3
7.8562508 1.24977774E-3 1.57038998E-2 1.53714577E-2 5.29263401E-3
7.8537507 1.25016866E-3 0 9.76490509E-3 5.39510231E-3
7.8512506 1.24996551E-3 5.23384707E-3 1.21575771E-2 5.49661228E-3
7.8487506 1.25005806E-3 5.23345964E-3 1.21566765E-2 5.59233408E-3
7.8462505 1.24985375E-3 5.23431506E-3 1.21586639E-2 5.68190077E-3
7.843751 1.24994479E-3 1.04678674E-2 1.39134312E-2 5.76029392E-3
7.8412509 1.2500349E-3 5.2335565E-3 1.21569019E-2 5.82780177E-3
7.8387508 1.25012407E-3 0 9.7652534E-3 5.88522619E-3
7.8362508 1.2499172E-3 1.04680983E-2 1.39137376E-2 5.93592366E-3
7.8337507 1.25000498E-3 5.23368223E-3 1.21571934E-2 5.9800148E-3
7.8312507 1.25009171E-3 1.0466638E-2 1.39117958E-2 6.01972919E-3
7.8287506 1.24988297E-3 1.04683852E-2 1.39141195E-2 6.05658675E-3
7.826251 1.24996831E-3 0 9.76647064E-3 6.08997699E-3
7.823751 1.25005259E-3 1.04669649E-2 1.39122307E-2 6.1169262E-3
7.8212504 1.25013606E-3 5.23313321E-3 1.21559184E-2 6.11591758E-3
7.8187504 1.24992477E-3 0 9.76681057E-3 6.04960416E-3
