READ SERR 1 2
@MgXI_He_Hewind.pco
!
9.397501 2.50023045E-3 2.61661015E-3 6.07806025E-3 1.30795859E-4
9.3925009 2.49969121E-3 2.61717476E-3 6.07937155E-3 2.13136824E-4
9.3875008 2.49999622E-3 2.61685532E-3 6.07862975E-3 4.03198268E-4
9.3825006 2.5002961E-3 7.84962438E-3 7.68345222E-3 7.74269516E-4
9.3775005 2.49974569E-3 2.61711748E-3 6.07923884E-3 1.31782517E-3
9.3725014 2.50003696E-3 1.04672508E-2 8.32002424E-3 1.94046739E-3
9.3675013 2.49990146E-3 5.233909E-3 6.95668254E-3 2.56745028E-3
9.3625011 2.50018318E-3 7.84997921E-3 7.68379914E-3 3.1774994E-3
9.357501 2.50003906E-3 5.23362076E-3 6.9562993E-3 3.77197517E-3
9.3525009 2.49989121E-3 1.57017913E-2 9.41604003E-3 4.35496448E-3
9.3475008 2.5001592E-3 1.04667386E-2 8.31961725E-3 4.93390625E-3
9.3425007 2.50000274E-3 1.04673933E-2 8.32013786E-3 5.5166618E-3
9.3375006 2.49984255E-3 1.30850803E-2 8.89240019E-3 6.0971207E-3
9.3325005 2.50009703E-3 1.57004986E-2 9.41526424E-3 6.65403064E-3
9.3275003 2.49992847E-3 1.57015566E-2 9.4158994E-3 7.16785062E-3
9.3225002 2.50017364E-3 2.09333561E-2 1.03568835E-2 7.62786949E-3
9.3175001 2.49999645E-3 1.04674203E-2 8.32015835E-3 8.0426624E-3
9.312501 2.49981578E-3 1.30852209E-2 8.89249612E-3 8.42471048E-3
9.3075008 2.50004744E-3 2.35512163E-2 1.07877627E-2 8.79762601E-3
9.3025007 2.49985815E-3 1.04679987E-2 8.32061842E-3 9.20953695E-3
9.2975006 2.50008074E-3 7.85030052E-3 7.68411439E-3 9.69568081E-3
9.2925014 2.4998833E-3 2.09357888E-2 1.03580859E-2 1.02507323E-2
9.2875013 2.50009657E-3 1.83172524E-2 9.90147516E-3 1.07948286E-2
9.2825012 2.49989075E-3 1.30848289E-2 8.89222976E-3 1.12155396E-2
9.2775011 2.50009494E-3 1.30837606E-2 8.89150333E-3 1.14811379E-2
9.272501 2.49988073E-3 2.61697602E-2 1.11973062E-2 1.17155882E-2
9.2675009 2.50007585E-3 1.83174033E-2 9.90155712E-3 1.20685939E-2
9.2625008 2.50026584E-3 1.30828656E-2 8.89089517E-3 1.26380986E-2
9.2575006 2.49962718E-3 5.23448316E-3 6.95744529E-3 1.3472395E-2
9.2525015 2.50022043E-3 2.35495847E-2 1.07870158E-2 1.45588461E-2
9.2475004 2.49998551E-3 2.35517975E-2 1.07880291E-2 1.59358419E-2
9.2425003 2.50015757E-3 3.66336107E-2 1.26662618E-2 1.77522972E-2
9.2375002 2.4999145E-3 1.83185861E-2 9.902196E-3 2.01655403E-2
9.232501 2.50007748E-3 2.61677038E-2 1.11964261E-2 2.30659135E-2
9.2275009 2.49982625E-3 3.92554961E-2 1.30030615E-2 2.61745416E-2
9.2225008 2.49998039E-3 4.71036956E-2 1.39482608E-2 2.9293187E-2
9.2175007 2.5001294E-3 3.14005911E-2 1.19602606E-2 3.23734879E-2
9.2125006 2.49986583E-3 2.61699185E-2 1.11973742E-2 3.53783704E-2
9.2075014 2.500006E-3 4.71032113E-2 1.39481174E-2 3.80356684E-2
9.2025003 2.50014127E-3 4.44839597E-2 1.36410706E-2 3.97022404E-2
9.1975012 2.49986537E-3 4.9722854E-2 1.42471604E-2 4.00154479E-2
9.1925011 2.4999918E-3 3.40191796E-2 1.23204365E-2 3.96313518E-2
9.187501 2.50011357E-3 5.75681143E-2 1.50977522E-2 3.95704322E-2
9.1825008 2.49982532E-3 4.18725498E-2 1.33277085E-2 4.01824266E-2
9.1775007 2.49993801E-3 4.18706574E-2 1.33271068E-2 4.12721448E-2
9.1725016 2.50004628E-3 4.97192591E-2 1.42461294E-2 4.26417999E-2
9.1675005 2.50014942E-3 4.44838144E-2 1.36410259E-2 4.4176016E-2
9.1625013 2.49984465E-3 5.49572967E-2 1.48219559E-2 4.57903519E-2
9.1575012 2.49993918E-3 6.28059655E-2 1.56359021E-2 4.73240949E-2
9.1525011 2.50002882E-3 3.66354957E-2 1.26669127E-2 4.85397875E-2
9.147501 2.50011403E-3 4.97179106E-2 1.42457429E-2 4.90153283E-2
9.1425009 2.50019436E-3 7.58827925E-2 1.68887787E-2 4.77683023E-2
9.1375008 2.49986863E-3 5.75737543E-2 1.50992312E-2 4.35344838E-2
9.1325006 2.49994034E-3 1.57014839E-2 9.4158547E-3 3.64533477E-2
9.1275005 2.50000716E-3 1.83179062E-2 9.90182813E-3 2.84329839E-2
9.1225004 2.50006956E-3 2.35510077E-2 1.07876668E-2 2.11398546E-2
9.1175003 2.50012707E-3 2.35504657E-2 1.0787419E-2 1.50365531E-2
9.1125011 2.49978085E-3 2.6170807E-3 6.07915316E-3 1.00419717E-2
9.107501 2.50022858E-3 2.09328979E-2 1.03566553E-2 6.07480435E-3
9.1025009 2.49987398E-3 1.04679335E-2 8.32056627E-3 3.22698103E-3
9.0975008 2.49991356E-3 1.30847087E-2 8.8921478E-3 1.55665888E-3
9.0925007 2.49994872E-3 7.85071496E-3 7.68451998E-3 8.02504248E-4
9.0875015 2.49997899E-3 5.23374649E-3 6.95646647E-3 5.1007641E-4
9.0825014 2.50000483E-3 5.23369247E-3 6.95639476E-3 3.75617034E-4
9.0775013 2.50002602E-3 2.61682412E-3 6.07855711E-3 2.94079917E-4
9.0725012 2.50004255E-3 2.61680689E-3 6.07851706E-3 2.36533859E-4
9.0675011 2.50005443E-3 7.85038248E-3 7.68419495E-3 1.92552179E-4
NO NO NO NO NO
9.397501 2.50023045E-3 0 4.88266116E-3 3.65265405E-5
9.3925009 2.49969121E-3 2.61717476E-3 6.07937155E-3 5.7231282E-5
9.3875008 2.49999622E-3 2.61685532E-3 6.07862975E-3 1.1334521E-4
9.3825006 2.5002961E-3 0 4.8825331E-3 2.39971472E-4
9.3775005 2.49974569E-3 0 4.88360785E-3 4.42826014E-4
9.3725014 2.50003696E-3 2.61681271E-3 6.07853057E-3 6.80176425E-4
9.3675013 2.49990146E-3 0 4.88330377E-3 9.12403921E-4
9.3625011 2.50018318E-3 2.61665951E-3 6.07817527E-3 1.13426836E-3
9.357501 2.50003906E-3 0 4.88303462E-3 1.35566236E-3
9.3525009 2.49989121E-3 5.23393042E-3 6.95671095E-3 1.5844648E-3
9.3475008 2.5001592E-3 2.61668465E-3 6.07823348E-3 1.82625966E-3
9.3425007 2.50000274E-3 5.23369666E-3 6.95640035E-3 2.08455836E-3
9.3375006 2.49984255E-3 5.2340324E-3 6.95684599E-3 2.35913135E-3
9.3325005 2.50009703E-3 7.8502493E-3 7.68406363E-3 2.64703226E-3
9.3275003 2.49992847E-3 7.85077829E-3 7.68458238E-3 2.93863751E-3
9.3225002 2.50017364E-3 5.23333903E-3 6.95592491E-3 3.21088242E-3
9.3175001 2.49999645E-3 1.04674203E-2 8.32015835E-3 3.44479759E-3
9.312501 2.49981578E-3 1.04681766E-2 8.32075998E-3 3.62916291E-3
9.3075008 2.50004744E-3 5.23360353E-3 6.95627602E-3 3.75270098E-3
9.3025007 2.49985815E-3 7.85099901E-3 7.68479798E-3 3.81820393E-3
9.2975006 2.50008074E-3 2.61676684E-3 6.0784244E-3 3.85021046E-3
9.2925014 2.4998833E-3 0 4.88333916E-3 3.8723005E-3
9.2875013 2.50009657E-3 1.83172524E-2 9.90147516E-3 3.87307932E-3
9.2825012 2.49989075E-3 1.30848289E-2 8.89222976E-3 3.82373994E-3
9.2775011 2.50009494E-3 1.04670087E-2 8.31983145E-3 3.72051471E-3
9.272501 2.49988073E-3 1.04679046E-2 8.32054392E-3 3.61498771E-3
9.2675009 2.50007585E-3 2.61677196E-3 6.07843604E-3 3.57532129E-3
9.2625008 2.50026584E-3 5.23314625E-3 6.9556688E-3 3.65839759E-3
9.2575006 2.49962718E-3 7.85172451E-3 7.68550811E-3 3.89508973E-3
9.2525015 2.50022043E-3 0 4.88268072E-3 4.26550023E-3
9.2475004 2.49998551E-3 2.61686649E-3 6.07865583E-3 4.7331024E-3
9.2425003 2.50015757E-3 2.61668651E-3 6.07823767E-3 5.29210316E-3
9.2375002 2.4999145E-3 1.0467764E-2 8.32043123E-3 5.96731016E-3
9.232501 2.50007748E-3 2.61677033E-3 6.07843231E-3 6.71112398E-3
9.2275009 2.49982625E-3 0 4.88345046E-3 7.40418257E-3
9.2225008 2.49998039E-3 7.85061624E-3 7.68442312E-3 7.98127055E-3
9.2175007 2.5001294E-3 1.83170121E-2 9.90134478E-3 8.49460531E-3
9.2125006 2.49986583E-3 1.0467967E-2 8.32059328E-3 9.05490853E-3
9.2075014 2.500006E-3 1.30842254E-2 8.89181904E-3 9.74248536E-3
9.2025003 2.50014127E-3 2.35503316E-2 1.07873576E-2 1.04781976E-2
9.1975012 2.49986537E-3 7.85097666E-3 7.68477609E-3 1.10631604E-2
9.1925011 2.4999918E-3 1.30842999E-2 8.89186934E-3 1.145925E-2
9.187501 2.50011357E-3 2.35505924E-2 1.07874768E-2 1.18332952E-2
9.1825008 2.49982532E-3 1.57022066E-2 9.4162887E-3 1.22757275E-2
9.1775007 2.49993801E-3 5.23383217E-3 6.95658056E-3 1.27053075E-2
9.1725016 2.50004628E-3 1.30840149E-2 8.89167655E-3 1.29984226E-2
9.1675005 2.50014942E-3 5.23338979E-3 6.95599243E-3 1.3080935E-2
9.1625013 2.49984465E-3 1.30850701E-2 8.89239367E-3 1.298803E-2
9.1575012 2.49993918E-3 1.83184054E-2 9.90209822E-3 1.28209479E-2
9.1525011 2.50002882E-3 1.83177479E-2 9.90174245E-3 1.26657737E-2
9.147501 2.50011403E-3 1.57003924E-2 9.41520091E-3 1.25577161E-2
9.1425009 2.50019436E-3 5.23329619E-3 6.95586763E-3 1.24172783E-2
9.1375008 2.49986863E-3 5.23397792E-3 6.95677381E-3 1.19619891E-2
9.1325006 2.49994034E-3 1.3084569E-2 8.89205281E-3 1.09720035E-2
9.1275005 2.50000716E-3 5.23368735E-3 6.95638778E-3 9.59989335E-3
9.1225004 2.50006956E-3 7.85033591E-3 7.68414885E-3 8.09089467E-3
9.1175003 2.50012707E-3 5.23343682E-3 6.95605483E-3 6.51775906E-3
9.1125011 2.49978085E-3 1.57024842E-2 9.4164554E-3 4.90625249E-3
9.107501 2.50022858E-3 1.0466449E-2 8.31938628E-3 3.33420024E-3
9.1025009 2.49987398E-3 5.23396675E-3 6.95675891E-3 1.97011069E-3
9.0975008 2.49991356E-3 1.04677668E-2 8.32043402E-3 1.00956217E-3
9.0925007 2.49994872E-3 7.85071496E-3 7.68451998E-3 4.94856387E-4
9.0875015 2.49997899E-3 5.23374649E-3 6.95646647E-3 2.71264726E-4
9.0825014 2.50000483E-3 5.23369247E-3 6.95639476E-3 1.72021217E-4
9.0775013 2.50002602E-3 5.23364823E-3 6.95633562E-3 1.21837067E-4
9.0725012 2.50004255E-3 2.61680689E-3 6.07851706E-3 9.33782503E-5
9.0675011 2.50005443E-3 0 4.88300482E-3 7.43459968E-5
NO NO NO NO NO
9.3987513 1.24981091E-3 5.23449434E-3 1.21590802E-2 2.20580932E-6
9.3962507 1.25041942E-3 0 9.76294652E-3 2.62803269E-6
9.3937511 1.2497541E-3 0 9.76814423E-3 3.3515048E-6
9.3912506 1.24993699E-3 5.23396628E-3 1.21578537E-2 5.60509852E-6
9.388751 1.25011918E-3 0 9.76529159E-3 1.44375945E-5
9.3862505 1.24987704E-3 0 9.7671831E-3 4.26792103E-5
9.3837509 1.25005795E-3 0 9.76576935E-3 1.07184344E-4
9.3812504 1.25023816E-3 5.23270573E-3 1.21549256E-2 2.14162515E-4
9.3787508 1.24999462E-3 0 9.76626389E-3 3.52081057E-4
9.3762512 1.24975108E-3 0 9.76816751E-3 5.01625764E-4
9.3737507 1.24992966E-3 0 9.76677239E-3 6.50402973E-4
9.3712511 1.25010731E-3 0 9.76538379E-3 7.93607207E-4
9.3687515 1.24986249E-3 0 9.76729766E-3 9.31021757E-4
9.366251 1.25003897E-3 5.23353927E-3 1.21568618E-2 1.06278411E-3
9.3637505 1.25021476E-3 0 9.76454467E-3 1.18988834E-3
9.3612509 1.24996854E-3 5.2338345E-3 1.21575473E-2 1.31345063E-3
9.3587503 1.25014305E-3 0 9.76510532E-3 1.43329171E-3
9.3562508 1.24989601E-3 1.04682762E-2 1.39139732E-2 1.55104639E-3
9.3537502 1.25006947E-3 1.04668243E-2 1.39120435E-2 1.66648324E-3
9.3512506 1.24982174E-3 0 9.76761524E-3 1.78148143E-3
9.3487511 1.24999392E-3 5.23372786E-3 1.21572996E-2 1.89555017E-3
9.3462505 1.25016528E-3 5.23301074E-3 1.21556334E-2 2.0098635E-3
9.343751 1.24991627E-3 1.04681067E-2 1.39137479E-2 2.12575123E-3
9.3412504 1.25008659E-3 1.57000218E-2 1.53676607E-2 2.24225176E-3
9.3387508 1.24983676E-3 0 9.76749789E-3 2.36074254E-3
9.3362513 1.25000579E-3 0 9.76617634E-3 2.47866753E-3
9.3337507 1.25017413E-3 0 9.76486225E-3 2.59488821E-3
9.3312502 1.24992302E-3 5.23402495E-3 1.21579897E-2 2.70809629E-3
9.3287506 1.25009008E-3 1.56999771E-2 1.53676169E-2 2.81492923E-3
9.326251 1.24983839E-3 5.23437979E-3 1.21588139E-2 2.91668554E-3
9.3237505 1.25000428E-3 0 9.76618938E-3 3.01179057E-3
9.3212509 1.25016936E-3 1.56989805E-2 1.53666427E-2 3.10170068E-3
9.3187504 1.24991627E-3 0 9.7668767E-3 3.1876571E-3
9.3162508 1.2500803E-3 0 9.7655952E-3 3.26732895E-3
9.3137503 1.24982651E-3 1.04688583E-2 1.39147481E-2 3.34279728E-3
9.3112507 1.24998926E-3 0 9.76630673E-3 3.41209583E-3
9.3087511 1.2501512E-3 0 9.76504106E-3 3.47686E-3
9.3062506 1.24989613E-3 1.04682753E-2 1.39139723E-2 3.54001368E-3
9.303751 1.25005702E-3 0 9.76577681E-3 3.60439741E-3
9.3012505 1.24980125E-3 1.04690697E-2 1.39150294E-2 3.68048227E-3
9.2987509 1.24996097E-3 1.04677323E-2 1.39132515E-2 3.77134699E-3
9.2962513 1.25011976E-3 5.2332012E-3 1.21560758E-2 3.87747283E-3
9.2937508 1.24986272E-3 0 9.76729486E-3 3.99576919E-3
9.2912512 1.25002046E-3 2.09344681E-2 1.66400205E-2 4.12091427E-3
9.2887506 1.25017739E-3 1.046592E-2 1.39108421E-2 4.25168499E-3
9.2862511 1.24991906E-3 5.23404172E-3 1.21580279E-2 4.38122544E-3
9.2837505 1.25007483E-3 1.04667787E-2 1.3911983E-2 4.48899576E-3
9.281251 1.2498158E-3 1.04689477E-2 1.39148664E-2 4.56018141E-3
9.2787514 1.24997052E-3 1.04676522E-2 1.39131444E-2 4.59054206E-3
9.2762508 1.2501243E-3 1.04663642E-2 1.39114326E-2 4.59885085E-3
9.2737513 1.24986412E-3 0 9.76728462E-3 4.60727187E-3
9.2712517 1.25001674E-3 3.14017944E-2 1.88310072E-2 4.62535443E-3
9.2687511 1.25016866E-3 1.56989899E-2 1.53666511E-2 4.66113864E-3
9.2662506 1.24990719E-3 0 9.76694841E-3 4.71974118E-3
9.263751 1.25005795E-3 1.04669202E-2 1.39121721E-2 4.80199279E-3
9.2612505 1.25020789E-3 1.04656648E-2 1.39105031E-2 4.91426419E-3
9.2587509 1.24994514E-3 1.04678655E-2 1.39134275E-2 5.06210048E-3
9.2562513 1.24968216E-3 5.23503358E-3 1.21603329E-2 5.24215214E-3
9.2537508 1.25024223E-3 5.23268851E-3 1.21548856E-2 5.43729449E-3
9.2512512 1.2499782E-3 1.57013815E-2 1.53689925E-2 5.63026173E-3
9.2487507 1.25012512E-3 1.04663577E-2 1.39114233E-2 5.79615124E-3
9.2462511 1.24986039E-3 0 9.76731349E-3 5.94320055E-3
9.2437506 1.25000626E-3 5.23367664E-3 1.21571803E-2 6.09687576E-3
9.241251 1.25015131E-3 0 9.76504106E-3 6.29350916E-3
9.2387505 1.2498853E-3 5.23418328E-3 1.21583566E-2 6.55937614E-3
9.2362509 1.25002919E-3 1.04671614E-2 1.39124915E-2 6.89165806E-3
9.2337513 1.24976248E-3 3.66428792E-2 1.98074766E-2 7.27178575E-3
9.2312508 1.25031488E-3 0 9.76376329E-3 7.65786786E-3
9.2287502 1.25004712E-3 5.23350574E-3 1.21567827E-2 8.04306474E-3
9.2262506 1.24977925E-3 2.09385101E-2 1.66432336E-2 8.4297955E-3
9.2237511 1.24992011E-3 1.04680751E-2 1.39137059E-2 8.83991085E-3
9.2212505 1.25006016E-3 5.23345079E-3 1.2156656E-2 9.30568576E-3
9.218751 1.25019951E-3 1.04657346E-2 1.39105963E-2 9.84521117E-3
9.2162504 1.24992989E-3 1.04679931E-2 1.3913597E-2 1.04651097E-2
9.2137508 1.25006808E-3 3.14005055E-2 1.8830236E-2 1.11505799E-2
9.2112503 1.24979776E-3 5.23454975E-3 1.21592088E-2 1.18947718E-2
9.2087507 1.2499349E-3 5.23397559E-3 1.21578751E-2 1.26713375E-2
9.2062511 1.25007122E-3 1.04668094E-2 1.3912024E-2 1.3451105E-2
9.2037506 1.25020673E-3 5.23283752E-3 1.21552311E-2 1.41467368E-2
9.201251 1.24993466E-3 0 9.76673327E-3 1.46188391E-2
9.1987505 1.25006912E-3 1.57002416E-2 1.53678758E-2 1.47573166E-2
9.1962509 1.24979625E-3 1.5703667E-2 1.53712295E-2 1.46301007E-2
9.1937513 1.24992966E-3 2.09359899E-2 1.66412313E-2 1.44070545E-2
9.1912508 1.25006225E-3 1.57003272E-2 1.53679596E-2 1.42461481E-2
9.1887512 1.25019404E-3 2.61644516E-2 1.77809205E-2 1.42043205E-2
9.1862507 1.24991953E-3 5.23403985E-3 1.21580241E-2 1.4279549E-2
9.1837511 1.25005015E-3 1.04669854E-2 1.39122577E-2 1.44330803E-2
9.1812506 1.24977506E-3 1.04692895E-2 1.39153209E-2 1.46471187E-2
9.178751 1.24990463E-3 2.0936409E-2 1.66415628E-2 1.4892837E-2
9.1762514 1.2500335E-3 5.23356255E-3 1.21569159E-2 1.51637765E-2
9.1737509 1.25016156E-3 1.56990793E-2 1.53667387E-2 1.54566942E-2
9.1712513 1.2498846E-3 2.09367443E-2 1.66418292E-2 1.57769993E-2
9.1687508 1.25001161E-3 5.23365429E-3 1.21571282E-2 1.61124691E-2
9.1662512 1.25013781E-3 2.61656288E-2 1.77817214E-2 1.64658204E-2
9.1637506 1.24985969E-3 5.23429038E-3 1.21586053E-2 1.68417767E-2
9.1612511 1.24998484E-3 2.61688307E-2 1.7783897E-2 1.72305014E-2
9.1587505 1.25010917E-3 5.23324544E-3 1.21561792E-2 1.76302791E-2
9.156251 1.24982989E-3 1.57032441E-2 1.5370816E-2 1.80360489E-2
9.1537504 1.25035585E-3 3.13932784E-2 1.88258998E-2 1.84210874E-2
9.1512508 1.24967296E-3 1.57052167E-2 1.53727457E-2 1.88095458E-2
9.1487513 1.25019753E-3 3.66301313E-2 1.98005866E-2 1.91621184E-2
9.1462507 1.2499165E-3 2.09362097E-2 1.66414063E-2 1.94961578E-2
9.1437511 1.25003711E-3 3.66348289E-2 1.98031254E-2 1.97414681E-2
9.1412506 1.25015713E-3 1.56991351E-2 1.53667936E-2 1.97492521E-2
9.138751 1.24987483E-3 2.09369063E-2 1.66419595E-2 1.9273283E-2
9.1362505 1.24999369E-3 3.14023718E-2 1.88313555E-2 1.81364436E-2
9.1337509 1.25011185E-3 1.56997032E-2 1.53673496E-2 1.64523348E-2
9.1312504 1.24982849E-3 1.04688425E-2 1.39147257E-2 1.45343048E-2
9.1287508 1.24994549E-3 1.57017931E-2 1.53693948E-2 1.26344552E-2
9.1262512 1.25006179E-3 5.23344427E-3 1.21566402E-2 1.08830743E-2
9.1237507 1.25017727E-3 2.09318418E-2 1.66379344E-2 9.3081845E-3
9.1212511 1.24989217E-3 5.23415394E-3 1.21582896E-2 7.89823662E-3
9.1187506 1.25000672E-3 1.04673496E-2 1.3912742E-2 6.62797876E-3
9.116251 1.25012035E-3 0 9.76528227E-3 5.48264105E-3
9.1137505 1.2498342E-3 0 9.76751838E-3 4.44760732E-3
9.1112509 1.24994677E-3 5.2339253E-3 1.21577587E-2 3.50558315E-3
9.1087513 1.25005865E-3 5.23345685E-3 1.215667E-2 2.64803087E-3
9.1062508 1.25016982E-3 0 9.76489577E-3 1.87304278E-3
9.1037502 1.24988193E-3 0 9.76714492E-3 1.19958329E-3
9.1012506 1.24999206E-3 0 9.76628531E-3 6.68855442E-4
9.0987511 1.25010137E-3 0 9.76543035E-3 3.16698541E-4
9.0962505 1.24981231E-3 0 9.76768974E-3 1.3060667E-4
9.093751 1.24992058E-3 0 9.76684317E-3 5.33176317E-5
9.0912514 1.25002814E-3 5.2335849E-3 1.2156968E-2 2.70392211E-5
9.0887508 1.2501349E-3 0 9.76516865E-3 1.88683371E-5
9.0862513 1.24984421E-3 5.23435511E-3 1.21587571E-2 1.52014145E-5
9.0837507 1.24994991E-3 5.23391226E-3 1.2157728E-2 1.26927916E-5
9.0812511 1.25005492E-3 0 9.76579357E-3 1.07531414E-5
9.0787506 1.25015923E-3 0 9.76497866E-3 9.2054961E-6
9.076251 1.24986679E-3 0 9.7672632E-3 7.95635606E-6
9.0737514 1.24997005E-3 0 9.76645667E-3 6.9342459E-6
9.0712509 1.2500725E-3 0 9.76565573E-3 6.09386507E-6
9.0687504 1.25017425E-3 5.23297302E-3 1.21555459E-2 5.399771E-6
NO NO NO NO NO
9.3987513 1.24981091E-3 0 9.76769999E-3 1.97469376E-6
9.3962507 1.25041942E-3 0 9.76294652E-3 2.40209442E-6
9.3937511 1.2497541E-3 0 9.76814423E-3 3.2159387E-6
9.3912506 1.24993699E-3 0 9.76671465E-3 5.78254594E-6
9.388751 1.25011918E-3 5.23320399E-3 1.21560823E-2 1.4432424E-5
9.3862505 1.24987704E-3 0 9.7671831E-3 3.77665965E-5
9.3837509 1.25005795E-3 0 9.76576935E-3 8.76493796E-5
9.3812504 1.25023816E-3 0 9.76436213E-3 1.6943182E-4
9.3787508 1.24999462E-3 0 9.76626389E-3 2.76565959E-4
9.3762512 1.24975108E-3 0 9.76816751E-3 3.96325573E-4
9.3737507 1.24992966E-3 5.23399748E-3 1.21579254E-2 5.19775029E-4
9.3712511 1.25010731E-3 5.23325335E-3 1.21561969E-2 6.44412416E-4
9.3687515 1.24986249E-3 5.23427874E-3 1.21585792E-2 7.70263083E-4
9.366251 1.25003897E-3 0 9.76591744E-3 8.96477024E-4
9.3637505 1.25021476E-3 5.23280399E-3 1.21551529E-2 1.02198927E-3
9.3612509 1.24996854E-3 0 9.76646878E-3 1.14541186E-3
9.3587503 1.25014305E-3 5.23310388E-3 1.21558504E-2 1.26402511E-3
9.3562508 1.24989601E-3 0 9.76703502E-3 1.37734367E-3
9.3537502 1.25006947E-3 0 9.76567995E-3 1.48480479E-3
9.3512506 1.24982174E-3 5.23444917E-3 1.2158975E-2 1.5892206E-3
9.3487511 1.24999392E-3 1.04674557E-2 1.39128836E-2 1.6916747E-3
9.3462505 1.25016528E-3 0 9.76493116E-3 1.79408235E-3
9.343751 1.24991627E-3 0 9.7668767E-3 1.8978822E-3
9.3412504 1.25008659E-3 0 9.76554677E-3 2.00223038E-3
9.3387508 1.24983676E-3 1.04687726E-2 1.39146335E-2 2.10830802E-3
9.3362513 1.25000579E-3 1.04673561E-2 1.39127513E-2 2.21373304E-3
9.3337507 1.25017413E-3 0 9.76486225E-3 2.31730356E-3
9.3312502 1.24992302E-3 5.23402495E-3 1.21579897E-2 2.41774321E-3
9.3287506 1.25009008E-3 5.23332553E-3 1.21563645E-2 2.51191086E-3
9.326251 1.24983839E-3 1.04687596E-2 1.39146158E-2 2.60077557E-3
9.3237505 1.25000428E-3 0 9.76618938E-3 2.68260576E-3
9.3212509 1.25016936E-3 5.23299351E-3 1.21555943E-2 2.75853532E-3
9.3187504 1.24991627E-3 5.23405336E-3 1.21580549E-2 2.82996544E-3
9.3162508 1.2500803E-3 5.23336697E-3 1.21564604E-2 2.89555453E-3
9.3137503 1.24982651E-3 5.23442915E-3 1.21589294E-2 2.95779156E-3
9.3112507 1.24998926E-3 0 9.76630673E-3 3.01529933E-3
9.3087511 1.2501512E-3 5.23306942E-3 1.21557703E-2 3.06989835E-3
9.3062506 1.24989613E-3 5.23413764E-3 1.21582504E-2 3.12473904E-3
9.303751 1.25005702E-3 5.23346383E-3 1.21566867E-2 3.18197743E-3
9.3012505 1.24980125E-3 5.23453485E-3 1.21591743E-2 3.25030368E-3
9.2987509 1.24996097E-3 5.23386616E-3 1.21576209E-2 3.33245471E-3
9.2962513 1.25011976E-3 1.04664024E-2 1.39114829E-2 3.42906918E-3
9.2937508 1.24986272E-3 0 9.76729486E-3 3.53726465E-3
9.2912512 1.25002046E-3 5.23361703E-3 1.21570416E-2 3.65111232E-3
9.2887506 1.25017739E-3 1.046592E-2 1.39108421E-2 3.76823777E-3
9.2862511 1.24991906E-3 0 9.76685435E-3 3.88221769E-3
9.2837505 1.25007483E-3 1.04667787E-2 1.3911983E-2 3.97582212E-3
9.281251 1.2498158E-3 0 9.7676618E-3 4.03622352E-3
9.2787514 1.24997052E-3 5.23382612E-3 1.21575277E-2 4.059467E-3
9.2762508 1.2501243E-3 0 9.76525061E-3 4.06261394E-3
9.2737513 1.24986412E-3 5.23427175E-3 1.21585634E-2 4.06735484E-3
9.2712517 1.25001674E-3 0 9.76609159E-3 4.08365671E-3
9.2687511 1.25016866E-3 5.23299631E-3 1.21556008E-2 4.1177934E-3
9.2662506 1.24990719E-3 0 9.76694841E-3 4.17357124E-3
9.263751 1.25005795E-3 0 9.76577029E-3 4.25080629E-3
9.2612505 1.25020789E-3 5.23283239E-3 1.2155219E-2 4.35396656E-3
9.2587509 1.24994514E-3 5.23393275E-3 1.21577745E-2 4.48727142E-3
9.2562513 1.24968216E-3 0 9.76870582E-3 4.64942772E-3
9.2537508 1.25024223E-3 0 9.76433046E-3 4.83165588E-3
9.2512512 1.2499782E-3 5.23379399E-3 1.21574532E-2 5.03032468E-3
9.2487507 1.25012512E-3 1.04663577E-2 1.39114233E-2 5.23498841E-3
9.2462511 1.24986039E-3 5.23428712E-3 1.21585988E-2 5.45771886E-3
9.2437506 1.25000626E-3 5.23367664E-3 1.21571803E-2 5.72197186E-3
9.241251 1.25015131E-3 1.04661388E-2 1.39111327E-2 6.05794555E-3
9.2387505 1.2498853E-3 2.09367331E-2 1.66418217E-2 6.4856112E-3
9.2362509 1.25002919E-3 2.09343228E-2 1.66399051E-2 6.9991881E-3
9.2337513 1.24976248E-3 1.04693947E-2 1.39154596E-2 7.57846842E-3
9.2312508 1.25031488E-3 1.56971533E-2 1.53648546E-2 8.17868859E-3
9.2287502 1.25004712E-3 5.23350574E-3 1.21567827E-2 8.78141727E-3
9.2262506 1.24977925E-3 1.57038812E-2 1.537144E-2 9.37274005E-3
9.2237511 1.24992011E-3 5.23403753E-3 1.21580185E-2 9.95242316E-3
9.2212505 1.25006016E-3 5.23345079E-3 1.2156656E-2 1.05287014E-2
9.218751 1.25019951E-3 2.09314693E-2 1.66376382E-2 1.11062527E-2
9.2162504 1.24992989E-3 2.09359862E-2 1.66412275E-2 1.16933798E-2
9.2137508 1.25006808E-3 1.04668355E-2 1.39120584E-2 1.2287193E-2
9.2112503 1.24979776E-3 3.14072967E-2 1.88343078E-2 1.28994463E-2
9.2087507 1.2499349E-3 0 9.76673141E-3 1.35187656E-2
9.2062511 1.25007122E-3 2.61670239E-2 1.77826695E-2 1.41204167E-2
9.2037506 1.25020673E-3 1.0465675E-2 1.39105162E-2 1.46308141E-2
9.201251 1.24993466E-3 1.0467953E-2 1.39135439E-2 1.49326408E-2
9.1987505 1.25006912E-3 2.61670686E-2 1.77826993E-2 1.49289696E-2
9.1962509 1.24979625E-3 2.61727795E-2 1.77865792E-2 1.46874245E-2
9.1937513 1.24992966E-3 1.0467995E-2 1.39135998E-2 1.43761691E-2
9.1912508 1.25006225E-3 1.57003272E-2 1.53679596E-2 1.4158397E-2
9.1887512 1.25019404E-3 2.09315624E-2 1.66377109E-2 1.40856793E-2
9.1862507 1.24991953E-3 2.09361594E-2 1.66413654E-2 1.41398748E-2
9.1837511 1.25005015E-3 1.57004781E-2 1.53681077E-2 1.4273609E-2
9.1812506 1.24977506E-3 2.0938579E-2 1.66432895E-2 1.44676156E-2
9.178751 1.24990463E-3 5.23410225E-3 1.21581685E-2 1.46959741E-2
9.1762514 1.2500335E-3 5.23356255E-3 1.21569159E-2 1.49542047E-2
9.1737509 1.25016156E-3 1.04660532E-2 1.39110181E-2 1.52366739E-2
9.1712513 1.2498846E-3 2.61709299E-2 1.77853238E-2 1.55443549E-2
9.1687508 1.25001161E-3 1.57009624E-2 1.53685817E-2 1.58640034E-2
9.1662512 1.25013781E-3 2.61656288E-2 1.77817214E-2 1.61981173E-2
9.1637506 1.24985969E-3 5.23429038E-3 1.21586053E-2 1.65516939E-2
9.1612511 1.24998484E-3 2.61688307E-2 1.7783897E-2 1.69147849E-2
9.1587505 1.25010917E-3 4.18659635E-2 2.07133945E-2 1.72880944E-2
9.156251 1.24982989E-3 0 9.76755191E-3 1.76667701E-2
9.1537504 1.25035585E-3 1.56966392E-2 1.53643498E-2 1.80223621E-2
9.1512508 1.24967296E-3 3.14104334E-2 1.88361872E-2 1.83778666E-2
9.1487513 1.25019753E-3 1.04657514E-2 1.39106186E-2 1.86946876E-2
9.1462507 1.2499165E-3 2.09362097E-2 1.66414063E-2 1.89865083E-2
9.1437511 1.25003711E-3 1.5700642E-2 1.53682679E-2 1.9171061E-2
9.1412506 1.25015713E-3 3.13982703E-2 1.88288949E-2 1.91101078E-2
9.138751 1.24987483E-3 0 9.76719987E-3 1.85808539E-2
9.1362505 1.24999369E-3 2.09349152E-2 1.66403763E-2 1.74212251E-2
9.1337509 1.25011185E-3 3.13994065E-2 1.88295767E-2 1.57433487E-2
9.1312504 1.24982849E-3 5.23442123E-3 1.21589098E-2 1.38540957E-2
9.1287508 1.24994549E-3 1.57017931E-2 1.53693948E-2 1.20134242E-2
9.1262512 1.25006179E-3 0 9.76573955E-3 1.0339736E-2
9.1237507 1.25017727E-3 1.04659209E-2 1.39108431E-2 8.84248037E-3
9.1212511 1.24989217E-3 5.23415394E-3 1.21582896E-2 7.50378985E-3
9.1187506 1.25000672E-3 5.23367478E-3 1.21571757E-2 6.29650475E-3
9.116251 1.25012035E-3 5.23319887E-3 1.21560702E-2 5.20475022E-3
9.1137505 1.2498342E-3 5.23439702E-3 1.21588539E-2 4.21452383E-3
9.1112509 1.24994677E-3 5.2339253E-3 1.21577587E-2 3.31063336E-3
9.1087513 1.25005865E-3 5.23345685E-3 1.215667E-2 2.48691859E-3
9.1062508 1.25016982E-3 0 9.76489577E-3 1.74536859E-3
9.1037502 1.24988193E-3 5.23419725E-3 1.21583892E-2 1.10507803E-3
9.1012506 1.24999206E-3 5.23373624E-3 1.21573191E-2 6.03326887E-4
9.0987511 1.25010137E-3 0 9.76543035E-3 2.73699639E-4
9.0962505 1.24981231E-3 0 9.76768974E-3 1.04690807E-4
9.093751 1.24992058E-3 0 9.76684317E-3 4.05981882E-5
9.0912514 1.25002814E-3 0 9.76600312E-3 2.20142265E-5
9.0887508 1.2501349E-3 0 9.76516865E-3 1.63344812E-5
9.0862513 1.24984421E-3 0 9.76744015E-3 1.34758739E-5
9.0837507 1.24994991E-3 0 9.76661406E-3 1.13628003E-5
9.0812511 1.25005492E-3 0 9.76579357E-3 9.65886647E-6
9.0787506 1.25015923E-3 0 9.76497866E-3 8.26747419E-6
9.076251 1.24986679E-3 0 9.7672632E-3 7.12991141E-6
9.0737514 1.24997005E-3 0 9.76645667E-3 6.19338925E-6
9.0712509 1.2500725E-3 0 9.76565573E-3 5.42211228E-6
9.0687504 1.25017425E-3 0 9.76486132E-3 4.78627999E-6
