READ SERR 1 2
@MgXI_He_pow+Hewind.pco
!
9.397501 2.50023045E-3 2.61661015E-3 6.07806025E-3 4.28295229E-3
9.3925009 2.49969121E-3 2.61717476E-3 6.07937155E-3 4.35889745E-3
9.3875008 2.49999622E-3 2.61685532E-3 6.07862975E-3 4.56878124E-3
9.3825006 2.5002961E-3 7.84962438E-3 7.68345222E-3 4.9808207E-3
9.3775005 2.49974569E-3 2.61711748E-3 6.07923884E-3 5.58136124E-3
9.3725014 2.50003696E-3 1.04672508E-2 8.32002424E-3 6.26606308E-3
9.3675013 2.49990146E-3 5.233909E-3 6.95668254E-3 6.95440453E-3
9.3625011 2.50018318E-3 7.84997921E-3 7.68379914E-3 7.61982333E-3
9.357501 2.50003906E-3 5.23362076E-3 6.9562993E-3 8.2627153E-3
9.3525009 2.49989121E-3 1.57017913E-2 9.41604003E-3 8.88509769E-3
9.3475008 2.5001592E-3 1.04667386E-2 8.31961725E-3 9.4964467E-3
9.3425007 2.50000274E-3 1.04673933E-2 8.32013786E-3 1.011003E-2
9.3375006 2.49984255E-3 1.30850803E-2 8.89240019E-3 1.07202483E-2
9.3325005 2.50009703E-3 1.57004986E-2 9.41526424E-3 1.13041671E-2
9.3275003 2.49992847E-3 1.57015566E-2 9.4158994E-3 1.18433563E-2
9.3225002 2.50017364E-3 2.09333561E-2 1.03568835E-2 1.23265563E-2
9.3175001 2.49999645E-3 1.04674203E-2 8.32015835E-3 1.27650751E-2
9.312501 2.49981578E-3 1.30852209E-2 8.89249612E-3 1.31705459E-2
9.3075008 2.50004744E-3 2.35512163E-2 1.07877627E-2 1.35641648E-2
9.3025007 2.49985815E-3 1.04679987E-2 8.32061842E-3 1.39939636E-2
9.2975006 2.50008074E-3 7.85030052E-3 7.68411439E-3 1.44935129E-2
9.2925014 2.4998833E-3 2.09357888E-2 1.03580859E-2 1.50593072E-2
9.2875013 2.50009657E-3 1.83172524E-2 9.90147516E-3 1.56073878E-2
9.2825012 2.49989075E-3 1.30848289E-2 8.89222976E-3 1.60269327E-2
9.2775011 2.50009494E-3 1.30837606E-2 8.89150333E-3 1.62920058E-2
9.272501 2.49988073E-3 2.61697602E-2 1.11973062E-2 1.65341217E-2
9.2675009 2.50007585E-3 1.83174033E-2 9.90155712E-3 1.69003755E-2
9.2625008 2.50026584E-3 1.30828656E-2 8.89089517E-3 1.74879804E-2
9.2575006 2.49962718E-3 5.23448316E-3 6.95744529E-3 1.83506049E-2
9.2525015 2.50022043E-3 2.35495847E-2 1.07870158E-2 1.94774196E-2
9.2475004 2.49998551E-3 2.35517975E-2 1.07880291E-2 2.09100153E-2
9.2425003 2.50015757E-3 3.66336107E-2 1.26662618E-2 2.27848664E-2
9.2375002 2.4999145E-3 1.83185861E-2 9.902196E-3 2.52500735E-2
9.232501 2.50007748E-3 2.61677038E-2 1.11964261E-2 2.81911213E-2
9.2275009 2.49982625E-3 3.92554961E-2 1.30030615E-2 3.13327573E-2
9.2225008 2.49998039E-3 4.71036956E-2 1.39482608E-2 3.4476053E-2
9.2175007 2.5001294E-3 3.14005911E-2 1.19602606E-2 3.75711806E-2
9.2125006 2.49986583E-3 2.61699185E-2 1.11973742E-2 4.05770466E-2
9.2075014 2.500006E-3 4.71032113E-2 1.39481174E-2 4.3198131E-2
9.2025003 2.50014127E-3 4.44839597E-2 1.36410706E-2 4.47688885E-2
9.1975012 2.49986537E-3 4.9722854E-2 1.42471604E-2 4.49754037E-2
9.1925011 2.4999918E-3 3.40191796E-2 1.23204365E-2 4.455553E-2
9.187501 2.50011357E-3 5.75681143E-2 1.50977522E-2 4.45412248E-2
9.1825008 2.49982532E-3 4.18725498E-2 1.33277085E-2 4.52389456E-2
9.1775007 2.49993801E-3 4.18706574E-2 1.33271068E-2 4.64188419E-2
9.1725016 2.50004628E-3 4.97192591E-2 1.42461294E-2 4.78689186E-2
9.1675005 2.50014942E-3 4.44838144E-2 1.36410259E-2 4.94692512E-2
9.1625013 2.49984465E-3 5.49572967E-2 1.48219559E-2 5.11353724E-2
9.1575012 2.49993918E-3 6.28059655E-2 1.56359021E-2 5.27025945E-2
9.1525011 2.50002882E-3 3.66354957E-2 1.26669127E-2 5.39308041E-2
9.147501 2.50011403E-3 4.97179106E-2 1.42457429E-2 5.43759912E-2
9.1425009 2.50019436E-3 7.58827925E-2 1.68887787E-2 5.30150533E-2
9.1375008 2.49986863E-3 5.75737543E-2 1.50992312E-2 4.86067273E-2
9.1325006 2.49994034E-3 1.57014839E-2 9.4158547E-3 4.13890034E-2
9.1275005 2.50000716E-3 1.83179062E-2 9.90182813E-3 3.33242007E-2
9.1225004 2.50006956E-3 2.35510077E-2 1.07876668E-2 2.60437801E-2
9.1175003 2.50012707E-3 2.35504657E-2 1.0787419E-2 1.99657101E-2
9.1125011 2.49978085E-3 2.6170807E-3 6.07915316E-3 1.49912732E-2
9.107501 2.50022858E-3 2.09328979E-2 1.03566553E-2 1.10302661E-2
9.1025009 2.49987398E-3 1.04679335E-2 8.32056627E-3 8.17296468E-3
9.0975008 2.49991356E-3 1.30847087E-2 8.8921478E-3 6.47103833E-3
9.0925007 2.49994872E-3 7.85071496E-3 7.68451998E-3 5.66421309E-3
9.0875015 2.49997899E-3 5.23374649E-3 6.95646647E-3 5.3066574E-3
9.0825014 2.50000483E-3 5.23369247E-3 6.95639476E-3 5.11050504E-3
9.0775013 2.50002602E-3 2.61682412E-3 6.07855711E-3 4.98534227E-3
9.0725012 2.50004255E-3 2.61680689E-3 6.07851706E-3 4.90891142E-3
9.0675011 2.50005443E-3 7.85038248E-3 7.68419495E-3 4.8718648E-3
NO NO NO NO NO
9.397501 2.50023045E-3 0 4.88266116E-3 2.67557777E-3
9.3925009 2.49969121E-3 2.61717476E-3 6.07937155E-3 2.55217031E-3
9.3875008 2.49999622E-3 2.61685532E-3 6.07862975E-3 2.4660388E-3
9.3825006 2.5002961E-3 0 4.8825331E-3 2.45480216E-3
9.3775005 2.49974569E-3 0 4.88360785E-3 2.52956571E-3
9.3725014 2.50003696E-3 2.61681271E-3 6.07853057E-3 2.65427958E-3
9.3675013 2.49990146E-3 0 4.88330377E-3 2.79838196E-3
9.3625011 2.50018318E-3 2.61665951E-3 6.07817527E-3 2.96246051E-3
9.357501 2.50003906E-3 0 4.88303462E-3 3.15764756E-3
9.3525009 2.49989121E-3 5.23393042E-3 6.95671095E-3 3.38602951E-3
9.3475008 2.5001592E-3 2.61668465E-3 6.07823348E-3 3.64604942E-3
9.3425007 2.50000274E-3 5.23369666E-3 6.95640035E-3 3.93571611E-3
9.3375006 2.49984255E-3 5.2340324E-3 6.95684599E-3 4.25064377E-3
9.3325005 2.50009703E-3 7.8502493E-3 7.68406363E-3 4.58741235E-3
9.3275003 2.49992847E-3 7.85077829E-3 7.68458238E-3 4.93510161E-3
9.3225002 2.50017364E-3 5.23333903E-3 6.95592491E-3 5.25992736E-3
9.3175001 2.49999645E-3 1.04674203E-2 8.32015835E-3 5.53275645E-3
9.312501 2.49981578E-3 1.04681766E-2 8.32075998E-3 5.73596871E-3
9.3075008 2.50004744E-3 5.23360353E-3 6.95627602E-3 5.84982708E-3
9.3025007 2.49985815E-3 7.85099901E-3 7.68479798E-3 5.87155623E-3
9.2975006 2.50008074E-3 2.61676684E-3 6.0784244E-3 5.83094219E-3
9.2925014 2.4998833E-3 0 4.88333916E-3 5.76451235E-3
9.2875013 2.50009657E-3 1.83172524E-2 9.90147516E-3 5.66731626E-3
9.2825012 2.49989075E-3 1.30848289E-2 8.89222976E-3 5.51605271E-3
9.2775011 2.50009494E-3 1.04670087E-2 8.31983145E-3 5.31748403E-3
9.272501 2.49988073E-3 1.04679046E-2 8.32054392E-3 5.13591757E-3
9.2675009 2.50007585E-3 2.61677196E-3 6.07843604E-3 5.04553458E-3
9.2625008 2.50026584E-3 5.23314625E-3 6.9556688E-3 5.10947034E-3
9.2575006 2.49962718E-3 7.85172451E-3 7.68550811E-3 5.36205992E-3
9.2525015 2.50022043E-3 0 4.88268072E-3 5.77329565E-3
9.2475004 2.49998551E-3 2.61686649E-3 6.07865583E-3 6.29103603E-3
9.2425003 2.50015757E-3 2.61668651E-3 6.07823767E-3 6.89229369E-3
9.2375002 2.4999145E-3 1.0467764E-2 8.32043123E-3 7.58968946E-3
9.232501 2.50007748E-3 2.61677033E-3 6.07843231E-3 8.32692906E-3
9.2275009 2.49982625E-3 0 4.88345046E-3 8.98315758E-3
9.2225008 2.49998039E-3 7.85061624E-3 7.68442312E-3 9.50217992E-3
9.2175007 2.5001294E-3 1.83170121E-2 9.90134478E-3 9.95393004E-3
9.2125006 2.49986583E-3 1.0467967E-2 8.32059328E-3 1.04664396E-2
9.2075014 2.500006E-3 1.30842254E-2 8.89181904E-3 1.11298272E-2
9.2025003 2.50014127E-3 2.35503316E-2 1.07873576E-2 1.18613821E-2
9.1975012 2.49986537E-3 7.85097666E-3 7.68477609E-3 1.24589857E-2
9.1925011 2.4999918E-3 1.30842999E-2 8.89186934E-3 1.2892385E-2
9.187501 2.50011357E-3 2.35505924E-2 1.07874768E-2 1.33263413E-2
9.1825008 2.49982532E-3 1.57022066E-2 9.4162887E-3 1.38318008E-2
9.1775007 2.49993801E-3 5.23383217E-3 6.95658056E-3 1.43082617E-2
9.1725016 2.50004628E-3 1.30840149E-2 8.89167655E-3 1.46180922E-2
9.1675005 2.50014942E-3 5.23338979E-3 6.95599243E-3 1.46809304E-2
9.1625013 2.49984465E-3 1.30850701E-2 8.89239367E-3 1.45406211E-2
9.1575012 2.49993918E-3 1.83184054E-2 9.90209822E-3 1.4315241E-2
9.1525011 2.50002882E-3 1.83177479E-2 9.90174245E-3 1.41063286E-2
9.147501 2.50011403E-3 1.57003924E-2 9.41520091E-3 1.39577771E-2
9.1425009 2.50019436E-3 5.23329619E-3 6.95586763E-3 1.37927439E-2
9.1375008 2.49986863E-3 5.23397792E-3 6.95677381E-3 1.33383758E-2
9.1325006 2.49994034E-3 1.3084569E-2 8.89205281E-3 1.24029191E-2
9.1275005 2.50000716E-3 5.23368735E-3 6.95638778E-3 1.11585427E-2
9.1225004 2.50006956E-3 7.85033591E-3 7.68414885E-3 9.83107369E-3
9.1175003 2.50012707E-3 5.23343682E-3 6.95605483E-3 8.45904555E-3
9.1125011 2.49978085E-3 1.57024842E-2 9.4164554E-3 7.04544922E-3
9.107501 2.50022858E-3 1.0466449E-2 8.31938628E-3 5.65284397E-3
9.1025009 2.49987398E-3 5.23396675E-3 6.95675891E-3 4.44154209E-3
9.0975008 2.49991356E-3 1.04677668E-2 8.32043402E-3 3.59796942E-3
9.0925007 2.49994872E-3 7.85071496E-3 7.68451998E-3 3.15911323E-3
9.0875015 2.49997899E-3 5.23374649E-3 6.95646647E-3 2.97400169E-3
9.0825014 2.50000483E-3 5.23369247E-3 6.95639476E-3 2.88605341E-3
9.0775013 2.50002602E-3 5.23364823E-3 6.95633562E-3 2.82679498E-3
9.0725012 2.50004255E-3 2.61680689E-3 6.07851706E-3 2.77308212E-3
9.0675011 2.50005443E-3 0 4.88300482E-3 2.71636015E-3
NO NO NO NO NO
9.3987513 1.24981091E-3 5.23449434E-3 1.21590802E-2 1.85797503E-3
9.3962507 1.25041942E-3 0 9.76294652E-3 1.85756257E-3
9.3937511 1.2497541E-3 0 9.76814423E-3 1.85986259E-3
9.3912506 1.24993699E-3 5.23396628E-3 1.21578537E-2 1.86313246E-3
9.388751 1.25011918E-3 0 9.76529159E-3 1.87335291E-3
9.3862505 1.24987704E-3 0 9.7671831E-3 1.90357771E-3
9.3837509 1.25005795E-3 0 9.76576935E-3 1.96953909E-3
9.3812504 1.25023816E-3 5.23270573E-3 1.21549256E-2 2.07826681E-3
9.3787508 1.24999462E-3 0 9.76626389E-3 2.21898872E-3
9.3762512 1.24975108E-3 0 9.76816751E-3 2.37171631E-3
9.3737507 1.24992966E-3 0 9.76677239E-3 2.52324971E-3
9.3712511 1.25010731E-3 0 9.76538379E-3 2.66929367E-3
9.3687515 1.24986249E-3 0 9.76729766E-3 2.81002442E-3
9.366251 1.25003897E-3 5.23353927E-3 1.21568618E-2 2.94407154E-3
9.3637505 1.25021476E-3 0 9.76454467E-3 3.07285576E-3
9.3612509 1.24996854E-3 5.2338345E-3 1.21575473E-2 3.19808652E-3
9.3587503 1.25014305E-3 0 9.76510532E-3 3.31839942E-3
9.3562508 1.24989601E-3 1.04682762E-2 1.39139732E-2 3.43687669E-3
9.3537502 1.25006947E-3 1.04668243E-2 1.39120435E-2 3.55224358E-3
9.3512506 1.24982174E-3 0 9.76761524E-3 3.66788451E-3
9.3487511 1.24999392E-3 5.23372786E-3 1.21572996E-2 3.78208817E-3
9.3462505 1.25016528E-3 5.23301074E-3 1.21556334E-2 3.89662525E-3
9.343751 1.24991627E-3 1.04681067E-2 1.39137479E-2 4.01345035E-3
9.3412504 1.25008659E-3 1.57000218E-2 1.53676607E-2 4.1303453E-3
9.3387508 1.24983676E-3 0 9.76749789E-3 4.25005332E-3
9.3362513 1.25000579E-3 0 9.76617634E-3 4.368925E-3
9.3337507 1.25017413E-3 0 9.76486225E-3 4.48663626E-3
9.3312502 1.24992302E-3 5.23402495E-3 1.21579897E-2 4.60254122E-3
9.3287506 1.25009008E-3 1.56999771E-2 1.53676169E-2 4.71200235E-3
9.326251 1.24983839E-3 5.23437979E-3 1.21588139E-2 4.81765065E-3
9.3237505 1.25000428E-3 0 9.76618938E-3 4.91681602E-3
9.3212509 1.25016936E-3 1.56989805E-2 1.53666427E-2 5.01161069E-3
9.3187504 1.24991627E-3 0 9.7668767E-3 5.10364305E-3
9.3162508 1.2500803E-3 0 9.7655952E-3 5.18879434E-3
9.3137503 1.24982651E-3 1.04688583E-2 1.39147481E-2 5.27004758E-3
9.3112507 1.24998926E-3 0 9.76630673E-3 5.34398714E-3
9.3087511 1.2501512E-3 0 9.76504106E-3 5.41277975E-3
9.3062506 1.24989613E-3 1.04682753E-2 1.39139723E-2 5.47987921E-3
9.303751 1.25005702E-3 0 9.76577681E-3 5.54691255E-3
9.3012505 1.24980125E-3 1.04690697E-2 1.39150294E-2 5.62576717E-3
9.2987509 1.24996097E-3 1.04677323E-2 1.39132515E-2 5.71816275E-3
9.2962513 1.25011976E-3 5.2332012E-3 1.21560758E-2 5.82520058E-3
9.2937508 1.24986272E-3 0 9.76729486E-3 5.94453281E-3
9.2912512 1.25002046E-3 2.09344681E-2 1.66400205E-2 6.06976449E-3
9.2887506 1.25017739E-3 1.046592E-2 1.39108421E-2 6.20016782E-3
9.2862511 1.24991906E-3 5.23404172E-3 1.21580279E-2 6.32859766E-3
9.2837505 1.25007483E-3 1.04667787E-2 1.3911983E-2 6.43264083E-3
9.281251 1.2498158E-3 1.04689477E-2 1.39148664E-2 6.50026603E-3
9.2787514 1.24997052E-3 1.04676522E-2 1.39131444E-2 6.52846787E-3
9.2762508 1.2501243E-3 1.04663642E-2 1.39114326E-2 6.53763209E-3
9.2737513 1.24986412E-3 0 9.76728462E-3 6.54918374E-3
9.2712517 1.25001674E-3 3.14017944E-2 1.88310072E-2 6.57009427E-3
9.2687511 1.25016866E-3 1.56989899E-2 1.53666511E-2 6.60833111E-3
9.2662506 1.24990719E-3 0 9.76694841E-3 6.66960794E-3
9.263751 1.25005795E-3 1.04669202E-2 1.39121721E-2 6.75387774E-3
9.2612505 1.25020789E-3 1.04656648E-2 1.39105031E-2 6.86871447E-3
9.2587509 1.24994514E-3 1.04678655E-2 1.39134275E-2 7.02077383E-3
9.2562513 1.24968216E-3 5.23503358E-3 1.21603329E-2 7.20608374E-3
9.2537508 1.25024223E-3 5.23268851E-3 1.21548856E-2 7.40489271E-3
9.2512512 1.2499782E-3 1.57013815E-2 1.53689925E-2 7.59930117E-3
9.2487507 1.25012512E-3 1.04663577E-2 1.39114233E-2 7.75880879E-3
9.2462511 1.24986039E-3 0 9.76731349E-3 7.89092388E-3
9.2437506 1.25000626E-3 5.23367664E-3 1.21571803E-2 8.02018587E-3
9.241251 1.25015131E-3 0 9.76504106E-3 8.18530936E-3
9.2387505 1.2498853E-3 5.23418328E-3 1.21583566E-2 8.41572974E-3
9.2362509 1.25002919E-3 1.04671614E-2 1.39124915E-2 8.70973337E-3
9.2337513 1.24976248E-3 3.66428792E-2 1.98074766E-2 9.05169733E-3
9.2312508 1.25031488E-3 0 9.76376329E-3 9.39962082E-3
9.2287502 1.25004712E-3 5.23350574E-3 1.21567827E-2 9.75127146E-3
9.2262506 1.24977925E-3 2.09385101E-2 1.66432336E-2 1.0110544E-2
9.2237511 1.24992011E-3 1.04680751E-2 1.39137059E-2 1.05020907E-2
9.2212505 1.25006016E-3 5.23345079E-3 1.2156656E-2 1.09617859E-2
9.218751 1.25019951E-3 1.04657346E-2 1.39105963E-2 1.15083465E-2
9.2162504 1.24992989E-3 1.04679931E-2 1.3913597E-2 1.21470764E-2
9.2137508 1.25006808E-3 3.14005055E-2 1.8830236E-2 1.28586721E-2
9.2112503 1.24979776E-3 5.23454975E-3 1.21592088E-2 1.36335315E-2
9.2087507 1.2499349E-3 5.23397559E-3 1.21578751E-2 1.44398613E-2
9.2062511 1.25007122E-3 1.04668094E-2 1.3912024E-2 1.52432257E-2
9.2037506 1.25020673E-3 5.23283752E-3 1.21552311E-2 1.5946338E-2
9.201251 1.24993466E-3 0 9.76673327E-3 1.64044425E-2
9.1987505 1.25006912E-3 1.57002416E-2 1.53678758E-2 1.65168196E-2
9.1962509 1.24979625E-3 1.5703667E-2 1.53712295E-2 1.63720641E-2
9.1937513 1.24992966E-3 2.09359899E-2 1.66412313E-2 1.61486268E-2
9.1912508 1.25006225E-3 1.57003272E-2 1.53679596E-2 1.59999058E-2
9.1887512 1.25019404E-3 2.61644516E-2 1.77809205E-2 1.59779601E-2
9.1862507 1.24991953E-3 5.23403985E-3 1.21580241E-2 1.60773173E-2
9.1837511 1.25005015E-3 1.04669854E-2 1.39122577E-2 1.62560102E-2
9.1812506 1.24977506E-3 1.04692895E-2 1.39153209E-2 1.64959095E-2
9.178751 1.24990463E-3 2.0936409E-2 1.66415628E-2 1.67656299E-2
9.1762514 1.2500335E-3 5.23356255E-3 1.21569159E-2 1.70585029E-2
9.1737509 1.25016156E-3 1.56990793E-2 1.53667387E-2 1.73713472E-2
9.1712513 1.2498846E-3 2.09367443E-2 1.66418292E-2 1.77107397E-2
9.1687508 1.25001161E-3 5.23365429E-3 1.21571282E-2 1.8063521E-2
9.1662512 1.25013781E-3 2.61656288E-2 1.77817214E-2 1.84331816E-2
9.1637506 1.24985969E-3 5.23429038E-3 1.21586053E-2 1.88250374E-2
9.1612511 1.24998484E-3 2.61688307E-2 1.7783897E-2 1.92280691E-2
9.1587505 1.25010917E-3 5.23324544E-3 1.21561792E-2 1.96410418E-2
9.156251 1.24982989E-3 1.57032441E-2 1.5370816E-2 2.00597588E-2
9.1537504 1.25035585E-3 3.13932784E-2 1.88258998E-2 2.04559229E-2
9.1512508 1.24967296E-3 1.57052167E-2 1.53727457E-2 2.08570715E-2
9.1487513 1.25019753E-3 3.66301313E-2 1.98005866E-2 2.12196317E-2
9.1462507 1.2499165E-3 2.09362097E-2 1.66414063E-2 2.15618424E-2
9.1437511 1.25003711E-3 3.66348289E-2 1.98031254E-2 2.18039397E-2
9.1412506 1.25015713E-3 1.56991351E-2 1.53667936E-2 2.17839032E-2
9.138751 1.24987483E-3 2.09369063E-2 1.66419595E-2 2.12509781E-2
9.1362505 1.24999369E-3 3.14023718E-2 1.88313555E-2 2.00472642E-2
9.1337509 1.25011185E-3 1.56997032E-2 1.53673496E-2 1.83168296E-2
9.1312504 1.24982849E-3 1.04688425E-2 1.39147257E-2 1.63840726E-2
9.1287508 1.24994549E-3 1.57017931E-2 1.53693948E-2 1.44872023E-2
9.1262512 1.25006179E-3 5.23344427E-3 1.21566402E-2 1.27463713E-2
9.1237507 1.25017727E-3 2.09318418E-2 1.66379344E-2 1.11826351E-2
9.1212511 1.24989217E-3 5.23415394E-3 1.21582896E-2 9.78319906E-3
9.1187506 1.25000672E-3 1.04673496E-2 1.3912742E-2 8.52182787E-3
9.116251 1.25012035E-3 0 9.76528227E-3 7.3847943E-3
9.1137505 1.2498342E-3 0 9.76751838E-3 6.35824678E-3
9.1112509 1.24994677E-3 5.2339253E-3 1.21577587E-2 5.42354584E-3
9.1087513 1.25005865E-3 5.23345685E-3 1.215667E-2 4.572595E-3
9.1062508 1.25016982E-3 0 9.76489577E-3 3.80306691E-3
9.1037502 1.24988193E-3 0 9.76714492E-3 3.13415844E-3
9.1012506 1.24999206E-3 0 9.76628531E-3 2.60559027E-3
9.0987511 1.25010137E-3 0 9.76543035E-3 2.25393125E-3
9.0962505 1.24981231E-3 0 9.76768974E-3 2.06744438E-3
9.093751 1.24992058E-3 0 9.76684317E-3 1.98797486E-3
9.0912514 1.25002814E-3 5.2335849E-3 1.2156968E-2 1.9585276E-3
9.0887508 1.2501349E-3 0 9.76516865E-3 1.94650074E-3
9.0862513 1.24984421E-3 5.23435511E-3 1.21587571E-2 1.93919626E-3
9.0837507 1.24994991E-3 5.23391226E-3 1.2157728E-2 1.93201064E-3
9.0812511 1.25005492E-3 0 9.76579357E-3 1.92410185E-3
9.0787506 1.25015923E-3 0 9.76497866E-3 1.9142346E-3
9.076251 1.24986679E-3 0 9.7672632E-3 1.90206838E-3
9.0737514 1.24997005E-3 0 9.76645667E-3 1.88513694E-3
9.0712509 1.2500725E-3 0 9.76565573E-3 1.86297449E-3
9.0687504 1.25017425E-3 5.23297302E-3 1.21555459E-2 1.83642679E-3
NO NO NO NO NO
9.3987513 1.24981091E-3 0 9.76769999E-3 1.20691431E-3
9.3962507 1.25041942E-3 0 9.76294652E-3 1.21107826E-3
9.3937511 1.2497541E-3 0 9.76814423E-3 1.22481317E-3
9.3912506 1.24993699E-3 0 9.76671465E-3 1.24534231E-3
9.388751 1.25011918E-3 5.23320399E-3 1.21560823E-2 1.27541507E-3
9.3862505 1.24987704E-3 0 9.7671831E-3 1.32250204E-3
9.3837509 1.25005795E-3 0 9.76576935E-3 1.39728247E-3
9.3812504 1.25023816E-3 0 9.76436213E-3 1.50574557E-3
9.3787508 1.24999462E-3 0 9.76626389E-3 1.64250052E-3
9.3762512 1.24975108E-3 0 9.76816751E-3 1.79499725E-3
9.3737507 1.24992966E-3 5.23399748E-3 1.21579254E-2 1.95384817E-3
9.3712511 1.25010731E-3 5.23325335E-3 1.21561969E-2 2.11639493E-3
9.3687515 1.24986249E-3 5.23427874E-3 1.21585792E-2 2.28195149E-3
9.366251 1.25003897E-3 0 9.76591744E-3 2.44686706E-3
9.3637505 1.25021476E-3 5.23280399E-3 1.21551529E-2 2.60806549E-3
9.3612509 1.24996854E-3 0 9.76646878E-3 2.76231905E-3
9.3587503 1.25014305E-3 5.23310388E-3 1.21558504E-2 2.9038568E-3
9.3562508 1.24989601E-3 0 9.76703502E-3 3.03255557E-3
9.3537502 1.25006947E-3 0 9.76567995E-3 3.14794551E-3
9.3512506 1.24982174E-3 5.23444917E-3 1.2158975E-2 3.25661083E-3
9.3487511 1.24999392E-3 1.04674557E-2 1.39128836E-2 3.36098042E-3
9.3462505 1.25016528E-3 0 9.76493116E-3 3.46477958E-3
9.343751 1.24991627E-3 0 9.7668767E-3 3.57041531E-3
9.3412504 1.25008659E-3 0 9.76554677E-3 3.67605407E-3
9.3387508 1.24983676E-3 1.04687726E-2 1.39146335E-2 3.78412893E-3
9.3362513 1.25000579E-3 1.04673561E-2 1.39127513E-2 3.89125291E-3
9.3337507 1.25017413E-3 0 9.76486225E-3 3.99681879E-3
9.3312502 1.24992302E-3 5.23402495E-3 1.21579897E-2 4.10006475E-3
9.3287506 1.25009008E-3 5.23332553E-3 1.21563645E-2 4.19662846E-3
9.326251 1.24983839E-3 1.04687596E-2 1.39146158E-2 4.28853603E-3
9.3237505 1.25000428E-3 0 9.76618938E-3 4.37287195E-3
9.3212509 1.25016936E-3 5.23299351E-3 1.21555943E-2 4.45126696E-3
9.3187504 1.24991627E-3 5.23405336E-3 1.21580549E-2 4.52564796E-3
9.3162508 1.2500803E-3 5.23336697E-3 1.21564604E-2 4.59353626E-3
9.3137503 1.24982651E-3 5.23442915E-3 1.21589294E-2 4.65859566E-3
9.3112507 1.24998926E-3 0 9.76630673E-3 4.71833954E-3
9.3087511 1.2501512E-3 5.23306942E-3 1.21557703E-2 4.77512972E-3
9.3062506 1.24989613E-3 5.23413764E-3 1.21582504E-2 4.8326524E-3
9.303751 1.25005702E-3 5.23346383E-3 1.21566867E-2 4.89189569E-3
9.3012505 1.24980125E-3 5.23453485E-3 1.21591743E-2 4.96267481E-3
9.2987509 1.24996097E-3 5.23386616E-3 1.21576209E-2 5.04658418E-3
9.2962513 1.25011976E-3 1.04664024E-2 1.39114829E-2 5.14483918E-3
9.2937508 1.24986272E-3 0 9.76729486E-3 5.25514409E-3
9.2912512 1.25002046E-3 5.23361703E-3 1.21570416E-2 5.37032448E-3
9.2887506 1.25017739E-3 1.046592E-2 1.39108421E-2 5.4881284E-3
9.2862511 1.24991906E-3 0 9.76685435E-3 5.6020366E-3
9.2837505 1.25007483E-3 1.04667787E-2 1.3911983E-2 5.69301145E-3
9.281251 1.2498158E-3 0 9.7676618E-3 5.75036835E-3
9.2787514 1.24997052E-3 5.23382612E-3 1.21575277E-2 5.7710656E-3
9.2762508 1.2501243E-3 0 9.76525061E-3 5.77389402E-3
9.2737513 1.24986412E-3 5.23427175E-3 1.21585634E-2 5.78055345E-3
9.2712517 1.25001674E-3 0 9.76609159E-3 5.79886418E-3
9.2687511 1.25016866E-3 5.23299631E-3 1.21556008E-2 5.83518716E-3
9.2662506 1.24990719E-3 0 9.76694841E-3 5.89377386E-3
9.263751 1.25005795E-3 0 9.76577029E-3 5.9733158E-3
9.2612505 1.25020789E-3 5.23283239E-3 1.2155219E-2 6.07896736E-3
9.2587509 1.24994514E-3 5.23393275E-3 1.21577745E-2 6.21587969E-3
9.2562513 1.24968216E-3 0 9.76870582E-3 6.38296781E-3
9.2537508 1.25024223E-3 0 9.76433046E-3 6.57124817E-3
9.2512512 1.2499782E-3 5.23379399E-3 1.21574532E-2 6.77988678E-3
9.2487507 1.25012512E-3 1.04663577E-2 1.39114233E-2 6.99633406E-3
9.2462511 1.24986039E-3 5.23428712E-3 1.21585988E-2 7.23272562E-3
9.2437506 1.25000626E-3 5.23367664E-3 1.21571803E-2 7.51005905E-3
9.241251 1.25015131E-3 1.04661388E-2 1.39111327E-2 7.85811897E-3
9.2387505 1.2498853E-3 2.09367331E-2 1.66418217E-2 8.29698704E-3
9.2362509 1.25002919E-3 2.09343228E-2 1.66399051E-2 8.81965738E-3
9.2337513 1.24976248E-3 1.04693947E-2 1.39154596E-2 9.4074104E-3
9.2312508 1.25031488E-3 1.56971533E-2 1.53648546E-2 1.00140274E-2
9.2287502 1.25004712E-3 5.23350574E-3 1.21567827E-2 1.0623727E-2
9.2262506 1.24977925E-3 1.57038812E-2 1.537144E-2 1.12215467E-2
9.2237511 1.24992011E-3 5.23403753E-3 1.21580185E-2 1.1806746E-2
9.2212505 1.25006016E-3 5.23345079E-3 1.2156656E-2 1.23881856E-2
9.218751 1.25019951E-3 2.09314693E-2 1.66376382E-2 1.29704792E-2
9.2162504 1.24992989E-3 2.09359862E-2 1.66412275E-2 1.35625163E-2
9.2137508 1.25006808E-3 1.04668355E-2 1.39120584E-2 1.41601888E-2
9.2112503 1.24979776E-3 3.14072967E-2 1.88343078E-2 1.47762839E-2
9.2087507 1.2499349E-3 0 9.76673141E-3 1.53967598E-2
9.2062511 1.25007122E-3 2.61670239E-2 1.77826695E-2 1.59932245E-2
9.2037506 1.25020673E-3 1.0465675E-2 1.39105162E-2 1.64860357E-2
9.201251 1.24993466E-3 1.0467953E-2 1.39135439E-2 1.67533234E-2
9.1987505 1.25006912E-3 2.61670686E-2 1.77826993E-2 1.67074203E-2
9.1962509 1.24979625E-3 2.61727795E-2 1.77865792E-2 1.64357573E-2
9.1937513 1.24992966E-3 1.0467995E-2 1.39135998E-2 1.61151383E-2
9.1912508 1.25006225E-3 1.57003272E-2 1.53679596E-2 1.59043949E-2
9.1887512 1.25019404E-3 2.09315624E-2 1.66377109E-2 1.58469733E-2
9.1862507 1.24991953E-3 2.09361594E-2 1.66413654E-2 1.59213115E-2
9.1837511 1.25005015E-3 1.57004781E-2 1.53681077E-2 1.60766281E-2
9.1812506 1.24977506E-3 2.0938579E-2 1.66432895E-2 1.62931569E-2
9.178751 1.24990463E-3 5.23410225E-3 1.21581685E-2 1.65427085E-2
9.1762514 1.2500335E-3 5.23356255E-3 1.21569159E-2 1.68208256E-2
9.1737509 1.25016156E-3 1.04660532E-2 1.39110181E-2 1.71216298E-2
9.1712513 1.2498846E-3 2.61709299E-2 1.77853238E-2 1.74467042E-2
9.1687508 1.25001161E-3 1.57009624E-2 1.53685817E-2 1.77817084E-2
9.1662512 1.25013781E-3 2.61656288E-2 1.77817214E-2 1.81298628E-2
9.1637506 1.24985969E-3 5.23429038E-3 1.21586053E-2 1.84968952E-2
9.1612511 1.24998484E-3 2.61688307E-2 1.7783897E-2 1.88717078E-2
9.1587505 1.25010917E-3 4.18659635E-2 2.07133945E-2 1.92557648E-2
9.156251 1.24982989E-3 0 9.76755191E-3 1.96450353E-2
9.1537504 1.25035585E-3 1.56966392E-2 1.53643498E-2 2.00092904E-2
9.1512508 1.24967296E-3 3.14104334E-2 1.88361872E-2 2.03747768E-2
9.1487513 1.25019753E-3 1.04657514E-2 1.39106186E-2 2.06985027E-2
9.1462507 1.2499165E-3 2.09362097E-2 1.66414063E-2 2.09944714E-2
9.1437511 1.25003711E-3 1.5700642E-2 1.53682679E-2 2.11710893E-2
9.1412506 1.25015713E-3 3.13982703E-2 1.88288949E-2 2.10807361E-2
9.138751 1.24987483E-3 0 9.76719987E-3 2.04953216E-2
9.1362505 1.24999369E-3 2.09349152E-2 1.66403763E-2 1.92701817E-2
9.1337509 1.25011185E-3 3.13994065E-2 1.88295767E-2 1.75467096E-2
9.1312504 1.24982849E-3 5.23442123E-3 1.21589098E-2 1.56440642E-2
9.1287508 1.24994549E-3 1.57017931E-2 1.53693948E-2 1.38097676E-2
9.1262512 1.25006179E-3 0 9.76573955E-3 1.21486429E-2
9.1237507 1.25017727E-3 1.04659209E-2 1.39108431E-2 1.0664559E-2
9.1212511 1.24989217E-3 5.23415394E-3 1.21582896E-2 9.33901314E-3
9.1187506 1.25000672E-3 5.23367478E-3 1.21571757E-2 8.14355537E-3
9.116251 1.25012035E-3 5.23319887E-3 1.21560702E-2 7.06288405E-3
9.1137505 1.2498342E-3 5.23439702E-3 1.21588539E-2 6.08361978E-3
9.1112509 1.24994677E-3 5.2339253E-3 1.21577587E-2 5.18946815E-3
9.1087513 1.25005865E-3 5.23345685E-3 1.215667E-2 4.37494228E-3
9.1062508 1.25016982E-3 0 9.76489577E-3 3.64196533E-3
9.1037502 1.24988193E-3 5.23419725E-3 1.21583892E-2 3.01003037E-3
9.1012506 1.24999206E-3 5.23373624E-3 1.21573191E-2 2.51484569E-3
9.0987511 1.25010137E-3 0 9.76543035E-3 2.19026161E-3
9.0962505 1.24981231E-3 0 9.76768974E-3 2.02545873E-3
9.093751 1.24992058E-3 0 9.76684317E-3 1.96401915E-3
9.0912514 1.25002814E-3 0 9.76600312E-3 1.94768934E-3
9.0887508 1.2501349E-3 0 9.76516865E-3 1.94412877E-3
9.0862513 1.24984421E-3 0 9.76744015E-3 1.94395869E-3
9.0837507 1.24994991E-3 0 9.76661406E-3 1.94393191E-3
9.0812511 1.25005492E-3 0 9.76579357E-3 1.9443389E-3
9.0787506 1.25015923E-3 0 9.76497866E-3 1.94504391E-3
9.076251 1.24986679E-3 0 9.7672632E-3 1.94660027E-3
9.0737514 1.24997005E-3 0 9.76645667E-3 1.94776012E-3
9.0712509 1.2500725E-3 0 9.76565573E-3 1.94910972E-3
9.0687504 1.25017425E-3 0 9.76486132E-3 1.95057492E-3
