READ SERR 1 2
@NeIX_pow+windprof.pco
!
11.637501 2.50014057E-3 5.23340842E-3 6.95601664E-3 2.59818812E-3
11.632501 2.4999443E-3 2.61690957E-3 6.07875595E-3 2.6986592E-3
11.627501 2.49974569E-3 5.23423543E-3 6.95711607E-3 2.86592986E-3
11.622501 2.50019389E-3 2.61664833E-3 6.07814919E-3 3.08476435E-3
11.617501 2.4999897E-3 5.2337246E-3 6.95643714E-3 3.33172409E-3
11.612501 2.49978318E-3 0 4.88353474E-3 3.59492027E-3
11.607501 2.50022183E-3 2.61661923E-3 6.07808121E-3 3.8748153E-3
11.602501 2.50000972E-3 2.61684111E-3 6.07859669E-3 4.17858688E-3
11.597502 2.49979552E-3 2.61706556E-3 6.07911823E-3 4.5117531E-3
11.592502 2.50022463E-3 0 4.88267234E-3 4.88029374E-3
11.587502 2.5000046E-3 5.23369294E-3 6.95639523E-3 5.29407943E-3
11.582501 2.49978248E-3 5.23415813E-3 6.95701316E-3 5.75735606E-3
11.577501 2.50020227E-3 2.61663948E-3 6.0781287E-3 6.26450172E-3
11.572501 2.49997457E-3 2.6168779E-3 6.07868191E-3 6.79803407E-3
11.567501 2.49974476E-3 1.04684737E-2 8.32099654E-3 7.32495775E-3
11.562502 2.50015524E-3 7.85006676E-3 7.68388528E-3 7.81676453E-3
11.557502 2.49991985E-3 2.09354833E-2 1.0357935E-2 8.26513767E-3
11.552502 2.50032358E-3 2.09321026E-2 1.03562623E-2 8.66499264E-3
11.547501 2.5000826E-3 7.85029493E-3 7.68410834E-3 9.02465545E-3
11.5425 2.49983952E-3 7.85105769E-3 7.68485572E-3 9.34720691E-3
11.5375 2.50023394E-3 2.61660642E-3 6.07805187E-3 9.63467639E-3
11.5325 2.49998551E-3 1.5701199E-2 9.4156852E-3 9.89503413E-3
11.527501 2.49973475E-3 1.04685165E-2 8.32103007E-3 1.01268645E-2
11.522501 2.50011985E-3 1.8317081E-2 9.90138203E-3 1.03228427E-2
11.517501 2.49986374E-3 1.04679763E-2 8.32060073E-3 1.04710106E-2
11.512501 2.50024232E-3 2.61659781E-3 6.07803138E-3 1.05212349E-2
11.507501 2.49998085E-3 5.23374276E-3 6.95646182E-3 1.03556449E-2
11.502501 2.49971705E-3 1.30857378E-2 8.89284723E-3 9.81075782E-3
11.497501 2.50008656E-3 1.04670431E-2 8.31985939E-3 8.8867778E-3
11.492501 2.4998174E-3 5.23408502E-3 6.9569163E-3 7.80203519E-3
11.487501 2.50018039E-3 5.23332506E-3 6.95590628E-3 6.76196162E-3
11.482501 2.49990588E-3 1.30847497E-2 8.89217574E-3 5.84636861E-3
11.477501 2.50026234E-3 7.84973055E-3 7.68355606E-3 5.052533E-3
11.472501 2.49998248E-3 5.2337395E-3 6.95645669E-3 4.37072711E-3
11.467501 2.49970052E-3 7.85149448E-3 7.68528273E-3 3.79102048E-3
11.462502 2.50004791E-3 2.61680107E-3 6.07850403E-3 3.32270213E-3
11.457501 2.50039157E-3 2.61644158E-3 6.07766863E-3 2.99172173E-3
11.452501 2.49947095E-3 2.61740526E-3 6.07990753E-3 2.79695611E-3
11.447501 2.50043883E-3 0 4.88225417E-3 2.68710637E-3
11.442501 2.50014313E-3 5.23340283E-3 6.95600966E-3 2.61683925E-3
11.437501 2.49984534E-3 0 4.8834132E-3 2.56767473E-3
NO NO NO NO NO
11.637501 2.50014057E-3 0 4.88283671E-3 2.38740235E-3
11.632501 2.4999443E-3 5.23381913E-3 6.95656333E-3 2.45217537E-3
11.627501 2.49974569E-3 0 4.88360785E-3 2.57567316E-3
11.622501 2.50019389E-3 2.61664833E-3 6.07814919E-3 2.75562028E-3
11.617501 2.4999897E-3 2.6168623E-3 6.07864559E-3 2.97120959E-3
11.612501 2.49978318E-3 2.61707837E-3 6.07914804E-3 3.20561766E-3
11.607501 2.50022183E-3 2.61661923E-3 6.07808121E-3 3.45536973E-3
11.602501 2.50000972E-3 5.23368223E-3 6.95638126E-3 3.72503721E-3
11.597502 2.49979552E-3 0 4.88351099E-3 4.01869789E-3
11.592502 2.50022463E-3 5.2332324E-3 6.95578335E-3 4.34166845E-3
11.587502 2.5000046E-3 0 4.88310214E-3 4.70356969E-3
11.582501 2.49978248E-3 0 4.88353614E-3 5.11074672E-3
11.577501 2.50020227E-3 2.61663948E-3 6.0781287E-3 5.56378998E-3
11.572501 2.49997457E-3 2.6168779E-3 6.07868191E-3 6.05366193E-3
11.567501 2.49974476E-3 5.23423683E-3 6.9571184E-3 6.55282056E-3
11.562502 2.50015524E-3 7.85006676E-3 7.68388528E-3 7.03120837E-3
11.557502 2.49991985E-3 7.85080623E-3 7.68460892E-3 7.4746795E-3
11.552502 2.50032358E-3 1.56990774E-2 9.41441208E-3 7.8738248E-3
11.547501 2.5000826E-3 1.3083824E-2 8.8915471E-3 8.23376514E-3
11.5425 2.49983952E-3 1.04680769E-2 8.32068082E-3 8.55663046E-3
11.5375 2.50023394E-3 7.84981903E-3 7.68364314E-3 8.84479377E-3
11.5325 2.49998551E-3 5.23373298E-3 6.95644878E-3 9.10672266E-3
11.527501 2.49973475E-3 7.85138737E-3 7.68517796E-3 9.34314542E-3
11.522501 2.50011985E-3 5.23345172E-3 6.95607485E-3 9.55223013E-3
11.517501 2.49986374E-3 2.61699408E-3 6.07895199E-3 9.73347295E-3
11.512501 2.50024232E-3 5.23319561E-3 6.95573399E-3 9.85803921E-3
11.507501 2.49998085E-3 1.04674855E-2 8.3202105E-3 9.84472129E-3
11.502501 2.49971705E-3 2.61714752E-3 6.07930822E-3 9.53248888E-3
11.497501 2.50008656E-3 5.23352157E-3 6.95616752E-3 8.83316807E-3
11.492501 2.4998174E-3 7.85112754E-3 7.68492371E-3 7.87989795E-3
11.487501 2.50018039E-3 1.04666501E-2 8.31954647E-3 6.88725896E-3
11.482501 2.49990588E-3 5.23389969E-3 6.95666997E-3 5.97805297E-3
11.477501 2.50026234E-3 1.30828843E-2 8.89090728E-3 5.17393788E-3
11.472501 2.49998248E-3 0 4.88314545E-3 4.47619893E-3
11.467501 2.49970052E-3 2.61716475E-3 6.07934874E-3 3.87620553E-3
11.462502 2.50004791E-3 0 4.88301739E-3 3.37915216E-3
11.457501 2.50039157E-3 5.23288315E-3 6.95531862E-3 3.0126893E-3
11.452501 2.49947095E-3 2.61740526E-3 6.07990753E-3 2.79445178E-3
11.447501 2.50043883E-3 5.23278397E-3 6.9551873E-3 2.69027264E-3
11.442501 2.50014313E-3 7.85010494E-3 7.68392254E-3 2.64830352E-3
11.437501 2.49984534E-3 1.30850663E-2 8.89239088E-3 2.63104751E-3
NO NO NO NO NO
11.638751 1.25033886E-3 0 9.76357516E-3 8.74225923E-4
11.63625 1.24980172E-3 0 9.7677717E-3 8.774827E-4
11.633751 1.24991557E-3 1.04681132E-2 1.39137572E-2 8.84897658E-4
11.631251 1.25002873E-3 0 9.76599753E-3 9.01191495E-4
11.628751 1.25014153E-3 0 9.7651165E-3 9.28575697E-4
11.626251 1.24960416E-3 0 9.76931676E-3 9.65642801E-4
11.623752 1.25036587E-3 0 9.76336468E-3 1.00655376E-3
11.621251 1.24982803E-3 5.23442263E-3 1.21589135E-2 1.05021487E-3
11.618752 1.24993944E-3 0 9.76669602E-3 1.09382265E-3
11.616251 1.25005026E-3 0 9.76582989E-3 1.13782869E-3
11.613751 1.25016063E-3 0 9.76496749E-3 1.18254183E-3
11.611251 1.24962255E-3 5.23528364E-3 1.21609131E-2 1.22890482E-3
11.608751 1.25038018E-3 0 9.76325292E-3 1.27519527E-3
11.606251 1.24984165E-3 0 9.76745971E-3 1.32416561E-3
11.603751 1.24995061E-3 0 9.76660848E-3 1.37405272E-3
11.601252 1.25005911E-3 0 9.76576097E-3 1.42586522E-3
11.598751 1.25016714E-3 0 9.76491719E-3 1.47998892E-3
11.596251 1.24962826E-3 0 9.7691277E-3 1.53758528E-3
11.593751 1.25038193E-3 0 9.76323895E-3 1.59661809E-3
11.591251 1.24984269E-3 5.23436163E-3 1.2158771E-2 1.66081532E-3
11.588751 1.24994933E-3 0 9.76661872E-3 1.72838173E-3
11.586251 1.25005539E-3 0 9.76578984E-3 1.80094212E-3
11.583751 1.25016109E-3 0 9.76496469E-3 1.87924749E-3
11.581251 1.24962151E-3 5.23528783E-3 1.21609233E-2 1.96489203E-3
11.578752 1.2503711E-3 1.04642985E-2 1.3908687E-2 2.05491902E-3
11.576251 1.24983117E-3 0 9.76754166E-3 2.15266878E-3
11.573751 1.24993548E-3 0 9.76672675E-3 2.2530721E-3
11.571251 1.2500392E-3 5.23353834E-3 1.215686E-2 2.35449639E-3
11.568751 1.25014246E-3 0 9.76510905E-3 2.45411973E-3
11.566252 1.2496023E-3 0 9.76933073E-3 2.55107717E-3
11.563751 1.25034782E-3 5.23224659E-3 1.21538583E-2 2.63990485E-3
11.561252 1.2498073E-3 5.23450971E-3 1.21591156E-2 2.72413297E-3
11.558751 1.24990917E-3 5.23408316E-3 1.21581247E-2 2.79621128E-3
11.556252 1.25001057E-3 5.23365848E-3 1.21571384E-2 2.85270857E-3
11.553751 1.2501115E-3 5.23323566E-3 1.21561568E-2 2.89028371E-3
11.551251 1.25021196E-3 1.5698446E-2 1.53661193E-2 2.90985941E-3
11.548751 1.24967087E-3 0 9.76879429E-3 2.91871768E-3
11.546251 1.25041173E-3 0 9.76300705E-3 2.92150863E-3
11.543751 1.24987029E-3 0 9.76723619E-3 2.93394318E-3
11.541251 1.24996935E-3 1.57014932E-2 1.53691024E-2 2.95805116E-3
11.538751 1.25006796E-3 0 9.76569206E-3 2.99737905E-3
11.536251 1.2501661E-3 0 9.76492558E-3 3.0500018E-3
11.533751 1.2496243E-3 0 9.76915844E-3 3.11329239E-3
11.531251 1.25036109E-3 5.23219118E-3 1.21537298E-2 3.17699974E-3
11.52875 1.24981895E-3 0 9.76763666E-3 3.24307987E-3
11.526251 1.2499158E-3 5.23405569E-3 1.21580604E-2 3.30369477E-3
11.523751 1.25001208E-3 0 9.76612885E-3 3.35911429E-3
11.521251 1.25010789E-3 1.0466502E-2 1.39116161E-2 3.4094404E-3
11.518751 1.25020312E-3 0 9.764635E-3 3.45539232E-3
11.516251 1.24966062E-3 5.23512438E-3 1.21605434E-2 3.49980383E-3
11.513751 1.2497555E-3 0 9.76813305E-3 3.53987375E-3
11.511251 1.25048682E-3 0 9.76242032E-3 3.57485446E-3
11.508751 1.24994363E-3 1.04678776E-2 1.39134433E-2 3.60481022E-3
11.50625 1.25003711E-3 5.23354718E-3 1.21568795E-2 3.60833853E-3
11.503751 1.25013012E-3 0 9.7652059E-3 3.56065459E-3
11.501251 1.24958693E-3 1.04708653E-2 1.39174154E-2 3.4439615E-3
11.498751 1.25031511E-3 0 9.76376142E-3 3.26015661E-3
11.496251 1.24977145E-3 5.23466012E-3 1.21594649E-2 3.04602529E-3
11.493752 1.24986307E-3 0 9.76729207E-3 2.82589509E-3
11.491252 1.24995434E-3 5.2338941E-3 1.21576851E-2 2.61690863E-3
11.488751 1.25004502E-3 5.23351412E-3 1.21568032E-2 2.42386735E-3
11.486251 1.25013525E-3 5.23313647E-3 1.21559259E-2 2.24637566E-3
11.483751 1.25022512E-3 0 9.76446457E-3 2.08287174E-3
11.481251 1.24968076E-3 0 9.76871699E-3 1.93270517E-3
11.478751 1.25040347E-3 0 9.76307131E-3 1.79158943E-3
11.476251 1.24985888E-3 0 9.7673256E-3 1.66220544E-3
11.473751 1.24994724E-3 0 9.76663455E-3 1.54080079E-3
11.471251 1.25003525E-3 0 9.76594724E-3 1.42759795E-3
11.468751 1.25012279E-3 1.04663773E-2 1.39114503E-2 1.32203219E-3
11.466251 1.24957785E-3 0 9.76952165E-3 1.22451317E-3
11.463751 1.2502966E-3 5.23246126E-3 1.21543566E-2 1.1338077E-3
11.461251 1.24975131E-3 5.23474393E-3 1.21596595E-2 1.05517637E-3
11.458752 1.24983757E-3 0 9.7674923E-3 9.9223305E-4
11.456251 1.25055399E-3 0 9.76189598E-3 9.49446519E-4
11.453751 1.25000824E-3 5.23366826E-3 1.21571617E-2 9.2727429E-4
11.451251 1.24946272E-3 5.23595326E-3 1.21624693E-2 9.18498845E-4
11.448751 1.25017751E-3 0 9.76483524E-3 9.1540179E-4
11.446251 1.25026132E-3 0 9.76418052E-3 9.15286539E-4
11.443751 1.24971522E-3 0 9.76844784E-3 9.16422636E-4
11.441251 1.25042791E-3 0 9.76288039E-3 9.16942023E-4
11.43875 1.24988146E-3 5.23419911E-3 1.21583948E-2 9.1853796E-4
NO NO NO NO NO
11.638751 1.25033886E-3 0 9.76357516E-3 0
11.63625 1.24980172E-3 0 9.7677717E-3 0
11.633751 1.24991557E-3 0 9.76688229E-3 0
11.631251 1.25002873E-3 0 9.76599753E-3 0
11.628751 1.25014153E-3 0 9.7651165E-3 0
11.626251 1.24960416E-3 0 9.76931676E-3 0
11.623752 1.25036587E-3 0 9.76336468E-3 0
11.621251 1.24982803E-3 0 9.76756588E-3 0
11.618752 1.24993944E-3 0 9.76669602E-3 0
11.616251 1.25005026E-3 0 9.76582989E-3 0
11.613751 1.25016063E-3 0 9.76496749E-3 0
11.611251 1.24962255E-3 0 9.76917241E-3 0
11.608751 1.25038018E-3 0 9.76325292E-3 0
11.606251 1.24984165E-3 0 9.76745971E-3 0
11.603751 1.24995061E-3 0 9.76660848E-3 0
11.601252 1.25005911E-3 0 9.76576097E-3 0
11.598751 1.25016714E-3 0 9.76491719E-3 0
11.596251 1.24962826E-3 0 9.7691277E-3 0
11.593751 1.25038193E-3 0 9.76323895E-3 0
11.591251 1.24984269E-3 0 9.76745132E-3 0
11.588751 1.24994933E-3 0 9.76661872E-3 0
11.586251 1.25005539E-3 0 9.76578984E-3 0
11.583751 1.25016109E-3 0 9.76496469E-3 0
11.581251 1.24962151E-3 0 9.76917986E-3 0
11.578752 1.2503711E-3 0 9.7633237E-3 0
11.576251 1.24983117E-3 0 9.76754166E-3 0
11.573751 1.24993548E-3 0 9.76672675E-3 0
11.571251 1.2500392E-3 0 9.7659165E-3 0
11.568751 1.25014246E-3 0 9.76510905E-3 0
11.566252 1.2496023E-3 0 9.76933073E-3 0
11.563751 1.25034782E-3 0 9.76350531E-3 0
11.561252 1.2498073E-3 0 9.76772886E-3 0
11.558751 1.24990917E-3 0 9.76693258E-3 0
11.556252 1.25001057E-3 0 9.76614002E-3 0
11.553751 1.2501115E-3 0 9.76535119E-3 0
11.551251 1.25021196E-3 0 9.76456702E-3 0
11.548751 1.24967087E-3 0 9.76879429E-3 0
11.546251 1.25041173E-3 0 9.76300705E-3 0
11.543751 1.24987029E-3 0 9.76723619E-3 0
11.541251 1.24996935E-3 0 9.76646226E-3 0
11.538751 1.25006796E-3 0 9.76569206E-3 0
11.536251 1.2501661E-3 0 9.76492558E-3 0
11.533751 1.2496243E-3 0 9.76915844E-3 0
11.531251 1.25036109E-3 0 9.76340193E-3 0
11.52875 1.24981895E-3 0 9.76763666E-3 0
11.526251 1.2499158E-3 0 9.76688042E-3 0
11.523751 1.25001208E-3 0 9.76612885E-3 0
11.521251 1.25010789E-3 0 9.76538006E-3 0
11.518751 1.25020312E-3 0 9.764635E-3 0
11.516251 1.24966062E-3 0 9.76887532E-3 0
11.513751 1.2497555E-3 0 9.76813305E-3 0
11.511251 1.25048682E-3 0 9.76242032E-3 0
11.508751 1.24994363E-3 0 9.76666249E-3 0
11.50625 1.25003711E-3 0 9.76593234E-3 0
11.503751 1.25013012E-3 0 9.7652059E-3 0
11.501251 1.24958693E-3 0 9.76945087E-3 0
11.498751 1.25031511E-3 0 9.76376142E-3 0
11.496251 1.24977145E-3 0 9.76800825E-3 0
11.493752 1.24986307E-3 0 9.76729207E-3 0
11.491252 1.24995434E-3 0 9.76657961E-3 0
11.488751 1.25004502E-3 0 9.76587087E-3 0
11.486251 1.25013525E-3 0 9.76516586E-3 0
11.483751 1.25022512E-3 0 9.76446457E-3 0
11.481251 1.24968076E-3 0 9.76871699E-3 0
11.478751 1.25040347E-3 0 9.76307131E-3 0
11.476251 1.24985888E-3 0 9.7673256E-3 0
11.473751 1.24994724E-3 0 9.76663455E-3 0
11.471251 1.25003525E-3 0 9.76594724E-3 0
11.468751 1.25012279E-3 0 9.76526365E-3 0
11.466251 1.24957785E-3 0 9.76952165E-3 0
11.463751 1.2502966E-3 0 9.76390578E-3 0
11.461251 1.24975131E-3 0 9.76816565E-3 0
11.458752 1.24983757E-3 0 9.7674923E-3 0
11.456251 1.25055399E-3 0 9.76189598E-3 0
11.453751 1.25000824E-3 0 9.76615865E-3 0
11.451251 1.24946272E-3 0 9.77042224E-3 0
11.448751 1.25017751E-3 0 9.76483524E-3 0
11.446251 1.25026132E-3 0 9.76418052E-3 0
11.443751 1.24971522E-3 0 9.76844784E-3 0
11.441251 1.25042791E-3 0 9.76288039E-3 0
11.43875 1.24988146E-3 0 9.76714864E-3 0
