READ SERR 1 2
@NeIX_windprof.pco
!
11.637501 2.50014057E-3 5.23340842E-3 6.95601664E-3 9.90680783E-5
11.632501 2.4999443E-3 2.61690957E-3 6.07875595E-3 1.93523665E-4
11.627501 2.49974569E-3 5.23423543E-3 6.95711607E-3 3.54899414E-4
11.622501 2.50019389E-3 2.61664833E-3 6.07814919E-3 5.68699499E-4
11.617501 2.4999897E-3 5.2337246E-3 6.95643714E-3 8.10244295E-4
11.612501 2.49978318E-3 0 4.88353474E-3 1.06829195E-3
11.607501 2.50022183E-3 2.61661923E-3 6.07808121E-3 1.34398916E-3
11.602501 2.50000972E-3 2.61684111E-3 6.07859669E-3 1.64327037E-3
11.597502 2.49979552E-3 2.61706556E-3 6.07911823E-3 1.97231886E-3
11.592502 2.50022463E-3 0 4.88267234E-3 2.33779615E-3
11.587502 2.5000046E-3 5.23369294E-3 6.95639523E-3 2.74825213E-3
11.582501 2.49978248E-3 5.23415813E-3 6.95701316E-3 3.20820208E-3
11.577501 2.50020227E-3 2.61663948E-3 6.0781287E-3 3.71165806E-3
11.572501 2.49997457E-3 2.6168779E-3 6.07868191E-3 4.23851982E-3
11.567501 2.49974476E-3 1.04684737E-2 8.32099654E-3 4.75587603E-3
11.562502 2.50015524E-3 7.85006676E-3 7.68388528E-3 5.23650646E-3
11.557502 2.49991985E-3 2.09354833E-2 1.0357935E-2 5.67187276E-3
11.552502 2.50032358E-3 2.09321026E-2 1.03562623E-2 6.05905382E-3
11.547501 2.5000826E-3 7.85029493E-3 7.68410834E-3 6.40547881E-3
11.5425 2.49983952E-3 7.85105769E-3 7.68485572E-3 6.71505695E-3
11.5375 2.50023394E-3 2.61660642E-3 6.07805187E-3 6.99059712E-3
11.5325 2.49998551E-3 1.5701199E-2 9.4156852E-3 7.23881414E-3
11.527501 2.49973475E-3 1.04685165E-2 8.32103007E-3 7.45903188E-3
11.522501 2.50011985E-3 1.8317081E-2 9.90138203E-3 7.64485588E-3
11.517501 2.49986374E-3 1.04679763E-2 8.32060073E-3 7.78353168E-3
11.512501 2.50024232E-3 2.61659781E-3 6.07803138E-3 7.82832317E-3
11.507501 2.49998085E-3 5.23374276E-3 6.95646182E-3 7.66307628E-3
11.502501 2.49971705E-3 1.30857378E-2 8.89284723E-3 7.12358952E-3
11.497501 2.50008656E-3 1.04670431E-2 8.31985939E-3 6.20364631E-3
11.492501 2.4998174E-3 5.23408502E-3 6.9569163E-3 5.11595234E-3
11.487501 2.50018039E-3 5.23332506E-3 6.95590628E-3 4.06974321E-3
11.482501 2.49990588E-3 1.30847497E-2 8.89217574E-3 3.14707193E-3
11.477501 2.50026234E-3 7.84973055E-3 7.68355606E-3 2.34808354E-3
11.472501 2.49998248E-3 5.2337395E-3 6.95645669E-3 1.66249729E-3
11.467501 2.49970052E-3 7.85149448E-3 7.68528273E-3 1.08296087E-3
11.462502 2.50004791E-3 2.61680107E-3 6.07850403E-3 6.23531465E-4
11.457501 2.50039157E-3 2.61644158E-3 6.07766863E-3 3.13608354E-4
11.452501 2.49947095E-3 2.61740526E-3 6.07990753E-3 1.50857377E-4
11.447501 2.50043883E-3 0 4.88225417E-3 8.37014595E-5
11.442501 2.50014313E-3 5.23340283E-3 6.95600966E-3 5.68288815E-5
11.437501 2.49984534E-3 0 4.8834132E-3 4.3101827E-5
NO NO NO NO NO
11.637501 2.50014057E-3 0 4.88283671E-3 5.72894714E-5
11.632501 2.4999443E-3 5.23381913E-3 6.95656333E-3 1.16044554E-4
11.627501 2.49974569E-3 0 4.88360785E-3 2.33628103E-4
11.622501 2.50019389E-3 2.61664833E-3 6.07814919E-3 4.08459542E-4
11.617501 2.4999897E-3 2.6168623E-3 6.07864559E-3 6.18581311E-4
11.612501 2.49978318E-3 2.61707837E-3 6.07914804E-3 8.47787189E-4
11.607501 2.50022183E-3 2.61661923E-3 6.07808121E-3 1.09320937E-3
11.602501 2.50000972E-3 5.23368223E-3 6.95638126E-3 1.35826902E-3
11.597502 2.49979552E-3 0 4.88351099E-3 1.64771185E-3
11.592502 2.50022463E-3 5.2332324E-3 6.95578335E-3 1.96749694E-3
11.587502 2.5000046E-3 0 4.88310214E-3 2.32608104E-3
11.582501 2.49978248E-3 0 4.88353614E-3 2.73027411E-3
11.577501 2.50020227E-3 2.61663948E-3 6.0781287E-3 3.18054995E-3
11.572501 2.49997457E-3 2.6168779E-3 6.07868191E-3 3.66540067E-3
11.567501 2.49974476E-3 5.23423683E-3 6.9571184E-3 4.15692059E-3
11.562502 2.50015524E-3 7.85006676E-3 7.68388528E-3 4.62575676E-3
11.557502 2.49991985E-3 7.85080623E-3 7.68460892E-3 5.05744852E-3
11.552502 2.50032358E-3 1.56990774E-2 9.41441208E-3 5.44475904E-3
11.547501 2.5000826E-3 1.3083824E-2 8.8915471E-3 5.79215726E-3
11.5425 2.49983952E-3 1.04680769E-2 8.32068082E-3 6.10267092E-3
11.5375 2.50023394E-3 7.84981903E-3 7.68364314E-3 6.37940969E-3
11.5325 2.49998551E-3 5.23373298E-3 6.95644878E-3 6.6296272E-3
11.527501 2.49973475E-3 7.85138737E-3 7.68517796E-3 6.85468968E-3
11.522501 2.50011985E-3 5.23345172E-3 6.95607485E-3 7.05344463E-3
11.517501 2.49986374E-3 2.61699408E-3 6.07895199E-3 7.22442009E-3
11.512501 2.50024232E-3 5.23319561E-3 6.95573399E-3 7.34147662E-3
11.507501 2.49998085E-3 1.04674855E-2 8.3202105E-3 7.32517615E-3
11.502501 2.49971705E-3 2.61714752E-3 6.07930822E-3 7.01615214E-3
11.497501 2.50008656E-3 5.23352157E-3 6.95616752E-3 6.32180087E-3
11.492501 2.4998174E-3 7.85112754E-3 7.68492371E-3 5.36788302E-3
11.487501 2.50018039E-3 1.04666501E-2 8.31954647E-3 4.37024236E-3
11.482501 2.49990588E-3 5.23389969E-3 6.95666997E-3 3.45377717E-3
11.477501 2.50026234E-3 1.30828843E-2 8.89090728E-3 2.64316448E-3
11.472501 2.49998248E-3 0 4.88314545E-3 1.93876366E-3
11.467501 2.49970052E-3 2.61716475E-3 6.07934874E-3 1.33258861E-3
11.462502 2.50004791E-3 0 4.88301739E-3 8.30258301E-4
11.457501 2.50039157E-3 5.23288315E-3 6.95531862E-3 4.58568858E-4
11.452501 2.49947095E-3 2.61740526E-3 6.07990753E-3 2.33664658E-4
11.447501 2.50043883E-3 5.23278397E-3 6.9551873E-3 1.24506521E-4
11.442501 2.50014313E-3 7.85010494E-3 7.68392254E-3 7.61568881E-5
11.437501 2.49984534E-3 1.30850663E-2 8.89239088E-3 5.25459618E-5
NO NO NO NO NO
11.638751 1.25033886E-3 0 9.76357516E-3 1.38384473E-6
11.63625 1.24980172E-3 0 9.7677717E-3 3.4795778E-6
11.633751 1.24991557E-3 1.04681132E-2 1.39137572E-2 1.01993819E-5
11.631251 1.25002873E-3 0 9.76599753E-3 2.58288001E-5
11.628751 1.25014153E-3 0 9.7651165E-3 5.25991964E-5
11.626251 1.24960416E-3 0 9.76931676E-3 8.86484413E-5
11.623752 1.25036587E-3 0 9.76336468E-3 1.29494947E-4
11.621251 1.24982803E-3 5.23442263E-3 1.21589135E-2 1.72168671E-4
11.618752 1.24993944E-3 0 9.76669602E-3 2.15186723E-4
11.616251 1.25005026E-3 0 9.76582989E-3 2.58522428E-4
11.613751 1.25016063E-3 0 9.76496749E-3 3.02511355E-4
11.611251 1.24962255E-3 5.23528364E-3 1.21609131E-2 3.47685389E-4
11.608751 1.25038018E-3 0 9.76325292E-3 3.93781258E-4
11.606251 1.24984165E-3 0 9.76745971E-3 4.41809418E-4
11.603751 1.24995061E-3 0 9.76660848E-3 4.91410145E-4
11.601252 1.25005911E-3 0 9.76576097E-3 5.430858E-4
11.598751 1.25016714E-3 0 9.76491719E-3 5.97162929E-4
11.596251 1.24962826E-3 0 9.7691277E-3 6.54318894E-4
11.593751 1.25038193E-3 0 9.76323895E-3 7.13898276E-4
11.591251 1.24984269E-3 5.23436163E-3 1.2158771E-2 7.77773967E-4
11.588751 1.24994933E-3 0 9.76661872E-3 8.45428731E-4
11.586251 1.25005539E-3 0 9.76578984E-3 9.1792579E-4
11.583751 1.25016109E-3 0 9.76496469E-3 9.95974522E-4
11.581251 1.24962151E-3 5.23528783E-3 1.21609233E-2 1.08071545E-3
11.578752 1.2503711E-3 1.04642985E-2 1.3908687E-2 1.17057422E-3
11.576251 1.24983117E-3 0 9.76754166E-3 1.26704143E-3
11.573751 1.24993548E-3 0 9.76672675E-3 1.36635103E-3
11.571251 1.2500392E-3 5.23353834E-3 1.215686E-2 1.46639126E-3
11.568751 1.25014246E-3 0 9.76510905E-3 1.56443682E-3
11.566252 1.2496023E-3 0 9.76933073E-3 1.65930192E-3
11.563751 1.25034782E-3 5.23224659E-3 1.21538583E-2 1.74709037E-3
11.561252 1.2498073E-3 5.23450971E-3 1.21591156E-2 1.82995806E-3
11.558751 1.24990917E-3 5.23408316E-3 1.21581247E-2 1.90279784E-3
11.556252 1.25001057E-3 5.23365848E-3 1.21571384E-2 1.96319073E-3
11.553751 1.2501115E-3 5.23323566E-3 1.21561568E-2 2.00878899E-3
11.551251 1.25021196E-3 1.5698446E-2 1.53661193E-2 2.04020063E-3
11.548751 1.24967087E-3 0 9.76879429E-3 2.06255051E-3
11.546251 1.25041173E-3 0 9.76300705E-3 2.07921956E-3
11.543751 1.24987029E-3 0 9.76723619E-3 2.10154383E-3
11.541251 1.24996935E-3 1.57014932E-2 1.53691024E-2 2.13122158E-3
11.538751 1.25006796E-3 0 9.76569206E-3 2.1710461E-3
11.536251 1.2501661E-3 0 9.76492558E-3 2.21985625E-3
11.533751 1.2496243E-3 0 9.76915844E-3 2.27592792E-3
11.531251 1.25036109E-3 5.23219118E-3 1.21537298E-2 2.33189669E-3
11.52875 1.24981895E-3 0 9.76763666E-3 2.38926383E-3
11.526251 1.2499158E-3 5.23405569E-3 1.21580604E-2 2.44230148E-3
11.523751 1.25001208E-3 0 9.76612885E-3 2.49121129E-3
11.521251 1.25010789E-3 1.0466502E-2 1.39116161E-2 2.53606564E-3
11.518751 1.25020312E-3 0 9.764635E-3 2.57739471E-3
11.516251 1.24966062E-3 5.23512438E-3 1.21605434E-2 2.6173119E-3
11.513751 1.2497555E-3 0 9.76813305E-3 2.65370193E-3
11.511251 1.25048682E-3 0 9.76242032E-3 2.68581347E-3
11.508751 1.24994363E-3 1.04678776E-2 1.39134433E-2 2.71278364E-3
11.50625 1.25003711E-3 5.23354718E-3 1.21568795E-2 2.71552289E-3
11.503751 1.25013012E-3 0 9.7652059E-3 2.66941008E-3
11.501251 1.24958693E-3 1.04708653E-2 1.39174154E-2 2.55506206E-3
11.498751 1.25031511E-3 0 9.76376142E-3 2.37357081E-3
11.496251 1.24977145E-3 5.23466012E-3 1.21594649E-2 2.15870701E-3
11.493752 1.24986307E-3 0 9.76729207E-3 1.93682942E-3
11.491252 1.24995434E-3 5.2338941E-3 1.21576851E-2 1.7255157E-3
11.488751 1.25004502E-3 5.23351412E-3 1.21568032E-2 1.53015601E-3
11.486251 1.25013525E-3 5.23313647E-3 1.21559259E-2 1.35060528E-3
11.483751 1.25022512E-3 0 9.76446457E-3 1.18531927E-3
11.481251 1.24968076E-3 0 9.76871699E-3 1.03321706E-3
11.478751 1.25040347E-3 0 9.76307131E-3 8.91376403E-4
11.476251 1.24985888E-3 0 9.7673256E-3 7.60628784E-4
11.473751 1.24994724E-3 0 9.76663455E-3 6.38597354E-4
11.471251 1.25003525E-3 0 9.76594724E-3 5.24931762E-4
11.468751 1.25012279E-3 1.04663773E-2 1.39114503E-2 4.18933923E-4
11.466251 1.24957785E-3 0 9.76952165E-3 3.20358668E-4
11.463751 1.2502966E-3 5.23246126E-3 1.21543566E-2 2.29197001E-4
11.461251 1.24975131E-3 5.23474393E-3 1.21596595E-2 1.48804844E-4
11.458752 1.24983757E-3 0 9.7674923E-3 8.42907029E-5
11.456251 1.25055399E-3 0 9.76189598E-3 4.04249367E-5
11.453751 1.25000824E-3 5.23366826E-3 1.21571617E-2 1.6518894E-5
11.451251 1.24946272E-3 5.23595326E-3 1.21624693E-2 6.28691942E-6
11.448751 1.25017751E-3 0 9.76483524E-3 2.76907144E-6
11.446251 1.25026132E-3 0 9.76418052E-3 1.7492938E-6
11.443751 1.24971522E-3 0 9.76844784E-3 1.39469E-6
11.441251 1.25042791E-3 0 9.76288039E-3 1.17969148E-6
11.43875 1.24988146E-3 5.23419911E-3 1.21583948E-2 1.01714522E-6
NO NO NO NO NO
11.638751 1.25033886E-3 0 9.76357516E-3 0
11.63625 1.24980172E-3 0 9.7677717E-3 0
11.633751 1.24991557E-3 0 9.76688229E-3 0
11.631251 1.25002873E-3 0 9.76599753E-3 0
11.628751 1.25014153E-3 0 9.7651165E-3 0
11.626251 1.24960416E-3 0 9.76931676E-3 0
11.623752 1.25036587E-3 0 9.76336468E-3 0
11.621251 1.24982803E-3 0 9.76756588E-3 0
11.618752 1.24993944E-3 0 9.76669602E-3 0
11.616251 1.25005026E-3 0 9.76582989E-3 0
11.613751 1.25016063E-3 0 9.76496749E-3 0
11.611251 1.24962255E-3 0 9.76917241E-3 0
11.608751 1.25038018E-3 0 9.76325292E-3 0
11.606251 1.24984165E-3 0 9.76745971E-3 0
11.603751 1.24995061E-3 0 9.76660848E-3 0
11.601252 1.25005911E-3 0 9.76576097E-3 0
11.598751 1.25016714E-3 0 9.76491719E-3 0
11.596251 1.24962826E-3 0 9.7691277E-3 0
11.593751 1.25038193E-3 0 9.76323895E-3 0
11.591251 1.24984269E-3 0 9.76745132E-3 0
11.588751 1.24994933E-3 0 9.76661872E-3 0
11.586251 1.25005539E-3 0 9.76578984E-3 0
11.583751 1.25016109E-3 0 9.76496469E-3 0
11.581251 1.24962151E-3 0 9.76917986E-3 0
11.578752 1.2503711E-3 0 9.7633237E-3 0
11.576251 1.24983117E-3 0 9.76754166E-3 0
11.573751 1.24993548E-3 0 9.76672675E-3 0
11.571251 1.2500392E-3 0 9.7659165E-3 0
11.568751 1.25014246E-3 0 9.76510905E-3 0
11.566252 1.2496023E-3 0 9.76933073E-3 0
11.563751 1.25034782E-3 0 9.76350531E-3 0
11.561252 1.2498073E-3 0 9.76772886E-3 0
11.558751 1.24990917E-3 0 9.76693258E-3 0
11.556252 1.25001057E-3 0 9.76614002E-3 0
11.553751 1.2501115E-3 0 9.76535119E-3 0
11.551251 1.25021196E-3 0 9.76456702E-3 0
11.548751 1.24967087E-3 0 9.76879429E-3 0
11.546251 1.25041173E-3 0 9.76300705E-3 0
11.543751 1.24987029E-3 0 9.76723619E-3 0
11.541251 1.24996935E-3 0 9.76646226E-3 0
11.538751 1.25006796E-3 0 9.76569206E-3 0
11.536251 1.2501661E-3 0 9.76492558E-3 0
11.533751 1.2496243E-3 0 9.76915844E-3 0
11.531251 1.25036109E-3 0 9.76340193E-3 0
11.52875 1.24981895E-3 0 9.76763666E-3 0
11.526251 1.2499158E-3 0 9.76688042E-3 0
11.523751 1.25001208E-3 0 9.76612885E-3 0
11.521251 1.25010789E-3 0 9.76538006E-3 0
11.518751 1.25020312E-3 0 9.764635E-3 0
11.516251 1.24966062E-3 0 9.76887532E-3 0
11.513751 1.2497555E-3 0 9.76813305E-3 0
11.511251 1.25048682E-3 0 9.76242032E-3 0
11.508751 1.24994363E-3 0 9.76666249E-3 0
11.50625 1.25003711E-3 0 9.76593234E-3 0
11.503751 1.25013012E-3 0 9.7652059E-3 0
11.501251 1.24958693E-3 0 9.76945087E-3 0
11.498751 1.25031511E-3 0 9.76376142E-3 0
11.496251 1.24977145E-3 0 9.76800825E-3 0
11.493752 1.24986307E-3 0 9.76729207E-3 0
11.491252 1.24995434E-3 0 9.76657961E-3 0
11.488751 1.25004502E-3 0 9.76587087E-3 0
11.486251 1.25013525E-3 0 9.76516586E-3 0
11.483751 1.25022512E-3 0 9.76446457E-3 0
11.481251 1.24968076E-3 0 9.76871699E-3 0
11.478751 1.25040347E-3 0 9.76307131E-3 0
11.476251 1.24985888E-3 0 9.7673256E-3 0
11.473751 1.24994724E-3 0 9.76663455E-3 0
11.471251 1.25003525E-3 0 9.76594724E-3 0
11.468751 1.25012279E-3 0 9.76526365E-3 0
11.466251 1.24957785E-3 0 9.76952165E-3 0
11.463751 1.2502966E-3 0 9.76390578E-3 0
11.461251 1.24975131E-3 0 9.76816565E-3 0
11.458752 1.24983757E-3 0 9.7674923E-3 0
11.456251 1.25055399E-3 0 9.76189598E-3 0
11.453751 1.25000824E-3 0 9.76615865E-3 0
11.451251 1.24946272E-3 0 9.77042224E-3 0
11.448751 1.25017751E-3 0 9.76483524E-3 0
11.446251 1.25026132E-3 0 9.76418052E-3 0
11.443751 1.24971522E-3 0 9.76844784E-3 0
11.441251 1.25042791E-3 0 9.76288039E-3 0
11.43875 1.24988146E-3 0 9.76714864E-3 0
