READ SERR 1 2
@NeX_windprof.pco
!
12.177502 2.50014896E-3 0 4.88282042E-3 5.66091808E-3
12.172501 2.50023301E-3 5.2332147E-3 6.9557596E-3 6.26562908E-3
12.167501 2.49960297E-3 5.23453392E-3 6.95751281E-3 6.90699508E-3
12.162501 2.50039366E-3 7.84931798E-3 7.68315233E-3 7.5865793E-3
12.157501 2.49975943E-3 5.23420656E-3 6.95707789E-3 8.32265522E-3
12.152501 2.4998337E-3 1.04681011E-2 8.32070038E-3 9.12344921E-3
12.147502 2.49990541E-3 1.04678012E-2 8.32046196E-3 1.00127347E-2
12.142502 2.49997433E-3 1.30843911E-2 8.89193173E-3 1.1027568E-2
12.137502 2.50004069E-3 1.30840447E-2 8.89169611E-3 1.22370785E-2
12.132502 2.50010425E-3 2.87841652E-2 1.15864836E-2 1.37155429E-2
12.127501 2.50016502E-3 2.35501081E-2 1.07872551E-2 1.54300565E-2
12.122501 2.500223E-3 2.87827961E-2 1.15859322E-2 1.71707943E-2
12.117501 2.49957293E-3 1.30864922E-2 8.89335945E-3 1.86621435E-2
12.112501 2.50033196E-3 2.61650402E-2 1.11952862E-2 1.96922794E-2
12.107501 2.49967747E-3 1.8320322E-2 9.90313478E-3 2.02125516E-2
12.102501 2.50042998E-3 1.56984087E-2 9.41401161E-3 2.02161036E-2
12.097501 2.4997713E-3 1.30854538E-2 8.89265444E-3 1.97820943E-2
12.092502 2.49981461E-3 1.57022737E-2 9.41632874E-3 1.89574957E-2
12.087502 2.49985512E-3 1.57020185E-2 9.41617601E-3 1.78047605E-2
12.082501 2.50059436E-3 2.09298339E-2 1.03551401E-2 1.63690764E-2
12.0775 2.49992753E-3 2.35523451E-2 1.07882796E-2 1.47098964E-2
12.072501 2.49996013E-3 1.83182526E-2 9.90201533E-3 1.28560551E-2
12.067501 2.49998993E-3 5.23372367E-3 6.95643621E-3 1.08518405E-2
12.062501 2.50001717E-3 2.09346656E-2 1.03575308E-2 8.73884372E-3
12.057501 2.50004185E-3 1.04672303E-2 8.32000747E-3 6.57229777E-3
12.052501 2.50006397E-3 2.61678454E-3 6.07846538E-3 4.4487128E-3
12.047502 2.49938574E-3 1.04699777E-2 8.32219142E-3 2.58336146E-3
12.042501 2.50010053E-3 5.23349224E-3 6.9561284E-3 1.25701237E-3
12.037501 2.5001145E-3 5.2334629E-3 6.95608929E-3 5.57411404E-4
12.032501 2.50012614E-3 2.61671934E-3 6.07831404E-3 2.80753244E-4
12.027501 2.50013499E-3 2.61671003E-3 6.07829262E-3 1.78510672E-4
NO NO NO NO NO
12.177502 2.50014896E-3 2.61669536E-3 6.07825816E-3 4.84283688E-3
12.172501 2.50023301E-3 5.2332147E-3 6.9557596E-3 5.41491667E-3
12.167501 2.49960297E-3 0 4.88388678E-3 6.01357687E-3
12.162501 2.50039366E-3 7.84931798E-3 7.68315233E-3 6.63851015E-3
12.157501 2.49975943E-3 1.04684131E-2 8.32094811E-3 7.30599742E-3
12.152501 2.4998337E-3 1.57021526E-2 9.4162561E-3 8.02277308E-3
12.147502 2.49990541E-3 1.83186531E-2 9.9022314E-3 8.80637765E-3
12.142502 2.49997433E-3 1.04675125E-2 8.32023192E-3 9.68425348E-3
12.137502 2.50004069E-3 0 4.88303183E-3 1.07135754E-2
12.132502 2.50010425E-3 1.83171965E-2 9.90144443E-3 1.19792577E-2
12.127501 2.50016502E-3 1.30833937E-2 8.89125373E-3 1.35144638E-2
12.122501 2.500223E-3 1.5699707E-2 9.4147902E-3 1.51940417E-2
12.117501 2.49957293E-3 2.35556867E-2 1.07898107E-2 1.67700425E-2
12.112501 2.50033196E-3 2.3548536E-2 1.07865352E-2 1.79985743E-2
12.107501 2.49967747E-3 2.35547014E-2 1.0789359E-2 1.87785029E-2
12.102501 2.50042998E-3 2.61640139E-2 1.11948475E-2 1.90649685E-2
12.097501 2.4997713E-3 2.09367257E-2 1.03585497E-2 1.89115368E-2
12.092502 2.49981461E-3 2.35534087E-2 1.07887676E-2 1.83560159E-2
12.087502 2.49985512E-3 2.35530268E-2 1.07885925E-2 1.74602661E-2
12.082501 2.50059436E-3 1.83136053E-2 9.89950355E-3 1.62716787E-2
12.0775 2.49992753E-3 2.61692721E-2 1.11970976E-2 1.48484092E-2
12.072501 2.49996013E-3 1.30844656E-2 8.89198296E-3 1.321493E-2
12.067501 2.49998993E-3 1.83180328E-2 9.90189705E-3 1.14109116E-2
12.062501 2.50001717E-3 2.35514995E-2 1.07878922E-2 9.47150309E-3
12.057501 2.50004185E-3 1.83176529E-2 9.90169123E-3 7.43561471E-3
12.052501 2.50006397E-3 1.04671381E-2 8.3199339E-3 5.3668702E-3
12.047502 2.49938574E-3 2.61749444E-3 6.08011428E-3 3.42307542E-3
12.042501 2.50010053E-3 7.85023812E-3 7.68405339E-3 1.87194801E-3
12.037501 2.5001145E-3 7.85019435E-3 7.68401008E-3 9.10491683E-4
12.032501 2.50012614E-3 2.61671934E-3 6.07831404E-3 4.52415668E-4
12.027501 2.50013499E-3 7.85013009E-3 7.68394768E-3 2.57937005E-4
NO NO NO NO NO
12.178752 1.24997471E-3 0 9.76642035E-3 2.00973847E-3
12.176251 1.25017425E-3 0 9.76486132E-3 2.11874349E-3
12.173752 1.24966097E-3 5.23512252E-3 1.21605387E-2 2.23104819E-3
12.171251 1.25057204E-3 0 9.76175442E-3 2.34271679E-3
12.168751 1.2500583E-3 5.23345871E-3 1.21566746E-2 2.45908252E-3
12.166251 1.24954479E-3 5.2356096E-3 1.21616703E-2 2.57803011E-3
12.163751 1.25045388E-3 1.04636056E-2 1.3907766E-2 2.69702915E-3
12.161251 1.2499399E-3 5.23395464E-3 1.21578258E-2 2.82259518E-3
12.158751 1.24942616E-3 0 9.77070816E-3 2.95238406E-3
12.156252 1.25033327E-3 5.23230759E-3 1.21540008E-2 3.08359391E-3
12.153751 1.24981906E-3 5.23446081E-3 1.2159002E-2 3.22375586E-3
12.151252 1.25001476E-3 0 9.76610743E-3 3.36831389E-3
12.148751 1.25020999E-3 5.23282401E-3 1.21551994E-2 3.51988175E-3
12.146252 1.24969543E-3 5.23497816E-3 1.21602034E-2 3.68143851E-3
12.143751 1.25059893E-3 1.56935882E-2 1.5361364E-2 3.84790893E-3
12.141252 1.2493754E-3 0 9.7711049E-3 4.03235806E-3
12.138751 1.25027774E-3 0 9.76405293E-3 4.22589341E-3
12.136251 1.24976283E-3 1.04693919E-2 1.39154568E-2 4.44880547E-3
12.133752 1.24995585E-3 1.04677752E-2 1.39133083E-2 4.70688008E-3
12.131251 1.25014829E-3 1.0466164E-2 1.39111662E-2 5.01452014E-3
12.128751 1.25034025E-3 0 9.76356491E-3 5.37325209E-3
12.126251 1.24982477E-3 1.04688732E-2 1.39147667E-2 5.77230426E-3
12.123751 1.25001615E-3 1.57009047E-2 1.53685259E-2 6.18009456E-3
12.121251 1.25020696E-3 5.23283612E-3 1.21552283E-2 6.5727937E-3
12.118751 1.24969136E-3 1.57049857E-2 1.53725212E-2 6.93282112E-3
12.116251 1.24988158E-3 1.57025959E-2 1.53701808E-2 7.23866327E-3
12.113751 1.25007133E-3 1.04668085E-2 1.39120221E-2 7.48676853E-3
12.111251 1.25026051E-3 1.56978369E-2 1.53655224E-2 7.67478067E-3
12.108751 1.24974444E-3 0 9.76821966E-3 7.80823408E-3
12.106252 1.24993303E-3 1.04679661E-2 1.39135616E-2 7.88151938E-3
12.103751 1.25012116E-3 2.09327824E-2 1.66386813E-2 7.90304504E-3
12.101251 1.25030871E-3 0 9.76381078E-3 7.87700433E-3
12.098751 1.24979217E-3 1.57037191E-2 1.53712807E-2 7.81173725E-3
12.096251 1.24997913E-3 1.04675796E-2 1.39130484E-2 7.70168472E-3
12.093751 1.25016563E-3 0 9.76492837E-3 7.5541581E-3
12.091251 1.24964886E-3 5.23517327E-3 1.2160657E-2 7.37623312E-3
12.088752 1.24983478E-3 5.23439422E-3 1.21588474E-2 7.16248574E-3
12.086252 1.25002023E-3 5.23361797E-3 1.21570444E-2 6.91987202E-3
12.083752 1.2502051E-3 1.04656881E-2 1.39105339E-2 6.6507603E-3
12.081251 1.25038938E-3 0 9.76318121E-3 6.35771174E-3
12.078751 1.24987192E-3 1.04684783E-2 1.39142424E-2 6.04679482E-3
12.076251 1.25005562E-3 1.57004092E-2 1.53680407E-2 5.71339997E-3
12.073751 1.24953827E-3 1.04712732E-2 1.39179574E-2 5.36583923E-3
12.071251 1.25042186E-3 5.23193693E-3 1.21531393E-2 4.99618286E-3
12.068751 1.24990393E-3 5.23410505E-3 1.21581759E-2 4.61698743E-3
12.066251 1.25008612E-3 5.23334229E-3 1.21564036E-2 4.22096811E-3
12.063751 1.24956819E-3 0 9.76959709E-3 3.81445675E-3
12.061252 1.2504491E-3 5.23182331E-3 1.21528748E-2 3.39212269E-3
12.058751 1.2499307E-3 5.23399282E-3 1.21579152E-2 2.96278088E-3
12.056251 1.25011127E-3 1.04664741E-2 1.39115788E-2 2.52143224E-3
12.053751 1.24959287E-3 0 9.76940431E-3 2.07250682E-3
12.051251 1.25047099E-3 5.23173157E-3 1.21526625E-2 1.61615189E-3
12.048751 1.24995213E-3 0 9.76659637E-3 1.16794673E-3
12.046251 1.24943361E-3 0 9.77064949E-3 7.54306209E-4
12.043752 1.25030975E-3 5.23240585E-3 1.2154229E-2 4.18758311E-4
12.041251 1.24979077E-3 5.23457909E-3 1.21592768E-2 1.94631648E-4
12.038752 1.24996866E-3 5.23383403E-3 1.21575464E-2 7.59770119E-5
12.036251 1.25014596E-3 0 9.76508204E-3 2.67748837E-5
12.033751 1.25032279E-3 0 9.76370089E-3 1.05992349E-5
12.031251 1.24980335E-3 5.23452647E-3 1.21591548E-2 6.2089116E-6
12.028751 1.2499796E-3 0 9.76638217E-3 4.80753852E-6
NO NO NO NO NO
12.178752 1.24997471E-3 0 9.76642035E-3 0
12.176251 1.25017425E-3 0 9.76486132E-3 0
12.173752 1.24966097E-3 0 9.76887159E-3 0
12.171251 1.25057204E-3 0 9.76175442E-3 0
12.168751 1.2500583E-3 0 9.76576749E-3 0
12.166251 1.24954479E-3 0 9.76978056E-3 0
12.163751 1.25045388E-3 0 9.76267736E-3 0
12.161251 1.2499399E-3 0 9.7666923E-3 0
12.158751 1.24942616E-3 0 9.77070816E-3 0
12.156252 1.25033327E-3 0 9.76361893E-3 0
12.153751 1.24981906E-3 0 9.76763666E-3 0
12.151252 1.25001476E-3 0 9.76610743E-3 0
12.148751 1.25020999E-3 0 9.76458285E-3 0
12.146252 1.24969543E-3 0 9.76860244E-3 0
12.143751 1.25059893E-3 0 9.76154488E-3 0
12.141252 1.2493754E-3 0 9.7711049E-3 0
12.138751 1.25027774E-3 0 9.76405293E-3 0
12.136251 1.24976283E-3 0 9.76807624E-3 0
12.133752 1.24995585E-3 0 9.7665675E-3 0
12.131251 1.25014829E-3 0 9.76506434E-3 0
12.128751 1.25034025E-3 0 9.76356491E-3 0
12.126251 1.24982477E-3 0 9.76759195E-3 0
12.123751 1.25001615E-3 0 9.76609625E-3 0
12.121251 1.25020696E-3 0 9.76460613E-3 0
12.118751 1.24969136E-3 0 9.76863503E-3 0
12.116251 1.24988158E-3 0 9.76714771E-3 0
12.113751 1.25007133E-3 0 9.76566505E-3 0
12.111251 1.25026051E-3 0 9.76418704E-3 0
12.108751 1.24974444E-3 0 9.76821966E-3 0
12.106252 1.24993303E-3 0 9.76674538E-3 0
12.103751 1.25012116E-3 0 9.76527575E-3 0
12.101251 1.25030871E-3 0 9.76381078E-3 0
12.098751 1.24979217E-3 0 9.7678462E-3 0
12.096251 1.24997913E-3 0 9.76638496E-3 0
12.093751 1.25016563E-3 0 9.76492837E-3 0
12.091251 1.24964886E-3 0 9.76896659E-3 0
12.088752 1.24983478E-3 0 9.76751279E-3 0
12.086252 1.25002023E-3 0 9.76606458E-3 0
12.083752 1.2502051E-3 0 9.7646201E-3 0
12.081251 1.25038938E-3 0 9.76318121E-3 0
12.078751 1.24987192E-3 0 9.76722315E-3 0
12.076251 1.25005562E-3 0 9.76578798E-3 0
12.073751 1.24953827E-3 0 9.76983178E-3 0
12.071251 1.25042186E-3 0 9.76292789E-3 0
12.068751 1.24990393E-3 0 9.76697356E-3 0
12.066251 1.25008612E-3 0 9.76554956E-3 0
12.063751 1.24956819E-3 0 9.76959709E-3 0
12.061252 1.2504491E-3 0 9.76271555E-3 0
12.058751 1.2499307E-3 0 9.76676401E-3 0
12.056251 1.25011127E-3 0 9.76535399E-3 0
12.053751 1.24959287E-3 0 9.76940431E-3 0
12.051251 1.25047099E-3 0 9.76254418E-3 0
12.048751 1.24995213E-3 0 9.76659637E-3 0
12.046251 1.24943361E-3 0 9.77064949E-3 0
12.043752 1.25030975E-3 0 9.7638024E-3 0
12.041251 1.24979077E-3 0 9.76785738E-3 0
12.038752 1.24996866E-3 0 9.76646785E-3 0
12.036251 1.25014596E-3 0 9.76508204E-3 0
12.033751 1.25032279E-3 0 9.76370089E-3 0
12.031251 1.24980335E-3 0 9.76775959E-3 0
12.028751 1.2499796E-3 0 9.76638217E-3 0
