READ SERR 1 2
@NeX_12_pow.pco
!
12.177502 2.50014896E-3 0 4.88282042E-3 3.07870423E-3
12.172501 2.50023301E-3 5.2332147E-3 6.9557596E-3 3.09074786E-3
12.167501 2.49960297E-3 5.23453392E-3 6.95751281E-3 3.10353166E-3
12.162501 2.50039366E-3 7.84931798E-3 7.68315233E-3 3.11444211E-3
12.157501 2.49975943E-3 5.23420656E-3 6.95707789E-3 3.12692346E-3
12.152501 2.4998337E-3 1.04681011E-2 8.32070038E-3 3.13826231E-3
12.147502 2.49990541E-3 1.04678012E-2 8.32046196E-3 3.14872433E-3
12.142502 2.49997433E-3 1.30843911E-2 8.89193173E-3 3.15800169E-3
12.137502 2.50004069E-3 1.30840447E-2 8.89169611E-3 3.16669513E-3
12.132502 2.50010425E-3 2.87841652E-2 1.15864836E-2 3.17522231E-3
12.127501 2.50016502E-3 2.35501081E-2 1.07872551E-2 3.18332133E-3
12.122501 2.500223E-3 2.87827961E-2 1.15859322E-2 3.19098472E-3
12.117501 2.49957293E-3 1.30864922E-2 8.89335945E-3 3.19982693E-3
12.112501 2.50033196E-3 2.61650402E-2 1.11952862E-2 3.20758624E-3
12.107501 2.49967747E-3 1.8320322E-2 9.90313478E-3 3.21733137E-3
12.102501 2.50042998E-3 1.56984087E-2 9.41401161E-3 3.22503597E-3
12.097501 2.4997713E-3 1.30854538E-2 8.89265444E-3 3.23479483E-3
12.092502 2.49981461E-3 1.57022737E-2 9.41632874E-3 3.24412365E-3
12.087502 2.49985512E-3 1.57020185E-2 9.41617601E-3 3.25339218E-3
12.082501 2.50059436E-3 2.09298339E-2 1.03551401E-2 3.26096965E-3
12.0775 2.49992753E-3 2.35523451E-2 1.07882796E-2 3.26931686E-3
12.072501 2.49996013E-3 1.83182526E-2 9.90201533E-3 3.27594299E-3
12.067501 2.49998993E-3 5.23372367E-3 6.95643621E-3 3.28218774E-3
12.062501 2.50001717E-3 2.09346656E-2 1.03575308E-2 3.28845042E-3
12.057501 2.50004185E-3 1.04672303E-2 8.32000747E-3 3.29506001E-3
12.052501 2.50006397E-3 2.61678454E-3 6.07846538E-3 3.3021511E-3
12.047502 2.49938574E-3 1.04699777E-2 8.32219142E-3 3.31058982E-3
12.042501 2.50010053E-3 5.23349224E-3 6.9561284E-3 3.31695448E-3
12.037501 2.5001145E-3 5.2334629E-3 6.95608929E-3 3.32327071E-3
12.032501 2.50012614E-3 2.61671934E-3 6.07831404E-3 3.32890078E-3
12.027501 2.50013499E-3 2.61671003E-3 6.07829262E-3 3.33444215E-3
NO NO NO NO NO
12.177502 2.50014896E-3 2.61669536E-3 6.07825816E-3 2.8011573E-3
12.172501 2.50023301E-3 5.2332147E-3 6.9557596E-3 2.8320069E-3
12.167501 2.49960297E-3 0 4.88388678E-3 2.85899243E-3
12.162501 2.50039366E-3 7.84931798E-3 7.68315233E-3 2.87982496E-3
12.157501 2.49975943E-3 1.04684131E-2 8.32094811E-3 2.89904163E-3
12.152501 2.4998337E-3 1.57021526E-2 9.4162561E-3 2.91552953E-3
12.147502 2.49990541E-3 1.83186531E-2 9.9022314E-3 2.93034152E-3
12.142502 2.49997433E-3 1.04675125E-2 8.32023192E-3 2.94348481E-3
12.137502 2.50004069E-3 0 4.88303183E-3 2.95551377E-3
12.132502 2.50010425E-3 1.83171965E-2 9.90144443E-3 2.96702166E-3
12.127501 2.50016502E-3 1.30833937E-2 8.89125373E-3 2.97825551E-3
12.122501 2.500223E-3 1.5699707E-2 9.4147902E-3 2.98903999E-3
12.117501 2.49957293E-3 2.35556867E-2 1.07898107E-2 3.00036208E-3
12.112501 2.50033196E-3 2.3548536E-2 1.07865352E-2 3.0102029E-3
12.107501 2.49967747E-3 2.35547014E-2 1.0789359E-2 3.02160857E-3
12.102501 2.50042998E-3 2.61640139E-2 1.11948475E-2 3.03071504E-3
12.097501 2.4997713E-3 2.09367257E-2 1.03585497E-2 3.04126577E-3
12.092502 2.49981461E-3 2.35534087E-2 1.07887676E-2 3.05106165E-3
12.087502 2.49985512E-3 2.35530268E-2 1.07885925E-2 3.06106242E-3
12.082501 2.50059436E-3 1.83136053E-2 9.89950355E-3 3.07033909E-3
12.0775 2.49992753E-3 2.61692721E-2 1.11970976E-2 3.08108469E-3
12.072501 2.49996013E-3 1.30844656E-2 8.89198296E-3 3.09019675E-3
12.067501 2.49998993E-3 1.83180328E-2 9.90189705E-3 3.09838774E-3
12.062501 2.50001717E-3 2.35514995E-2 1.07878922E-2 3.10616801E-3
12.057501 2.50004185E-3 1.83176529E-2 9.90169123E-3 3.11424886E-3
12.052501 2.50006397E-3 1.04671381E-2 8.3199339E-3 3.12287989E-3
12.047502 2.49938574E-3 2.61749444E-3 6.08011428E-3 3.13266157E-3
12.042501 2.50010053E-3 7.85023812E-3 7.68405339E-3 3.14068818E-3
12.037501 2.5001145E-3 7.85019435E-3 7.68401008E-3 3.14947614E-3
12.032501 2.50012614E-3 2.61671934E-3 6.07831404E-3 3.15809739E-3
12.027501 2.50013499E-3 7.85013009E-3 7.68394768E-3 3.16649606E-3
NO NO NO NO NO
12.178752 1.24997471E-3 0 9.76642035E-3 1.1733257E-3
12.176251 1.25017425E-3 0 9.76486132E-3 1.17521244E-3
12.173752 1.24966097E-3 5.23512252E-3 1.21605387E-2 1.17752468E-3
12.171251 1.25057204E-3 0 9.76175442E-3 1.17808778E-3
12.168751 1.2500583E-3 5.23345871E-3 1.21566746E-2 1.17954949E-3
12.166251 1.24954479E-3 5.2356096E-3 1.21616703E-2 1.18066987E-3
12.163751 1.25045388E-3 1.04636056E-2 1.3907766E-2 1.18024473E-3
12.161251 1.2499399E-3 5.23395464E-3 1.21578258E-2 1.18104974E-3
12.158751 1.24942616E-3 0 9.77070816E-3 1.18182017E-3
12.156252 1.25033327E-3 5.23230759E-3 1.21540008E-2 1.18130422E-3
12.153751 1.24981906E-3 5.23446081E-3 1.2159002E-2 1.18222286E-3
12.151252 1.25001476E-3 0 9.76610743E-3 1.18256221E-3
12.148751 1.25020999E-3 5.23282401E-3 1.21551994E-2 1.18300039E-3
12.146252 1.24969543E-3 5.23497816E-3 1.21602034E-2 1.1841557E-3
12.143751 1.25059893E-3 1.56935882E-2 1.5361364E-2 1.18394266E-3
12.141252 1.2493754E-3 0 9.7711049E-3 1.18572614E-3
12.138751 1.25027774E-3 0 9.76405293E-3 1.18557701E-3
12.136251 1.24976283E-3 1.04693919E-2 1.39154568E-2 1.18703209E-3
12.133752 1.24995585E-3 1.04677752E-2 1.39133083E-2 1.1881782E-3
12.131251 1.25014829E-3 1.0466164E-2 1.39111662E-2 1.18969101E-3
12.128751 1.25034025E-3 0 9.76356491E-3 1.19145005E-3
12.126251 1.24982477E-3 1.04688732E-2 1.39147667E-2 1.19400967E-3
12.123751 1.25001615E-3 1.57009047E-2 1.53685259E-2 1.19593798E-3
12.121251 1.25020696E-3 5.23283612E-3 1.21552283E-2 1.19786733E-3
12.118751 1.24969136E-3 1.57049857E-2 1.53725212E-2 1.2004195E-3
12.116251 1.24988158E-3 1.57025959E-2 1.53701808E-2 1.20217586E-3
12.113751 1.25007133E-3 1.04668085E-2 1.39120221E-2 1.20373152E-3
12.111251 1.25026051E-3 1.56978369E-2 1.53655224E-2 1.20504445E-3
12.108751 1.24974444E-3 0 9.76821966E-3 1.20684912E-3
12.106252 1.24993303E-3 1.04679661E-2 1.39135616E-2 1.20789616E-3
12.103751 1.25012116E-3 2.09327824E-2 1.66386813E-2 1.20898499E-3
12.101251 1.25030871E-3 0 9.76381078E-3 1.21019641E-3
12.098751 1.24979217E-3 1.57037191E-2 1.53712807E-2 1.21224485E-3
12.096251 1.24997913E-3 1.04675796E-2 1.39130484E-2 1.2137139E-3
12.093751 1.25016563E-3 0 9.76492837E-3 1.21519447E-3
12.091251 1.24964886E-3 5.23517327E-3 1.2160657E-2 1.21732336E-3
12.088752 1.24983478E-3 5.23439422E-3 1.21588474E-2 1.21872884E-3
12.086252 1.25002023E-3 5.23361797E-3 1.21570444E-2 1.22007995E-3
12.083752 1.2502051E-3 1.04656881E-2 1.39105339E-2 1.22134422E-3
12.081251 1.25038938E-3 0 9.76318121E-3 1.22256589E-3
12.078751 1.24987192E-3 1.04684783E-2 1.39142424E-2 1.22454285E-3
12.076251 1.25005562E-3 1.57004092E-2 1.53680407E-2 1.22600037E-3
12.073751 1.24953827E-3 1.04712732E-2 1.39179574E-2 1.22832856E-3
12.071251 1.25042186E-3 5.23193693E-3 1.21531393E-2 1.2293692E-3
12.068751 1.24990393E-3 5.23410505E-3 1.21581759E-2 1.23177352E-3
12.066251 1.25008612E-3 5.23334229E-3 1.21564036E-2 1.23343861E-3
12.063751 1.24956819E-3 0 9.76959709E-3 1.23579777E-3
12.061252 1.2504491E-3 5.23182331E-3 1.21528748E-2 1.23673491E-3
12.058751 1.2499307E-3 5.23399282E-3 1.21579152E-2 1.23885297E-3
12.056251 1.25011127E-3 1.04664741E-2 1.39115788E-2 1.23983587E-3
12.053751 1.24959287E-3 0 9.76940431E-3 1.24092249E-3
12.051251 1.25047099E-3 5.23173157E-3 1.21526625E-2 1.24002201E-3
12.048751 1.24995213E-3 0 9.76659637E-3 1.24012365E-3
12.046251 1.24943361E-3 0 9.77064949E-3 1.24015706E-3
12.043752 1.25030975E-3 5.23240585E-3 1.2154229E-2 1.23897428E-3
12.041251 1.24979077E-3 5.23457909E-3 1.21592768E-2 1.23946765E-3
12.038752 1.24996866E-3 5.23383403E-3 1.21575464E-2 1.23962166E-3
12.036251 1.25014596E-3 0 9.76508204E-3 1.24013878E-3
12.033751 1.25032279E-3 0 9.76370089E-3 1.24092691E-3
12.031251 1.24980335E-3 5.23452647E-3 1.21591548E-2 1.24260108E-3
12.028751 1.2499796E-3 0 9.76638217E-3 1.24374265E-3
NO NO NO NO NO
12.178752 1.24997471E-3 0 9.76642035E-3 0
12.176251 1.25017425E-3 0 9.76486132E-3 0
12.173752 1.24966097E-3 0 9.76887159E-3 0
12.171251 1.25057204E-3 0 9.76175442E-3 0
12.168751 1.2500583E-3 0 9.76576749E-3 0
12.166251 1.24954479E-3 0 9.76978056E-3 0
12.163751 1.25045388E-3 0 9.76267736E-3 0
12.161251 1.2499399E-3 0 9.7666923E-3 0
12.158751 1.24942616E-3 0 9.77070816E-3 0
12.156252 1.25033327E-3 0 9.76361893E-3 0
12.153751 1.24981906E-3 0 9.76763666E-3 0
12.151252 1.25001476E-3 0 9.76610743E-3 0
12.148751 1.25020999E-3 0 9.76458285E-3 0
12.146252 1.24969543E-3 0 9.76860244E-3 0
12.143751 1.25059893E-3 0 9.76154488E-3 0
12.141252 1.2493754E-3 0 9.7711049E-3 0
12.138751 1.25027774E-3 0 9.76405293E-3 0
12.136251 1.24976283E-3 0 9.76807624E-3 0
12.133752 1.24995585E-3 0 9.7665675E-3 0
12.131251 1.25014829E-3 0 9.76506434E-3 0
12.128751 1.25034025E-3 0 9.76356491E-3 0
12.126251 1.24982477E-3 0 9.76759195E-3 0
12.123751 1.25001615E-3 0 9.76609625E-3 0
12.121251 1.25020696E-3 0 9.76460613E-3 0
12.118751 1.24969136E-3 0 9.76863503E-3 0
12.116251 1.24988158E-3 0 9.76714771E-3 0
12.113751 1.25007133E-3 0 9.76566505E-3 0
12.111251 1.25026051E-3 0 9.76418704E-3 0
12.108751 1.24974444E-3 0 9.76821966E-3 0
12.106252 1.24993303E-3 0 9.76674538E-3 0
12.103751 1.25012116E-3 0 9.76527575E-3 0
12.101251 1.25030871E-3 0 9.76381078E-3 0
12.098751 1.24979217E-3 0 9.7678462E-3 0
12.096251 1.24997913E-3 0 9.76638496E-3 0
12.093751 1.25016563E-3 0 9.76492837E-3 0
12.091251 1.24964886E-3 0 9.76896659E-3 0
12.088752 1.24983478E-3 0 9.76751279E-3 0
12.086252 1.25002023E-3 0 9.76606458E-3 0
12.083752 1.2502051E-3 0 9.7646201E-3 0
12.081251 1.25038938E-3 0 9.76318121E-3 0
12.078751 1.24987192E-3 0 9.76722315E-3 0
12.076251 1.25005562E-3 0 9.76578798E-3 0
12.073751 1.24953827E-3 0 9.76983178E-3 0
12.071251 1.25042186E-3 0 9.76292789E-3 0
12.068751 1.24990393E-3 0 9.76697356E-3 0
12.066251 1.25008612E-3 0 9.76554956E-3 0
12.063751 1.24956819E-3 0 9.76959709E-3 0
12.061252 1.2504491E-3 0 9.76271555E-3 0
12.058751 1.2499307E-3 0 9.76676401E-3 0
12.056251 1.25011127E-3 0 9.76535399E-3 0
12.053751 1.24959287E-3 0 9.76940431E-3 0
12.051251 1.25047099E-3 0 9.76254418E-3 0
12.048751 1.24995213E-3 0 9.76659637E-3 0
12.046251 1.24943361E-3 0 9.77064949E-3 0
12.043752 1.25030975E-3 0 9.7638024E-3 0
12.041251 1.24979077E-3 0 9.76785738E-3 0
12.038752 1.24996866E-3 0 9.76646785E-3 0
12.036251 1.25014596E-3 0 9.76508204E-3 0
12.033751 1.25032279E-3 0 9.76370089E-3 0
12.031251 1.24980335E-3 0 9.76775959E-3 0
12.028751 1.2499796E-3 0 9.76638217E-3 0
