READ SERR 1 2
@SiXIII_Hewind.pco
!
6.8175006 2.50008842E-3 2.61675869E-3 6.07840531E-3 1.84723162E-4
6.8125005 2.49999226E-3 7.85057805E-3 7.68438587E-3 2.35898566E-4
6.8075004 2.50011124E-3 5.23346988E-3 6.9560986E-3 3.18282429E-4
6.8025002 2.49999925E-3 5.23370411E-3 6.95641013E-3 4.67216683E-4
6.7975006 2.4998798E-3 1.30848857E-2 8.89226794E-3 7.8334217E-4
6.7925005 2.49997433E-3 1.83181483E-2 9.90195852E-3 1.5083052E-3
6.7875009 2.50006025E-3 1.30839413E-2 8.89162626E-3 2.87356251E-3
6.7825007 2.49991682E-3 1.57016311E-2 9.41594411E-3 4.8356778E-3
6.7775006 2.49998644E-3 0 4.88313753E-3 7.18355505E-3
6.7725005 2.50004767E-3 2.09344123E-2 1.03574051E-2 9.81888641E-3
6.7675004 2.50010053E-3 1.83172245E-2 9.90145933E-3 1.27706602E-2
6.7625008 2.49992521E-3 2.09354386E-2 1.03579126E-2 1.60835087E-2
6.7575006 2.49996176E-3 3.14026959E-2 1.19610624E-2 1.96576379E-2
6.7525005 2.49998993E-3 3.1402342E-2 1.19609265E-2 2.29825601E-2
6.7475009 2.50000996E-3 4.18694541E-2 1.33267231E-2 2.51002088E-2
6.7425008 2.5000216E-3 3.92524302E-2 1.30020455E-2 2.54639555E-2
6.7375007 2.50002509E-3 2.8785076E-2 1.15868505E-2 2.51386184E-2
6.7325006 2.5000202E-3 3.92524526E-2 1.30020538E-2 2.56322082E-2
6.7275004 2.50000693E-3 3.14021297E-2 1.19608454E-2 2.65720151E-2
6.7225008 2.49998574E-3 3.40192616E-2 1.23204663E-2 2.60872599E-2
6.7175007 2.49995617E-3 2.61689723E-2 1.11969691E-2 2.32966207E-2
6.7125006 2.50013499E-3 2.35503912E-2 1.07873846E-2 2.01053936E-2
6.7075005 2.49987235E-3 1.30849248E-2 8.89229495E-3 1.89496856E-2
6.7025008 2.50003417E-3 3.92522328E-2 1.30019803E-2 1.9794533E-2
6.6975007 2.49997154E-3 2.35519297E-2 1.07880896E-2 2.16201898E-2
6.6925006 2.50011613E-3 3.14007588E-2 1.19603239E-2 2.41252705E-2
6.6875005 2.49982183E-3 3.14044543E-2 1.19617321E-2 2.71458328E-2
6.6825008 2.50016409E-3 3.9250195E-2 1.30013051E-2 3.03459279E-2
6.6775007 2.49985396E-3 2.87870485E-2 1.15876431E-2 3.33881415E-2
6.6725006 2.49996432E-3 3.66364419E-2 1.26672406E-2 3.56673487E-2
6.667501 2.50006607E-3 2.6167823E-2 1.11964773E-2 3.66408452E-2
6.6625009 2.49994546E-3 1.57014504E-2 9.41583514E-3 3.69593203E-2
6.6575007 2.50002998E-3 4.97195795E-2 1.42462216E-2 3.79338525E-2
6.6525006 2.50010588E-3 4.44845892E-2 1.36412643E-2 3.98637615E-2
6.6475005 2.49996036E-3 2.87858211E-2 1.15871495E-2 4.22127694E-2
6.6425004 2.50001927E-3 3.40188071E-2 1.23203015E-2 4.45150435E-2
6.6375003 2.50006933E-3 3.92516814E-2 1.30017977E-2 4.61786129E-2
6.6325006 2.49989936E-3 6.28069639E-2 1.56361517E-2 4.56164367E-2
6.6275005 2.49993266E-3 3.66369076E-2 1.26674017E-2 4.08092998E-2
6.6225004 2.50016782E-3 5.75668663E-2 1.50974235E-2 3.22385579E-2
6.6175003 2.4999727E-3 1.5701279E-2 9.4157327E-3 2.29762141E-2
6.6125007 2.49998015E-3 2.09349766E-2 1.03576845E-2 1.52295604E-2
6.6075006 2.49997899E-3 1.04674939E-2 8.32021702E-3 9.33215953E-3
6.6025004 2.49996921E-3 1.30844181E-2 8.89195036E-3 5.11699822E-3
6.5975008 2.49995082E-3 7.85070844E-3 7.68451346E-3 2.50902609E-3
6.5925007 2.50013266E-3 2.61671236E-3 6.07829774E-3 1.2395794E-3
6.5875006 2.49988819E-3 5.23393648E-3 6.95671933E-3 7.35500478E-4
6.5825005 2.50005256E-3 7.850389E-3 7.68420054E-3 5.1824603E-4
6.5775008 2.49999971E-3 5.23370318E-3 6.95640873E-3 3.95887997E-4
NO NO NO NO NO
6.8175006 2.50008842E-3 5.23351738E-3 6.95616193E-3 2.01148025E-4
6.8125005 2.49999226E-3 1.04674371E-2 8.32017232E-3 2.47291377E-4
6.8075004 2.50011124E-3 2.61673494E-3 6.07834989E-3 3.12161952E-4
6.8025002 2.49999925E-3 1.04674082E-2 8.32014903E-3 4.18253039E-4
6.7975006 2.4998798E-3 0 4.88334615E-3 6.45544787E-4
6.7925005 2.49997433E-3 5.23375673E-3 6.95647951E-3 1.22061907E-3
6.7875009 2.50006025E-3 5.23357652E-3 6.95624063E-3 2.42495677E-3
6.7825007 2.49991682E-3 2.61693844E-3 6.078823E-3 4.29619849E-3
6.7775006 2.49998644E-3 1.30843278E-2 8.89188889E-3 6.63573761E-3
6.7725005 2.50004767E-3 1.04672061E-2 8.31998792E-3 9.322281E-3
6.7675004 2.50010053E-3 1.57004781E-2 9.41525213E-3 1.23975798E-2
6.7625008 2.49992521E-3 3.92539464E-2 1.30025474E-2 1.59760471E-2
6.7575006 2.49996176E-3 2.87858061E-2 1.15871429E-2 2.01375112E-2
6.7525005 2.49998993E-3 2.87854802E-2 1.15870126E-2 2.47087795E-2
6.7475009 2.50000996E-3 3.66357714E-2 1.26670087E-2 2.92062778E-2
6.7425008 2.5000216E-3 4.7102917E-2 1.39480298E-2 3.32560651E-2
6.7375007 2.50002509E-3 3.66355516E-2 1.26669332E-2 3.68640237E-2
6.7325006 2.5000202E-3 5.49534373E-2 1.48209147E-2 4.01011333E-2
6.7275004 2.50000693E-3 5.75705692E-2 1.50983948E-2 4.26999032E-2
6.7225008 2.49998574E-3 4.44867276E-2 1.36419199E-2 4.37461175E-2
6.7175007 2.49995617E-3 5.49548417E-2 1.48212938E-2 4.22580689E-2
6.7125006 2.50013499E-3 5.75676225E-2 1.50976228E-2 3.89748067E-2
6.7075005 2.49987235E-3 3.1403821E-2 1.19614899E-2 3.62886451E-2
6.7025008 2.50003417E-3 5.75699396E-2 1.50982309E-2 3.58300023E-2
6.6975007 2.49997154E-3 4.18700986E-2 1.3326928E-2 3.77774239E-2
6.6925006 2.50011613E-3 6.28015175E-2 1.56347957E-2 4.16969545E-2
6.6875005 2.49982183E-3 4.71066833E-2 1.39491446E-2 4.70815562E-2
6.6825008 2.50016409E-3 4.71002348E-2 1.39472354E-2 5.34368753E-2
6.6775007 2.49985396E-3 6.28081039E-2 1.56364366E-2 6.00816943E-2
6.6725006 2.49996432E-3 7.32728839E-2 1.66483913E-2 6.56280965E-2
6.667501 2.50006607E-3 5.49524277E-2 1.48206428E-2 6.8535246E-2
6.6625009 2.49994546E-3 7.32734352E-2 1.66485161E-2 6.93169981E-2
6.6575007 2.50002998E-3 7.32709542E-2 1.66479535E-2 7.0531249E-2
6.6525006 2.50010588E-3 9.68194008E-2 1.86942648E-2 7.33227357E-2
6.6475005 2.49996036E-3 7.85067827E-2 1.71282645E-2 7.68149868E-2
6.6425004 2.50001927E-3 0.1177574 2.03167498E-2 8.01348686E-2
6.6375003 2.50006933E-3 9.15872604E-2 1.82628408E-2 8.24419782E-2
6.6325006 2.49989936E-3 8.63595754E-2 1.78201012E-2 8.15644935E-2
6.6275005 2.49993266E-3 7.06568956E-2 1.64024141E-2 7.41384625E-2
6.6225004 2.50016782E-3 6.28002137E-2 1.56344716E-2 5.99838123E-2
6.6175003 2.4999727E-3 6.28051162E-2 1.56356916E-2 4.38484028E-2
6.6125007 2.49998015E-3 3.40193361E-2 1.23204943E-2 2.99567524E-2
6.6075006 2.49997899E-3 2.35518608E-2 1.07880579E-2 1.91352386E-2
6.6025004 2.49996921E-3 2.09350698E-2 1.03577301E-2 1.11482413E-2
6.5975008 2.49995082E-3 1.04676113E-2 8.32031108E-3 5.89760346E-3
6.5925007 2.50013266E-3 1.04668494E-2 8.31970572E-3 3.0597772E-3
6.5875006 2.49988819E-3 2.09357459E-2 1.03580654E-2 1.77222944E-3
6.5825005 2.50005256E-3 1.04671847E-2 8.31997208E-3 1.16801471E-3
6.5775008 2.49999971E-3 2.61685159E-3 6.07862091E-3 8.41435103E-4
NO NO NO NO NO
6.8187509 1.25016749E-3 5.23300143E-3 1.21556129E-2 4.73619002E-6
6.8162503 1.24992093E-3 0 9.76684038E-3 5.41067038E-6
6.8137507 1.24989706E-3 1.57024004E-2 1.53699899E-2 6.250365E-6
6.8112507 1.25009532E-3 5.23330411E-3 1.21563142E-2 7.29970634E-6
6.8087506 1.25006912E-3 5.23341307E-3 1.21565685E-2 8.61587796E-6
6.8062506 1.25004211E-3 0 9.76589322E-3 1.02674903E-5
6.8037505 1.24979171E-3 1.04691498E-2 1.39151355E-2 1.23564187E-5
6.8012505 1.25020766E-3 0 9.76460055E-3 1.51440563E-5
6.7987504 1.24995527E-3 5.23388991E-3 1.21576758E-2 2.02095325E-5
6.7962508 1.24992442E-3 0 9.76681244E-3 3.57559147E-5
6.7937508 1.25011452E-3 1.56996697E-2 1.5367317E-2 8.98341168E-5
6.7912507 1.24985981E-3 5.23428991E-3 1.21586043E-2 2.33815867E-4
6.7887506 1.25004759E-3 0 9.76585038E-3 5.07858116E-4
6.7862506 1.25001266E-3 0 9.76612326E-3 9.04609857E-4
6.7837505 1.24997681E-3 0 9.76640359E-3 1.37921039E-3
6.7812505 1.24994002E-3 5.23395417E-3 1.21578248E-2 1.89287588E-3
6.7787504 1.25012302E-3 1.56995617E-2 1.53672118E-2 2.42864317E-3
6.7762508 1.24986342E-3 0 9.7672902E-3 2.98612448E-3
6.7737508 1.25004421E-3 1.04670348E-2 1.39123239E-2 3.56888515E-3
6.7712507 1.25000335E-3 1.04673775E-2 1.39127783E-2 4.18566028E-3
6.7687507 1.24996156E-3 0 9.76652279E-3 4.84300964E-3
6.7662506 1.25013886E-3 1.04662431E-2 1.39112715E-2 5.5482476E-3
6.7637506 1.24987506E-3 0 9.76719894E-3 6.31455285E-3
6.7612505 1.25005015E-3 1.57004781E-2 1.53681086E-2 7.1511576E-3
6.7587504 1.25000428E-3 1.046737E-2 1.3912769E-2 8.07363167E-3
6.7562509 1.24995748E-3 1.57016423E-2 1.53692476E-2 9.07930173E-3
6.7537508 1.25012896E-3 1.04663251E-2 1.39113804E-2 1.01229372E-2
6.7512507 1.24986109E-3 1.5702853E-2 1.53704332E-2 1.1109544E-2
6.7487507 1.25003036E-3 2.09343024E-2 1.66398901E-2 1.18943127E-2
6.7462506 1.2499796E-3 1.04675759E-2 1.39130428E-2 1.23223523E-2
6.7437506 1.25014654E-3 3.66316251E-2 1.98013932E-2 1.2271557E-2
6.7412505 1.24987517E-3 2.61711273E-2 1.77854579E-2 1.18247168E-2
6.7387505 1.2500399E-3 2.09341422E-2 1.66397635E-2 1.12970751E-2
6.7362504 1.24998519E-3 1.04675302E-2 1.39129814E-2 1.10571105E-2
6.7337508 1.24992942E-3 5.23399794E-3 1.21579273E-2 1.12532275E-2
6.7312508 1.25009066E-3 1.56999696E-2 1.53676104E-2 1.17808562E-2
6.7287507 1.2500328E-3 1.5700696E-2 1.5368321E-2 1.24086784E-2
6.7262506 1.24997413E-3 1.04676215E-2 1.39131043E-2 1.29199214E-2
6.7237506 1.24991452E-3 2.09362414E-2 1.66414306E-2 1.31547023E-2
6.7212505 1.2500711E-3 2.09336188E-2 1.66393463E-2 1.29273096E-2
6.7187505 1.2500094E-3 1.57009903E-2 1.53686088E-2 1.20689804E-2
6.7162504 1.24994677E-3 1.57017764E-2 1.5369379E-2 1.06407302E-2
6.7137504 1.25009986E-3 5.23328455E-3 1.21562704E-2 9.08875838E-3
6.7112503 1.25003513E-3 5.23355557E-3 1.21569E-2 8.00385047E-3
6.7087502 1.24996947E-3 5.23383077E-3 1.2157538E-2 7.65268458E-3
6.7062507 1.24990288E-3 1.57023277E-2 1.53699182E-2 7.83893839E-3
6.7037506 1.25005143E-3 5.23348711E-3 1.21567408E-2 8.22530407E-3
6.7012506 1.24998274E-3 5.23377489E-3 1.21574085E-2 8.65262281E-3
6.6987505 1.24991324E-3 1.57021973E-2 1.53697915E-2 9.13018174E-3
6.6962509 1.2500583E-3 5.23345871E-3 1.21566737E-2 9.71194543E-3
6.6937509 1.2499867E-3 1.04675172E-2 1.39129646E-2 1.04202535E-2
6.6912508 1.25012931E-3 1.04663223E-2 1.39113767E-2 1.12388488E-2
6.6887507 1.2498406E-3 5.7578072E-2 2.3176888E-2 1.2162989E-2
6.6862507 1.24998123E-3 1.57013442E-2 1.53689561E-2 1.31626343E-2
6.6837506 1.25012035E-3 2.09327955E-2 1.66386906E-2 1.42006101E-2
6.6812506 1.25004374E-3 5.23351971E-3 1.21568162E-2 1.52395889E-2
6.6787505 1.2499661E-3 2.09353771E-2 1.66407451E-2 1.62593778E-2
6.6762505 1.24988775E-3 5.23417303E-3 1.21583333E-2 1.72431599E-2
6.6737509 1.25002244E-3 2.09344346E-2 1.66399945E-2 1.8111309E-2
6.6712508 1.24994188E-3 5.23394579E-3 1.21578062E-2 1.86695382E-2
6.6687508 1.25007425E-3 1.57001745E-2 1.53678115E-2 1.86843798E-2
6.6662507 1.24999171E-3 1.04674743E-2 1.39129087E-2 1.82100218E-2
6.6637506 1.25012163E-3 2.09327731E-2 1.66386738E-2 1.76136568E-2
6.6612506 1.24982384E-3 2.09377613E-2 1.66426394E-2 1.73019543E-2
6.6587505 1.25016482E-3 2.09320504E-2 1.66381001E-2 1.73878856E-2
6.6562505 1.24986528E-3 1.04685342E-2 1.39143169E-2 1.78291891E-2
6.6537509 1.24999078E-3 2.61687059E-2 1.77838132E-2 1.84926819E-2
6.6512508 1.25011499E-3 1.04664424E-2 1.39115369E-2 1.93028748E-2
6.6487503 1.25002547E-3 2.09343843E-2 1.66399553E-2 2.02331692E-2
6.6462507 1.24993501E-3 1.57019254E-2 1.53695242E-2 2.12853421E-2
6.6437507 1.25005585E-3 1.57004073E-2 1.53680379E-2 2.24657524E-2
6.6412506 1.24996342E-3 3.66369933E-2 1.98042952E-2 2.37824842E-2
6.6387506 1.24987005E-3 2.09369864E-2 1.66420229E-2 2.5201086E-2
6.6362505 1.25019916E-3 2.61643436E-2 1.77808478E-2 2.66219787E-2
6.6337504 1.24989206E-3 2.61707734E-2 1.77852176E-2 2.7838584E-2
6.6312509 1.25000719E-3 2.61683632E-2 1.77835785E-2 2.83354539E-2
6.6287508 1.24990987E-3 2.61704009E-2 1.77849643E-2 2.75040884E-2
6.6262507 1.25002267E-3 2.09344309E-2 1.66399926E-2 2.51546185E-2
6.6237507 1.2501342E-3 1.5699422E-2 1.53670749E-2 2.1803325E-2
6.6212506 1.25003362E-3 0 9.76595934E-3 1.82393026E-2
6.6187506 1.24993233E-3 2.61699297E-2 1.77846439E-2 1.49398679E-2
6.6162505 1.25004048E-3 1.57005992E-2 1.53682269E-2 1.20745301E-2
6.6137505 1.24993711E-3 5.23396581E-3 1.21578528E-2 9.63087752E-3
6.6112504 1.25004305E-3 5.2335225E-3 1.21568227E-2 7.53849512E-3
6.6087508 1.24993769E-3 2.09358539E-2 1.66411232E-2 5.73857408E-3
6.6062508 1.2500413E-3 5.23352996E-3 1.21568395E-2 4.18157736E-3
6.6037507 1.24993396E-3 1.04679586E-2 1.39135523E-2 2.84392992E-3
6.6012506 1.25003525E-3 0 9.76594724E-3 1.74117682E-3
6.5987506 1.24992593E-3 5.23401285E-3 1.21579617E-2 9.28166381E-4
6.5962505 1.25002488E-3 5.23359841E-3 1.21569987E-2 4.28221276E-4
6.5937505 1.25012256E-3 5.23318956E-3 1.21560488E-2 1.83639859E-4
6.5912504 1.2500101E-3 0 9.76614282E-3 8.63246387E-5
6.5887504 1.24989694E-3 0 9.76702757E-3 5.25786636E-5
6.5862508 1.24999136E-3 5.23373904E-3 1.21573256E-2 3.92722905E-5
6.5837507 1.25008449E-3 0 9.7655626E-3 3.14003628E-5
6.5812507 1.24996819E-3 0 9.76647157E-3 2.56595322E-5
6.5787506 1.25005899E-3 0 9.7657619E-3 2.12604591E-5
NO NO NO NO NO
6.8187509 1.25016749E-3 5.23300143E-3 1.21556129E-2 5.72357567E-6
6.8162503 1.24992093E-3 0 9.76684038E-3 6.56851034E-6
6.8137507 1.24989706E-3 5.23413345E-3 1.21582421E-2 7.62486252E-6
6.8112507 1.25009532E-3 0 9.76547785E-3 8.95236735E-6
6.8087506 1.25006912E-3 5.23341307E-3 1.21565685E-2 1.06323714E-5
6.8062506 1.25004211E-3 0 9.76589322E-3 1.2773472E-5
6.8037505 1.24979171E-3 5.2345749E-3 1.21592674E-2 1.55654561E-5
6.8012505 1.25020766E-3 5.23283333E-3 1.21552218E-2 1.95580415E-5
6.7987504 1.24995527E-3 0 9.76657122E-3 2.78643529E-5
6.7962508 1.24992442E-3 5.2340189E-3 1.21579757E-2 5.38578461E-5
6.7937508 1.25011452E-3 0 9.76532791E-3 1.28891756E-4
6.7912507 1.24985981E-3 1.04685798E-2 1.39143774E-2 3.07055074E-4
6.7887506 1.25004759E-3 5.23350341E-3 1.2156778E-2 6.3275249E-4
6.7862506 1.25001266E-3 0 9.76612326E-3 1.09762908E-3
6.7837505 1.24997681E-3 0 9.76640359E-3 1.64679438E-3
6.7812505 1.24994002E-3 5.23395417E-3 1.21578248E-2 2.23138183E-3
6.7787504 1.25012302E-3 1.04663754E-2 1.39114466E-2 2.83476315E-3
6.7762508 1.24986342E-3 2.09371001E-2 1.66421123E-2 3.46119842E-3
6.7737508 1.25004421E-3 1.04670348E-2 1.39123239E-2 4.11559781E-3
6.7712507 1.25000335E-3 5.23368875E-3 1.21572083E-2 4.80745826E-3
6.7687507 1.24996156E-3 1.04677267E-2 1.3913244E-2 5.544574E-3
6.7662506 1.25013886E-3 0 9.76513792E-3 6.33569341E-3
6.7637506 1.24987506E-3 1.04684522E-2 1.39142079E-2 7.19574979E-3
6.7612505 1.25005015E-3 5.23349317E-3 1.21567538E-2 8.1306817E-3
6.7587504 1.25000428E-3 5.23368502E-3 1.21571999E-2 9.14708897E-3
6.7562509 1.24995748E-3 0 9.76655446E-3 1.02270581E-2
6.7537508 1.25012896E-3 1.04663251E-2 1.39113804E-2 1.1322666E-2
6.7512507 1.24986109E-3 2.09371392E-2 1.66421439E-2 1.23613644E-2
6.7487507 1.25003036E-3 5.23357559E-3 1.21569457E-2 1.32151777E-2
6.7462506 1.2499796E-3 1.04675759E-2 1.39130428E-2 1.372685E-2
6.7437506 1.25014654E-3 2.61654481E-2 1.77815985E-2 1.37489839E-2
6.7412505 1.24987517E-3 1.04684513E-2 1.39142061E-2 1.33480858E-2
6.7387505 1.2500399E-3 2.09341422E-2 1.66397635E-2 1.28517132E-2
6.7362504 1.24998519E-3 1.04675302E-2 1.39129814E-2 1.26588158E-2
6.7337508 1.24992942E-3 5.23399794E-3 1.21579273E-2 1.29233161E-2
6.7312508 1.25009066E-3 2.6166616E-2 1.7782392E-2 1.35101788E-2
6.7287507 1.2500328E-3 4.18685228E-2 2.07146611E-2 1.41507937E-2
6.7262506 1.24997413E-3 3.14028673E-2 1.88316498E-2 1.460048E-2
6.7237506 1.24991452E-3 2.09362414E-2 1.66414306E-2 1.46930581E-2
6.7212505 1.2500711E-3 1.04668094E-2 1.39120249E-2 1.42434519E-2
6.7187505 1.2500094E-3 1.04673272E-2 1.39127122E-2 1.30882971E-2
6.7162504 1.24994677E-3 5.23392577E-3 1.21577587E-2 1.13033811E-2
6.7137504 1.25009986E-3 1.04665691E-2 1.39117055E-2 9.41641815E-3
6.7112503 1.25003513E-3 2.09342223E-2 1.66398268E-2 8.16914067E-3
6.7087502 1.24996947E-3 1.57014914E-2 1.53691005E-2 7.91085605E-3
6.7062507 1.24990288E-3 0 9.76698101E-3 8.35594442E-3
6.7037506 1.25005143E-3 1.57004613E-2 1.53680919E-2 8.99541564E-3
6.7012506 1.24998274E-3 2.09350996E-2 1.66405234E-2 9.58997943E-3
6.6987505 1.24991324E-3 5.23406593E-3 1.21580847E-2 1.01821907E-2
6.6962509 1.2500583E-3 5.23345871E-3 1.21566737E-2 1.08717429E-2
6.6937509 1.2499867E-3 2.09350344E-2 1.66404713E-2 1.16998944E-2
6.6912508 1.25012931E-3 1.04663223E-2 1.39113767E-2 1.26510207E-2
6.6887507 1.2498406E-3 5.23437001E-3 1.21587915E-2 1.37222614E-2
6.6862507 1.24998123E-3 1.57013442E-2 1.53689561E-2 1.48883834E-2
6.6837506 1.25012035E-3 3.13991942E-2 1.88294481E-2 1.61148701E-2
6.6812506 1.25004374E-3 5.23351971E-3 1.21568162E-2 1.73651427E-2
6.6787505 1.2499661E-3 2.09353771E-2 1.66407451E-2 1.86244231E-2
6.6762505 1.24988775E-3 3.14050391E-2 1.88329518E-2 1.98777113E-2
6.6737509 1.25002244E-3 3.14016528E-2 1.88309234E-2 2.10288037E-2
6.6712508 1.24994188E-3 1.04678916E-2 1.39134629E-2 2.18861662E-2
6.6687508 1.25007425E-3 1.04667833E-2 1.39119895E-2 2.21745763E-2
6.6662507 1.24999171E-3 0 9.76628717E-3 2.18894593E-2
6.6637506 1.25012163E-3 2.09327731E-2 1.66386738E-2 2.13971771E-2
6.6612506 1.24982384E-3 2.09377613E-2 1.66426394E-2 2.11691894E-2
6.6587505 1.25016482E-3 2.09320504E-2 1.66381001E-2 2.13421043E-2
6.6562505 1.24986528E-3 1.04685342E-2 1.39143169E-2 2.18235627E-2
6.6537509 1.24999078E-3 1.04674827E-2 1.3912919E-2 2.2439722E-2
6.6512508 1.25011499E-3 3.13993283E-2 1.88295282E-2 2.31087841E-2
6.6487503 1.25002547E-3 1.57007892E-2 1.53684122E-2 2.38059424E-2
6.6462507 1.24993501E-3 3.6637824E-2 1.9804744E-2 2.45276559E-2
6.6437507 1.25005585E-3 3.14008147E-2 1.88304186E-2 2.52799764E-2
6.6412506 1.24996342E-3 3.14031355E-2 1.88318118E-2 2.60817744E-2
6.6387506 1.24987005E-3 3.66397277E-2 1.98057722E-2 2.69321408E-2
6.6362505 1.25019916E-3 1.04657374E-2 1.39106E-2 2.77687367E-2
6.6337504 1.24989206E-3 3.14049274E-2 1.88328866E-2 2.84008589E-2
6.6312509 1.25000719E-3 1.04673449E-2 1.39127364E-2 2.8389236E-2
6.6287508 1.24990987E-3 3.66385616E-2 1.98051427E-2 2.71843616E-2
6.6262507 1.25002267E-3 1.57008227E-2 1.53684458E-2 2.45900694E-2
6.6237507 1.2501342E-3 2.61657052E-2 1.77817717E-2 2.10951138E-2
6.6212506 1.25003362E-3 1.04671232E-2 1.39124412E-2 1.74908172E-2
6.6187506 1.24993233E-3 1.57019589E-2 1.53695568E-2 1.42590683E-2
6.6162505 1.25004048E-3 0 9.76590626E-3 1.14964815E-2
6.6137505 1.24993711E-3 1.04679316E-2 1.3913516E-2 9.14968178E-3
6.6112504 1.25004305E-3 5.2335225E-3 1.21568227E-2 7.14000175E-3
6.6087508 1.24993769E-3 5.23396349E-3 1.21578472E-2 5.4096505E-3
6.6062508 1.2500413E-3 0 9.76590067E-3 3.91326798E-3
6.6037507 1.24993396E-3 0 9.76673886E-3 2.6347083E-3
6.6012506 1.25003525E-3 0 9.76594724E-3 1.58740662E-3
6.5987506 1.24992593E-3 1.5702039E-2 1.5369636E-2 8.20351182E-4
6.5962505 1.25002488E-3 1.57007948E-2 1.53684188E-2 3.57127894E-4
6.5937505 1.25012256E-3 0 9.76526458E-3 1.42630146E-4
6.5912504 1.2500101E-3 0 9.76614282E-3 6.78044671E-5
6.5887504 1.24989694E-3 5.23413438E-3 1.21582439E-2 4.45511178E-5
6.5862508 1.24999136E-3 0 9.76628996E-3 3.46637062E-5
6.5837507 1.25008449E-3 0 9.7655626E-3 2.82322271E-5
6.5812507 1.24996819E-3 0 9.76647157E-3 2.33521259E-5
6.5787506 1.25005899E-3 0 9.7657619E-3 1.95441862E-5
