READ SERR 1 2
@SiXIII_pow.pco
!
6.8175006 2.50008842E-3 2.61675869E-3 6.07840531E-3 5.72081655E-3
6.8125005 2.49999226E-3 7.85057805E-3 7.68438587E-3 5.72829274E-3
6.8075004 2.50011124E-3 5.23346988E-3 6.9560986E-3 5.73184388E-3
6.8025002 2.49999925E-3 5.23370411E-3 6.95641013E-3 5.73107507E-3
6.7975006 2.4998798E-3 1.30848857E-2 8.89226794E-3 5.72533673E-3
6.7925005 2.49997433E-3 1.83181483E-2 9.90195852E-3 5.71544748E-3
6.7875009 2.50006025E-3 1.30839413E-2 8.89162626E-3 5.70330117E-3
6.7825007 2.49991682E-3 1.57016311E-2 9.41594411E-3 5.69003727E-3
6.7775006 2.49998644E-3 0 4.88313753E-3 5.6742928E-3
6.7725005 2.50004767E-3 2.09344123E-2 1.03574051E-2 5.65498974E-3
6.7675004 2.50010053E-3 1.83172245E-2 9.90145933E-3 5.62831666E-3
6.7625008 2.49992521E-3 2.09354386E-2 1.03579126E-2 5.5860416E-3
6.7575006 2.49996176E-3 3.14026959E-2 1.19610624E-2 5.50266309E-3
6.7525005 2.49998993E-3 3.1402342E-2 1.19609265E-2 5.32422634E-3
6.7475009 2.50000996E-3 4.18694541E-2 1.33267231E-2 4.97825257E-3
6.7425008 2.5000216E-3 3.92524302E-2 1.30020455E-2 4.46230546E-3
6.7375007 2.50002509E-3 2.8785076E-2 1.15868505E-2 3.96762881E-3
6.7325006 2.5000202E-3 3.92524526E-2 1.30020538E-2 3.70363123E-3
6.7275004 2.50000693E-3 3.14021297E-2 1.19608454E-2 3.61240539E-3
6.7225008 2.49998574E-3 3.40192616E-2 1.23204663E-2 3.48072825E-3
6.7175007 2.49995617E-3 2.61689723E-2 1.11969691E-2 3.22201778E-3
6.7125006 2.50013499E-3 2.35503912E-2 1.07873846E-2 3.01224319E-3
6.7075005 2.49987235E-3 1.30849248E-2 8.89229495E-3 3.02672316E-3
6.7025008 2.50003417E-3 3.92522328E-2 1.30019803E-2 3.14448401E-3
6.6975007 2.49997154E-3 2.35519297E-2 1.07880896E-2 3.2017401E-3
6.6925006 2.50011613E-3 3.14007588E-2 1.19603239E-2 3.20421369E-3
6.6875005 2.49982183E-3 3.14044543E-2 1.19617321E-2 3.18715023E-3
6.6825008 2.50016409E-3 3.9250195E-2 1.30013051E-2 3.15226126E-3
6.6775007 2.49985396E-3 2.87870485E-2 1.15876431E-2 3.11148865E-3
6.6725006 2.49996432E-3 3.66364419E-2 1.26672406E-2 3.07999109E-3
6.667501 2.50006607E-3 2.6167823E-2 1.11964773E-2 3.06598353E-3
6.6625009 2.49994546E-3 1.57014504E-2 9.41583514E-3 3.06828716E-3
6.6575007 2.50002998E-3 4.97195795E-2 1.42462216E-2 3.08263046E-3
6.6525006 2.50010588E-3 4.44845892E-2 1.36412643E-2 3.10857315E-3
6.6475005 2.49996036E-3 2.87858211E-2 1.15871495E-2 3.14928172E-3
6.6425004 2.50001927E-3 3.40188071E-2 1.23203015E-2 3.20829893E-3
6.6375003 2.50006933E-3 3.92516814E-2 1.30017977E-2 3.28474655E-3
6.6325006 2.49989936E-3 6.28069639E-2 1.56361517E-2 3.37032764E-3
6.6275005 2.49993266E-3 3.66369076E-2 1.26674017E-2 3.45426169E-3
6.6225004 2.50016782E-3 5.75668663E-2 1.50974235E-2 3.52704152E-3
6.6175003 2.4999727E-3 1.5701279E-2 9.4157327E-3 3.58248502E-3
6.6125007 2.49998015E-3 2.09349766E-2 1.03576845E-2 3.61908041E-3
6.6075006 2.49997899E-3 1.04674939E-2 8.32021702E-3 3.64196184E-3
6.6025004 2.49996921E-3 1.30844181E-2 8.89195036E-3 3.65631585E-3
6.5975008 2.49995082E-3 7.85070844E-3 7.68451346E-3 3.66552966E-3
6.5925007 2.50013266E-3 2.61671236E-3 6.07829774E-3 3.67049384E-3
6.5875006 2.49988819E-3 5.23393648E-3 6.95671933E-3 3.67260748E-3
6.5825005 2.50005256E-3 7.850389E-3 7.68420054E-3 3.67422635E-3
6.5775008 2.49999971E-3 5.23370318E-3 6.95640873E-3 3.68081313E-3
NO NO NO NO NO
6.8175006 2.50008842E-3 5.23351738E-3 6.95616193E-3 6.03264011E-3
6.8125005 2.49999226E-3 1.04674371E-2 8.32017232E-3 6.03097351E-3
6.8075004 2.50011124E-3 2.61673494E-3 6.07834989E-3 6.02508057E-3
6.8025002 2.49999925E-3 1.04674082E-2 8.32014903E-3 6.01657713E-3
6.7975006 2.4998798E-3 0 4.88334615E-3 6.00810349E-3
6.7925005 2.49997433E-3 5.23375673E-3 6.95647951E-3 6.00161916E-3
6.7875009 2.50006025E-3 5.23357652E-3 6.95624063E-3 5.99770853E-3
6.7825007 2.49991682E-3 2.61693844E-3 6.078823E-3 5.99592784E-3
6.7775006 2.49998644E-3 1.30843278E-2 8.89188889E-3 5.99524286E-3
6.7725005 2.50004767E-3 1.04672061E-2 8.31998792E-3 5.99731365E-3
6.7675004 2.50010053E-3 1.57004781E-2 9.41525213E-3 6.00362103E-3
6.7625008 2.49992521E-3 3.92539464E-2 1.30025474E-2 6.01518434E-3
6.7575006 2.49996176E-3 2.87858061E-2 1.15871429E-2 6.02638489E-3
6.7525005 2.49998993E-3 2.87854802E-2 1.15870126E-2 6.02156296E-3
6.7475009 2.50000996E-3 3.66357714E-2 1.26670087E-2 5.98817319E-3
6.7425008 2.5000216E-3 4.7102917E-2 1.39480298E-2 5.94186503E-3
6.7375007 2.50002509E-3 3.66355516E-2 1.26669332E-2 5.90611296E-3
6.7325006 2.5000202E-3 5.49534373E-2 1.48209147E-2 5.88217005E-3
6.7275004 2.50000693E-3 5.75705692E-2 1.50983948E-2 5.86072961E-3
6.7225008 2.49998574E-3 4.44867276E-2 1.36419199E-2 5.83162811E-3
6.7175007 2.49995617E-3 5.49548417E-2 1.48212938E-2 5.7846196E-3
6.7125006 2.50013499E-3 5.75676225E-2 1.50976228E-2 5.7378062E-3
6.7075005 2.49987235E-3 3.1403821E-2 1.19614899E-2 5.72837004E-3
6.7025008 2.50003417E-3 5.75699396E-2 1.50982309E-2 5.7467632E-3
6.6975007 2.49997154E-3 4.18700986E-2 1.3326928E-2 5.76294074E-3
6.6925006 2.50011613E-3 6.28015175E-2 1.56347957E-2 5.77083137E-3
6.6875005 2.49982183E-3 4.71066833E-2 1.39491446E-2 5.77702839E-3
6.6825008 2.50016409E-3 4.71002348E-2 1.39472354E-2 5.78056276E-3
6.6775007 2.49985396E-3 6.28081039E-2 1.56364366E-2 5.78486454E-3
6.6725006 2.49996432E-3 7.32728839E-2 1.66483913E-2 5.78747923E-3
6.667501 2.50006607E-3 5.49524277E-2 1.48206428E-2 5.78931253E-3
6.6625009 2.49994546E-3 7.32734352E-2 1.66485161E-2 5.79123013E-3
6.6575007 2.50002998E-3 7.32709542E-2 1.66479535E-2 5.79299172E-3
6.6525006 2.50010588E-3 9.68194008E-2 1.86942648E-2 5.79542341E-3
6.6475005 2.49996036E-3 7.85067827E-2 1.71282645E-2 5.79888979E-3
6.6425004 2.50001927E-3 0.1177574 2.03167498E-2 5.80241764E-3
6.6375003 2.50006933E-3 9.15872604E-2 1.82628408E-2 5.8066952E-3
6.6325006 2.49989936E-3 8.63595754E-2 1.78201012E-2 5.81227243E-3
6.6275005 2.49993266E-3 7.06568956E-2 1.64024141E-2 5.81810018E-3
6.6225004 2.50016782E-3 6.28002137E-2 1.56344716E-2 5.82410675E-3
6.6175003 2.4999727E-3 6.28051162E-2 1.56356916E-2 5.83166722E-3
6.6125007 2.49998015E-3 3.40193361E-2 1.23204943E-2 5.83912572E-3
6.6075006 2.49997899E-3 2.35518608E-2 1.07880579E-2 5.8463593E-3
6.6025004 2.49996921E-3 2.09350698E-2 1.03577301E-2 5.85245946E-3
6.5975008 2.49995082E-3 1.04676113E-2 8.32031108E-3 5.85695961E-3
6.5925007 2.50013266E-3 1.04668494E-2 8.31970572E-3 5.85955009E-3
6.5875006 2.49988819E-3 2.09357459E-2 1.03580654E-2 5.86206047E-3
6.5825005 2.50005256E-3 1.04671847E-2 8.31997208E-3 5.86276967E-3
6.5775008 2.49999971E-3 2.61685159E-3 6.07862091E-3 5.86319854E-3
NO NO NO NO NO
6.8187509 1.25016749E-3 5.23300143E-3 1.21556129E-2 2.23308243E-3
6.8162503 1.24992093E-3 0 9.76684038E-3 2.25215778E-3
6.8137507 1.24989706E-3 1.57024004E-2 1.53699899E-2 2.28050421E-3
6.8112507 1.25009532E-3 5.23330411E-3 1.21563142E-2 2.31337734E-3
6.8087506 1.25006912E-3 5.23341307E-3 1.21565685E-2 2.34690309E-3
6.8062506 1.25004211E-3 0 9.76589322E-3 2.37804092E-3
6.8037505 1.24979171E-3 1.04691498E-2 1.39151355E-2 2.40567117E-3
6.8012505 1.25020766E-3 0 9.76460055E-3 2.42766133E-3
6.7987504 1.24995527E-3 5.23388991E-3 1.21576758E-2 2.44681467E-3
6.7962508 1.24992442E-3 0 9.76681244E-3 2.46223691E-3
6.7937508 1.25011452E-3 1.56996697E-2 1.5367317E-2 2.47435528E-3
6.7912507 1.24985981E-3 5.23428991E-3 1.21586043E-2 2.48471182E-3
6.7887506 1.25004759E-3 0 9.76585038E-3 2.49218475E-3
6.7862506 1.25001266E-3 0 9.76612326E-3 2.49890471E-3
6.7837505 1.24997681E-3 0 9.76640359E-3 2.50551244E-3
6.7812505 1.24994002E-3 5.23395417E-3 1.21578248E-2 2.51201424E-3
6.7787504 1.25012302E-3 1.56995617E-2 1.53672118E-2 2.51748366E-3
6.7762508 1.24986342E-3 0 9.7672902E-3 2.5226092E-3
6.7737508 1.25004421E-3 1.04670348E-2 1.39123239E-2 2.52575264E-3
6.7712507 1.25000335E-3 1.04673775E-2 1.39127783E-2 2.52878899E-3
6.7687507 1.24996156E-3 0 9.76652279E-3 2.53134849E-3
6.7662506 1.25013886E-3 1.04662431E-2 1.39112715E-2 2.53288867E-3
6.7637506 1.24987506E-3 0 9.76719894E-3 2.53449753E-3
6.7612505 1.25005015E-3 1.57004781E-2 1.53681086E-2 2.53451336E-3
6.7587504 1.25000428E-3 1.046737E-2 1.3912769E-2 2.5336768E-3
6.7562509 1.24995748E-3 1.57016423E-2 1.53692476E-2 2.52980622E-3
6.7537508 1.25012896E-3 1.04663251E-2 1.39113804E-2 2.51740776E-3
6.7512507 1.24986109E-3 1.5702853E-2 1.53704332E-2 2.4890278E-3
6.7487507 1.25003036E-3 2.09343024E-2 1.66398901E-2 2.43233494E-3
6.7462506 1.2499796E-3 1.04675759E-2 1.39130428E-2 2.333679E-3
6.7437506 1.25014654E-3 3.66316251E-2 1.98013932E-2 2.18024338E-3
6.7412505 1.24987517E-3 2.61711273E-2 1.77854579E-2 1.98719744E-3
6.7387505 1.2500399E-3 2.09341422E-2 1.66397635E-2 1.80159474E-3
6.7362504 1.24998519E-3 1.04675302E-2 1.39129814E-2 1.67510053E-3
6.7337508 1.24992942E-3 5.23399794E-3 1.21579273E-2 1.62381574E-3
6.7312508 1.25009066E-3 1.56999696E-2 1.53676104E-2 1.62732892E-3
6.7287507 1.2500328E-3 1.5700696E-2 1.5368321E-2 1.6495235E-3
6.7262506 1.24997413E-3 1.04676215E-2 1.39131043E-2 1.66143407E-3
6.7237506 1.24991452E-3 2.09362414E-2 1.66414306E-2 1.6514078E-3
6.7212505 1.2500711E-3 2.09336188E-2 1.66393463E-2 1.61413418E-3
6.7187505 1.2500094E-3 1.57009903E-2 1.53686088E-2 1.54033897E-3
6.7162504 1.24994677E-3 1.57017764E-2 1.5369379E-2 1.42733497E-3
6.7137504 1.25009986E-3 5.23328455E-3 1.21562704E-2 1.3088258E-3
6.7112503 1.25003513E-3 5.23355557E-3 1.21569E-2 1.24730531E-3
6.7087502 1.24996947E-3 5.23383077E-3 1.2157538E-2 1.27352518E-3
6.7062507 1.24990288E-3 1.57023277E-2 1.53699182E-2 1.3530018E-3
6.7037506 1.25005143E-3 5.23348711E-3 1.21567408E-2 1.42901565E-3
6.7012506 1.24998274E-3 5.23377489E-3 1.21574085E-2 1.47482892E-3
6.6987505 1.24991324E-3 1.57021973E-2 1.53697915E-2 1.49453722E-3
6.6962509 1.2500583E-3 5.23345871E-3 1.21566737E-2 1.50360563E-3
6.6937509 1.2499867E-3 1.04675172E-2 1.39129646E-2 1.5139E-3
6.6912508 1.25012931E-3 1.04663223E-2 1.39113767E-2 1.52741105E-3
6.6887507 1.2498406E-3 5.7578072E-2 2.3176888E-2 1.54186483E-3
6.6862507 1.24998123E-3 1.57013442E-2 1.53689561E-2 1.55233266E-3
6.6837506 1.25012035E-3 2.09327955E-2 1.66386906E-2 1.55756576E-3
6.6812506 1.25004374E-3 5.23351971E-3 1.21568162E-2 1.55796704E-3
6.6787505 1.2499661E-3 2.09353771E-2 1.66407451E-2 1.55406992E-3
6.6762505 1.24988775E-3 5.23417303E-3 1.21583333E-2 1.54648139E-3
6.6737509 1.25002244E-3 2.09344346E-2 1.66399945E-2 1.5345423E-3
6.6712508 1.24994188E-3 5.23394579E-3 1.21578062E-2 1.51842239E-3
6.6687508 1.25007425E-3 1.57001745E-2 1.53678115E-2 1.49837788E-3
6.6662507 1.24999171E-3 1.04674743E-2 1.39129087E-2 1.47792068E-3
6.6637506 1.25012163E-3 2.09327731E-2 1.66386738E-2 1.46040006E-3
6.6612506 1.24982384E-3 2.09377613E-2 1.66426394E-2 1.44938088E-3
6.6587505 1.25016482E-3 2.09320504E-2 1.66381001E-2 1.44483754E-3
6.6562505 1.24986528E-3 1.04685342E-2 1.39143169E-2 1.44860137E-3
6.6537509 1.24999078E-3 2.61687059E-2 1.77838132E-2 1.45934802E-3
6.6512508 1.25011499E-3 1.04664424E-2 1.39115369E-2 1.47755048E-3
6.6487503 1.25002547E-3 2.09343843E-2 1.66399553E-2 1.5039267E-3
6.6462507 1.24993501E-3 1.57019254E-2 1.53695242E-2 1.5393371E-3
6.6437507 1.25005585E-3 1.57004073E-2 1.53680379E-2 1.58402196E-3
6.6412506 1.24996342E-3 3.66369933E-2 1.98042952E-2 1.63760234E-3
6.6387506 1.24987005E-3 2.09369864E-2 1.66420229E-2 1.69649045E-3
6.6362505 1.25019916E-3 2.61643436E-2 1.77808478E-2 1.75537611E-3
6.6337504 1.24989206E-3 2.61707734E-2 1.77852176E-2 1.81152974E-3
6.6312509 1.25000719E-3 2.61683632E-2 1.77835785E-2 1.86117075E-3
6.6287508 1.24990987E-3 2.61704009E-2 1.77849643E-2 1.90454233E-3
6.6262507 1.25002267E-3 2.09344309E-2 1.66399926E-2 1.94101513E-3
6.6237507 1.2501342E-3 1.5699422E-2 1.53670749E-2 1.97096472E-3
6.6212506 1.25003362E-3 0 9.76595934E-3 1.99483708E-3
6.6187506 1.24993233E-3 2.61699297E-2 1.77846439E-2 2.01286469E-3
6.6162505 1.25004048E-3 1.57005992E-2 1.53682269E-2 2.02561729E-3
6.6137505 1.24993711E-3 5.23396581E-3 1.21578528E-2 2.03478825E-3
6.6112504 1.25004305E-3 5.2335225E-3 1.21568227E-2 2.04081717E-3
6.6087508 1.24993769E-3 2.09358539E-2 1.66411232E-2 2.04540975E-3
6.6062508 1.2500413E-3 5.23352996E-3 1.21568395E-2 2.04862282E-3
6.6037507 1.24993396E-3 1.04679586E-2 1.39135523E-2 2.05147453E-3
6.6012506 1.25003525E-3 0 9.76594724E-3 2.05345615E-3
6.5987506 1.24992593E-3 5.23401285E-3 1.21579617E-2 2.05539656E-3
6.5962505 1.25002488E-3 5.23359841E-3 1.21569987E-2 2.05660798E-3
6.5937505 1.25012256E-3 5.23318956E-3 1.21560488E-2 2.05719005E-3
6.5912504 1.2500101E-3 0 9.76614282E-3 2.05714395E-3
6.5887504 1.24989694E-3 0 9.76702757E-3 2.05610972E-3
6.5862508 1.24999136E-3 5.23373904E-3 1.21573256E-2 2.05419306E-3
6.5837507 1.25008449E-3 0 9.7655626E-3 2.0525367E-3
6.5812507 1.24996819E-3 0 9.76647157E-3 2.05234089E-3
6.5787506 1.25005899E-3 0 9.7657619E-3 2.05336325E-3
NO NO NO NO NO
6.8187509 1.25016749E-3 5.23300143E-3 1.21556129E-2 2.83571659E-3
6.8162503 1.24992093E-3 0 9.76684038E-3 2.83855316E-3
6.8137507 1.24989706E-3 5.23413345E-3 1.21582421E-2 2.84073036E-3
6.8112507 1.25009532E-3 0 9.76547785E-3 2.84227543E-3
6.8087506 1.25006912E-3 5.23341307E-3 1.21565685E-2 2.84414459E-3
6.8062506 1.25004211E-3 0 9.76589322E-3 2.84576416E-3
6.8037505 1.24979171E-3 5.2345749E-3 1.21592674E-2 2.84763682E-3
6.8012505 1.25020766E-3 5.23283333E-3 1.21552218E-2 2.84757465E-3
6.7987504 1.24995527E-3 0 9.76657122E-3 2.84839747E-3
6.7962508 1.24992442E-3 5.2340189E-3 1.21579757E-2 2.84807477E-3
6.7937508 1.25011452E-3 0 9.76532791E-3 2.84685707E-3
6.7912507 1.24985981E-3 1.04685798E-2 1.39143774E-2 2.84651015E-3
6.7887506 1.25004759E-3 5.23350341E-3 1.2156778E-2 2.84510991E-3
6.7862506 1.25001266E-3 0 9.76612326E-3 2.84419861E-3
6.7837505 1.24997681E-3 0 9.76640359E-3 2.84325168E-3
6.7812505 1.24994002E-3 5.23395417E-3 1.21578248E-2 2.84228148E-3
6.7787504 1.25012302E-3 1.04663754E-2 1.39114466E-2 2.84075225E-3
6.7762508 1.24986342E-3 2.09371001E-2 1.66421123E-2 2.84013362E-3
6.7737508 1.25004421E-3 1.04670348E-2 1.39123239E-2 2.83838878E-3
6.7712507 1.25000335E-3 5.23368875E-3 1.21572083E-2 2.83699902E-3
6.7687507 1.24996156E-3 1.04677267E-2 1.3913244E-2 2.83544092E-3
6.7662506 1.25013886E-3 0 9.76513792E-3 2.83318385E-3
6.7637506 1.24987506E-3 1.04684522E-2 1.39142079E-2 2.83151818E-3
6.7612505 1.25005015E-3 5.23349317E-3 1.21567538E-2 2.8274036E-3
6.7587504 1.25000428E-3 5.23368502E-3 1.21571999E-2 2.81970808E-3
6.7562509 1.24995748E-3 0 9.76655446E-3 2.80349515E-3
6.7537508 1.25012896E-3 1.04663251E-2 1.39113804E-2 2.77401065E-3
6.7512507 1.24986109E-3 2.09371392E-2 1.66421439E-2 2.7307251E-3
6.7487507 1.25003036E-3 5.23357559E-3 1.21569457E-2 2.66695092E-3
6.7462506 1.2499796E-3 1.04675759E-2 1.39130428E-2 2.56866263E-3
6.7437506 1.25014654E-3 2.61654481E-2 1.77815985E-2 2.41619302E-3
6.7412505 1.24987517E-3 1.04684513E-2 1.39142061E-2 2.2203296E-3
6.7387505 1.2500399E-3 2.09341422E-2 1.66397635E-2 2.02962174E-3
6.7362504 1.24998519E-3 1.04675302E-2 1.39129814E-2 1.90067838E-3
6.7337508 1.24992942E-3 5.23399794E-3 1.21579273E-2 1.85062259E-3
6.7312508 1.25009066E-3 2.6166616E-2 1.7782392E-2 1.85457023E-3
6.7287507 1.2500328E-3 4.18685228E-2 2.07146611E-2 1.87182659E-3
6.7262506 1.24997413E-3 3.14028673E-2 1.88316498E-2 1.87166687E-3
6.7237506 1.24991452E-3 2.09362414E-2 1.66414306E-2 1.84283068E-3
6.7212505 1.2500711E-3 1.04668094E-2 1.39120249E-2 1.77919702E-3
6.7187505 1.2500094E-3 1.04673272E-2 1.39127122E-2 1.67221273E-3
6.7162504 1.24994677E-3 5.23392577E-3 1.21577587E-2 1.52048061E-3
6.7137504 1.25009986E-3 1.04665691E-2 1.39117055E-2 1.3648126E-3
6.7112503 1.25003513E-3 2.09342223E-2 1.66398268E-2 1.28550828E-3
6.7087502 1.24996947E-3 1.57014914E-2 1.53691005E-2 1.32755784E-3
6.7062507 1.24990288E-3 0 9.76698101E-3 1.44709577E-3
6.7037506 1.25005143E-3 1.57004613E-2 1.53680919E-2 1.56048976E-3
6.7012506 1.24998274E-3 2.09350996E-2 1.66405234E-2 1.6265139E-3
6.6987505 1.24991324E-3 5.23406593E-3 1.21580847E-2 1.6543722E-3
6.6962509 1.2500583E-3 5.23345871E-3 1.21566737E-2 1.66774006E-3
6.6937509 1.2499867E-3 2.09350344E-2 1.66404713E-2 1.68200163E-3
6.6912508 1.25012931E-3 1.04663223E-2 1.39113767E-2 1.70001457E-3
6.6887507 1.2498406E-3 5.23437001E-3 1.21587915E-2 1.719755E-3
6.6862507 1.24998123E-3 1.57013442E-2 1.53689561E-2 1.7359982E-3
6.6837506 1.25012035E-3 3.13991942E-2 1.88294481E-2 1.74750097E-3
6.6812506 1.25004374E-3 5.23351971E-3 1.21568162E-2 1.75531616E-3
6.6787505 1.2499661E-3 2.09353771E-2 1.66407451E-2 1.76088687E-3
6.6762505 1.24988775E-3 3.14050391E-2 1.88329518E-2 1.76555663E-3
6.6737509 1.25002244E-3 3.14016528E-2 1.88309234E-2 1.76950567E-3
6.6712508 1.24994188E-3 1.04678916E-2 1.39134629E-2 1.77319243E-3
6.6687508 1.25007425E-3 1.04667833E-2 1.39119895E-2 1.77546858E-3
6.6662507 1.24999171E-3 0 9.76628717E-3 1.7765353E-3
6.6637506 1.25012163E-3 2.09327731E-2 1.66386738E-2 1.77579198E-3
6.6612506 1.24982384E-3 2.09377613E-2 1.66426394E-2 1.77437346E-3
6.6587505 1.25016482E-3 2.09320504E-2 1.66381001E-2 1.77100231E-3
6.6562505 1.24986528E-3 1.04685342E-2 1.39143169E-2 1.76798482E-3
6.6537509 1.24999078E-3 1.04674827E-2 1.3912919E-2 1.7646841E-3
6.6512508 1.25011499E-3 3.13993283E-2 1.88295282E-2 1.76286558E-3
6.6487503 1.25002547E-3 1.57007892E-2 1.53684122E-2 1.76405802E-3
6.6462507 1.24993501E-3 3.6637824E-2 1.9804744E-2 1.76906132E-3
6.6437507 1.25005585E-3 3.14008147E-2 1.88304186E-2 1.77826581E-3
6.6412506 1.24996342E-3 3.14031355E-2 1.88318118E-2 1.79228396E-3
6.6387506 1.24987005E-3 3.66397277E-2 1.98057722E-2 1.81022123E-3
6.6362505 1.25019916E-3 1.04657374E-2 1.39106E-2 1.8304938E-3
6.6337504 1.24989206E-3 3.14049274E-2 1.88328866E-2 1.85365533E-3
6.6312509 1.25000719E-3 1.04673449E-2 1.39127364E-2 1.87728181E-3
6.6287508 1.24990987E-3 3.66385616E-2 1.98051427E-2 1.90156454E-3
6.6262507 1.25002267E-3 1.57008227E-2 1.53684458E-2 1.92506157E-3
6.6237507 1.2501342E-3 2.61657052E-2 1.77817717E-2 1.94691471E-3
6.6212506 1.25003362E-3 1.04671232E-2 1.39124412E-2 1.96637935E-3
6.6187506 1.24993233E-3 1.57019589E-2 1.53695568E-2 1.98246981E-3
6.6162505 1.25004048E-3 0 9.76590626E-3 1.99477491E-3
6.6137505 1.24993711E-3 1.04679316E-2 1.3913516E-2 2.00426742E-3
6.6112504 1.25004305E-3 5.2335225E-3 1.21568227E-2 2.01095059E-3
6.6087508 1.24993769E-3 5.23396349E-3 1.21578472E-2 2.01632897E-3
6.6062508 1.2500413E-3 0 9.76590067E-3 2.0203325E-3
6.6037507 1.24993396E-3 0 9.76673886E-3 2.02394393E-3
6.6012506 1.25003525E-3 0 9.76594724E-3 2.02665734E-3
6.5987506 1.24992593E-3 1.5702039E-2 1.5369636E-2 2.02929089E-3
6.5962505 1.25002488E-3 1.57007948E-2 1.53684188E-2 2.03112676E-3
6.5937505 1.25012256E-3 0 9.76526458E-3 2.0322355E-3
6.5912504 1.2500101E-3 0 9.76614282E-3 2.03267625E-3
6.5887504 1.24989694E-3 5.23413438E-3 1.21582439E-2 2.03218777E-3
6.5862508 1.24999136E-3 0 9.76628996E-3 2.03094748E-3
6.5837507 1.25008449E-3 0 9.7655626E-3 2.02994491E-3
6.5812507 1.24996819E-3 0 9.76647157E-3 2.03017774E-3
6.5787506 1.25005899E-3 0 9.7657619E-3 2.03138543E-3
