READ SERR 1 2
@SiXIV_windprof.pco
!
6.2375007 2.49997899E-3 5.23374695E-3 6.95646694E-3 1.20342076E-4
6.2325006 2.49989424E-3 5.23392437E-3 6.95670256E-3 2.17723835E-4
6.2275004 2.50017294E-3 5.2333409E-3 6.95592724E-3 4.1328292E-4
6.2225003 2.4998826E-3 5.23394858E-3 6.95673516E-3 7.18321884E-4
6.2175007 2.49995524E-3 7.85069447E-3 7.68449996E-3 1.10282283E-3
6.2125006 2.5000181E-3 2.6168325E-3 6.07857667E-3 1.55063509E-3
6.2075005 2.50007072E-3 5.23355464E-3 6.95621129E-3 2.08017789E-3
6.2025008 2.49992893E-3 7.85077736E-3 7.68458098E-3 2.7312173E-3
6.1975007 2.50014686E-3 1.04667908E-2 8.31965823E-3 3.54491128E-3
6.1925006 2.49980134E-3 2.61705928E-3 6.07910333E-3 4.51176567E-3
6.1875005 2.50018341E-3 1.04666371E-2 8.31953622E-3 5.52560855E-3
6.1825008 2.4998195E-3 7.85112102E-3 7.68491719E-3 6.44610683E-3
6.1775007 2.50018085E-3 1.04666483E-2 8.31954554E-3 7.16595771E-3
6.1725006 2.49979855E-3 7.85118714E-3 7.68498192E-3 7.55918352E-3
6.1675005 2.50013894E-3 1.83169413E-2 9.90130659E-3 7.32554216E-3
6.1625004 2.50010332E-3 5.23348665E-3 6.95612095E-3 6.27055019E-3
6.1575003 2.50005792E-3 5.23358164E-3 6.95624715E-3 4.71492717E-3
6.1525002 2.50000274E-3 5.23369713E-3 6.95640035E-3 3.21522495E-3
6.1475005 2.49993801E-3 0 4.88323206E-3 2.03233142E-3
6.1425004 2.49986374E-3 7.85098225E-3 7.68478122E-3 1.16649456E-3
6.1375003 2.50014174E-3 2.61670281E-3 6.07827585E-3 5.92956727E-4
6.1325002 2.50004721E-3 1.30840093E-2 8.89167283E-3 2.81881512E-4
6.1275005 2.49994337E-3 0 4.88322182E-3 1.48952953E-4
NO NO NO NO NO
6.2375007 2.49997899E-3 5.23374695E-3 6.95646694E-3 1.23509264E-4
6.2325006 2.49989424E-3 5.23392437E-3 6.95670256E-3 2.17267079E-4
6.2275004 2.50017294E-3 2.61667045E-3 6.07820041E-3 4.2862742E-4
6.2225003 2.4998826E-3 5.23394858E-3 6.95673516E-3 7.96336681E-4
6.2175007 2.49995524E-3 5.23379631E-3 6.9565326E-3 1.29762036E-3
6.2125006 2.5000181E-3 7.85049703E-3 7.68430671E-3 1.90886133E-3
6.2075005 2.50007072E-3 2.61677732E-3 6.07844815E-3 2.65501649E-3
6.2025008 2.49992893E-3 7.85077736E-3 7.68458098E-3 3.5974069E-3
6.1975007 2.50014686E-3 1.04667908E-2 8.31965823E-3 4.8080408E-3
6.1925006 2.49980134E-3 1.30852964E-2 8.89254734E-3 6.2967604E-3
6.1875005 2.50018341E-3 2.3549933E-2 1.0787175E-2 7.91883655E-3
6.1825008 2.4998195E-3 2.61704028E-2 1.1197581E-2 9.44815297E-3
6.1775007 2.50018085E-3 1.30833108E-2 8.89119785E-3 1.07026091E-2
6.1725006 2.49979855E-3 5.2341246E-3 6.95696892E-3 1.15209948E-2
6.1675005 2.50013894E-3 2.35503521E-2 1.07873669E-2 1.15071591E-2
6.1625004 2.50010332E-3 1.30837159E-2 8.89147352E-3 1.02583794E-2
6.1575003 2.50005792E-3 2.09343266E-2 1.03573631E-2 8.0434829E-3
6.1525002 2.50000274E-3 1.30842421E-2 8.89183115E-3 5.70068089E-3
6.1475005 2.49993801E-3 2.61691608E-3 6.07877132E-3 3.76054901E-3
6.1425004 2.49986374E-3 0 4.88337735E-3 2.28560204E-3
6.1375003 2.50014174E-3 2.61670281E-3 6.07827585E-3 1.25101255E-3
6.1325002 2.50004721E-3 5.23360353E-3 6.95627648E-3 6.34869037E-4
6.1275005 2.49994337E-3 2.61691073E-3 6.07875828E-3 3.35477409E-4
NO NO NO NO NO
6.2387505 1.24992931E-3 0 9.76677425E-3 4.27553869E-6
6.2362504 1.25004956E-3 0 9.76583548E-3 5.95769461E-6
6.2337503 1.24998158E-3 0 9.76636633E-3 1.13620781E-5
6.2312508 1.24991254E-3 1.04681375E-2 1.39137898E-2 2.86266477E-5
6.2287507 1.25002896E-3 0 9.76599567E-3 6.97677751E-5
6.2262506 1.25014386E-3 5.23310062E-3 1.2155842E-2 1.4059931E-4
6.2237506 1.24988495E-3 0 9.7671207E-3 2.3574126E-4
6.2212505 1.24999753E-3 0 9.76624154E-3 3.44819622E-4
6.2187505 1.25010859E-3 0 9.76537447E-3 4.62282769E-4
6.2162504 1.24984677E-3 5.2343444E-3 1.21587319E-2 5.87193412E-4
6.2137504 1.25014095E-3 5.23311272E-3 1.215587E-2 7.20911892E-4
6.2112508 1.24987704E-3 5.23421727E-3 1.21584367E-2 8.66863527E-4
6.2087507 1.24998309E-3 0 9.76635423E-3 1.02790643E-3
6.2062507 1.25008775E-3 5.23333577E-3 1.21563878E-2 1.20852329E-3
6.2037506 1.25000591E-3 0 9.76617634E-3 1.4145748E-3
6.2012506 1.24992302E-3 1.04680499E-2 1.39136733E-2 1.65359583E-3
6.1987505 1.25020836E-3 5.23283007E-3 1.21552143E-2 1.9346429E-3
6.1962504 1.24993839E-3 5.23396069E-3 1.21578397E-2 2.2676019E-3
6.1937504 1.25003653E-3 0 9.76593699E-3 2.65068887E-3
6.1912508 1.24976481E-3 0 9.76806041E-3 3.06982873E-3
6.1887507 1.25022873E-3 0 9.7644357E-3 3.49546759E-3
6.1862502 1.24995469E-3 1.04677845E-2 1.39133204E-2 3.90584068E-3
6.1837506 1.2500477E-3 5.23350341E-3 1.2156778E-2 4.28248057E-3
6.1812506 1.24977191E-3 5.23465779E-3 1.21594602E-2 4.62273229E-3
6.1787505 1.25022943E-3 1.56982262E-2 1.53659042E-2 4.92355321E-3
6.1762505 1.24995143E-3 2.09356248E-2 1.66409407E-2 5.19365957E-3
6.1737504 1.25003909E-3 5.2335388E-3 1.21568609E-2 5.42963436E-3
6.1712508 1.24975934E-3 0 9.76810325E-3 5.62141603E-3
6.1687508 1.25021057E-3 1.04656424E-2 1.39104733E-2 5.70728816E-3
6.1662507 1.24992849E-3 0 9.76678077E-3 5.58328955E-3
6.1637506 1.25001103E-3 0 9.7661363E-3 5.1632002E-3
6.1612506 1.25009217E-3 1.04666334E-2 1.39117902E-2 4.5001246E-3
6.1587505 1.24980742E-3 0 9.76772793E-3 3.74961365E-3
6.1562505 1.2502505E-3 1.04653081E-2 1.39100291E-2 3.03917448E-3
6.1537504 1.24996342E-3 1.57015678E-2 1.5369175E-2 2.42307503E-3
6.1512504 1.25003944E-3 5.23353787E-3 1.21568581E-2 1.90169795E-3
6.1487503 1.24975061E-3 0 9.76817124E-3 1.46192731E-3
6.1462507 1.2501874E-3 5.23291808E-3 1.21554183E-2 1.08962809E-3
6.1437507 1.24989648E-3 5.23413625E-3 1.21582486E-2 7.7683205E-4
6.1412506 1.24996738E-3 1.04676792E-2 1.39131797E-2 5.16811444E-4
6.1387506 1.25003688E-3 5.23354858E-3 1.21568823E-2 3.10461299E-4
6.1362505 1.25010498E-3 0 9.76540241E-3 1.63427263E-4
6.1337504 1.2498101E-3 0 9.76770651E-3 7.55480942E-5
6.1312504 1.25023723E-3 0 9.76436958E-3 3.326148E-5
6.1287503 1.24994013E-3 0 9.76669043E-3 1.64018275E-5
NO NO NO NO NO
6.2387505 1.24992931E-3 5.23399841E-3 1.21579282E-2 4.91195215E-6
6.2362504 1.25004956E-3 0 9.76583548E-3 7.26354801E-6
6.2337503 1.24998158E-3 1.04675591E-2 1.39130214E-2 1.44704136E-5
6.2312508 1.24991254E-3 5.23406873E-3 1.21580912E-2 3.37101301E-5
6.2287507 1.25002896E-3 0 9.76599567E-3 7.59405593E-5
6.2262506 1.25014386E-3 0 9.7650988E-3 1.47201572E-4
6.2237506 1.24988495E-3 0 9.7671207E-3 2.42260343E-4
6.2212505 1.24999753E-3 5.23371296E-3 1.21572651E-2 3.51422321E-4
6.2187505 1.25010859E-3 0 9.76537447E-3 4.68405837E-4
6.2162504 1.24984677E-3 0 9.76741966E-3 5.92618599E-4
6.2137504 1.25014095E-3 0 9.76512115E-3 7.25730555E-4
6.2112508 1.24987704E-3 5.23421727E-3 1.21584367E-2 8.71237251E-4
6.2087507 1.24998309E-3 5.2337735E-3 1.21574048E-2 1.03204045E-3
6.2062507 1.25008775E-3 0 9.76553746E-3 1.21268991E-3
6.2037506 1.25000591E-3 0 9.76617634E-3 1.41912804E-3
6.2012506 1.24992302E-3 0 9.76682454E-3 1.65886106E-3
6.1987505 1.25020836E-3 0 9.76459403E-3 1.94026739E-3
6.1962504 1.24993839E-3 0 9.76670347E-3 2.27189669E-3
6.1937504 1.25003653E-3 0 9.76593699E-3 2.6512777E-3
6.1912508 1.24976481E-3 5.23468759E-3 1.21595291E-2 3.06476327E-3
6.1887507 1.25022873E-3 5.23274485E-3 1.21550169E-2 3.48361535E-3
6.1862502 1.24995469E-3 5.23389224E-3 1.21576814E-2 3.88661539E-3
6.1837506 1.2500477E-3 0 9.76585038E-3 4.25548758E-3
6.1812506 1.24977191E-3 5.23465779E-3 1.21594602E-2 4.58796555E-3
6.1787505 1.25022943E-3 0 9.76443011E-3 4.88135032E-3
6.1762505 1.24995143E-3 5.23390621E-3 1.2157714E-2 5.1440387E-3
6.1737504 1.25003909E-3 0 9.7659165E-3 5.37072029E-3
6.1712508 1.24975934E-3 5.23471041E-3 1.21595822E-2 5.54449577E-3
6.1687508 1.25021057E-3 1.04656424E-2 1.39104733E-2 5.60620613E-3
6.1662507 1.24992849E-3 1.04680043E-2 1.39136119E-2 5.46776876E-3
6.1637506 1.25001103E-3 1.57009698E-2 1.53685883E-2 5.04676392E-3
6.1612506 1.25009217E-3 0 9.76550207E-3 4.39100014E-3
6.1587505 1.24980742E-3 1.04690185E-2 1.39149604E-2 3.65023548E-3
6.1562505 1.2502505E-3 5.23265405E-3 1.21548055E-2 2.95256963E-3
6.1537504 1.24996342E-3 5.23385592E-3 1.21575976E-2 2.35735229E-3
6.1512504 1.25003944E-3 5.23353787E-3 1.21568581E-2 1.85999845E-3
6.1487503 1.24975061E-3 5.23474719E-3 1.2159667E-2 1.44300016E-3
6.1462507 1.2501874E-3 0 9.76475794E-3 1.08852761E-3
6.1437507 1.24989648E-3 0 9.7670313E-3 7.86352553E-4
6.1412506 1.24996738E-3 0 9.76647716E-3 5.3009222E-4
6.1387506 1.25003688E-3 5.23354858E-3 1.21568823E-2 3.21505708E-4
6.1362505 1.25010498E-3 0 9.76540241E-3 1.68908024E-4
6.1337504 1.2498101E-3 0 9.76770651E-3 7.63232965E-5
6.1312504 1.25023723E-3 5.23270946E-3 1.2154934E-2 3.18676466E-5
6.1287503 1.24994013E-3 5.23395371E-3 1.21578239E-2 1.51495178E-5
