READ SERR 1 2
@SXV_pow+Hewind.pco
!
5.1575003 2.49999389E-3 0 4.8831231E-3 1.13413518E-3
5.1525002 2.49999901E-3 2.61685252E-3 6.07862324E-3 1.15893211E-3
5.1475005 2.4999897E-3 0 4.88313101E-3 1.20031822E-3
5.1425004 2.49996665E-3 2.61688628E-3 6.07870193E-3 1.28100801E-3
5.1375003 2.4999294E-3 0 4.88324929E-3 1.43997697E-3
5.1325006 2.50013126E-3 5.23342798E-3 6.95604319E-3 1.71331875E-3
5.1275005 2.49981275E-3 0 4.883477E-3 2.12684763E-3
5.1225009 2.49998574E-3 5.23373252E-3 6.95644785E-3 2.71846075E-3
5.1175008 2.50014383E-3 0 4.88283066E-3 3.48995603E-3
5.1125002 2.50003533E-3 5.23362868E-3 6.95631001E-3 4.25629597E-3
5.1075006 2.49991333E-3 5.23388432E-3 6.95664948E-3 4.78152744E-3
5.1025004 2.50002765E-3 7.85046723E-3 7.6842769E-3 5.06381597E-3
5.0975003 2.50012707E-3 2.61671841E-3 6.07831124E-3 5.24364877E-3
5.0925002 2.49996246E-3 2.61689071E-3 6.07871171E-3 5.35552017E-3
5.0875001 2.50003301E-3 5.2336338E-3 6.95631653E-3 5.31753479E-3
5.0825005 2.49984046E-3 5.23403706E-3 6.95685251E-3 5.18405857E-3
5.0775003 2.50012986E-3 2.61671538E-3 6.07830472E-3 5.14037954E-3
5.0725002 2.49990867E-3 5.23389364E-3 6.95666205E-3 5.28817996E-3
5.0675006 2.49992101E-3 2.61693401E-3 6.07881229E-3 5.69391856E-3
5.0625005 2.50016502E-3 7.85003603E-3 7.68385502E-3 6.47013681E-3
5.0575004 2.49990146E-3 1.0467818E-2 8.320475E-3 7.63045391E-3
5.0525002 2.50011543E-3 2.61673075E-3 6.07834011E-3 8.82988889E-3
5.0475006 2.49982392E-3 7.85110705E-3 7.68490415E-3 9.52693634E-3
5.0425005 2.50000786E-3 1.04673728E-2 8.32012109E-3 9.59302764E-3
5.0375004 2.50017596E-3 2.61666719E-3 6.0781925E-3 9.32788569E-3
5.0325003 2.49984208E-3 7.85105024E-3 7.68484827E-3 8.85642227E-3
5.0275006 2.49998062E-3 1.30843576E-2 8.89190938E-3 7.9083005E-3
5.0225005 2.50010379E-3 5.23348525E-3 6.95611909E-3 6.32510753E-3
5.0175004 2.49996968E-3 7.85064977E-3 7.68445572E-3 4.54238243E-3
5.0125003 2.50006258E-3 0 4.88298899E-3 3.13415099E-3
5.0075006 2.49989936E-3 0 4.88330796E-3 2.23383727E-3
5.0025005 2.49996246E-3 0 4.88318456E-3 1.71699072E-3
4.9975004 2.50001042E-3 0 4.88309097E-3 1.46152719E-3
4.9925008 2.50004302E-3 5.23361284E-3 6.95628859E-3 1.35409413E-3
4.9875007 2.50006048E-3 2.61678803E-3 6.07847376E-3 1.30861253E-3
4.9825006 2.50006258E-3 0 4.88298899E-3 1.28459616E-3
4.9775004 2.49981182E-3 0 4.88347886E-3 1.26930152E-3
NO NO NO NO NO
5.1575003 2.49999389E-3 5.23371529E-3 6.95642503E-3 1.38919405E-3
5.1525002 2.49999901E-3 0 4.88311332E-3 1.41010026E-3
5.1475005 2.4999897E-3 2.61686207E-3 6.07864559E-3 1.44326931E-3
5.1425004 2.49996665E-3 5.23377256E-3 6.9565014E-3 1.50961138E-3
5.1375003 2.4999294E-3 2.6169254E-3 6.07879227E-3 1.6515411E-3
5.1325006 2.50013126E-3 0 4.88285488E-3 1.91632821E-3
5.1275005 2.49981275E-3 2.6170474E-3 6.07907586E-3 2.34253379E-3
5.1225009 2.49998574E-3 2.61686626E-3 6.0786549E-3 2.98051536E-3
5.1175008 2.50014383E-3 2.61670095E-3 6.0782712E-3 3.8665412E-3
5.1125002 2.50003533E-3 7.85044301E-3 7.68425362E-3 4.84671956E-3
5.1075006 2.49991333E-3 5.23388432E-3 6.95664948E-3 5.61061688E-3
5.1025004 2.50002765E-3 1.0467289E-2 8.32005497E-3 6.05442794E-3
5.0975003 2.50012707E-3 5.23343682E-3 6.95605436E-3 6.32643932E-3
5.0925002 2.49996246E-3 5.23378141E-3 6.95651257E-3 6.51347125E-3
5.0875001 2.50003301E-3 5.2336338E-3 6.95631653E-3 6.53273799E-3
5.0825005 2.49984046E-3 7.85105489E-3 7.68485293E-3 6.37840573E-3
5.0775003 2.50012986E-3 1.04668615E-2 8.31971504E-3 6.25065854E-3
5.0725002 2.49990867E-3 1.30847348E-2 8.8921655E-3 6.31684158E-3
5.0675006 2.49992101E-3 7.85080157E-3 7.68460473E-3 6.65846933E-3
5.0625005 2.50016502E-3 2.6166786E-3 6.07821951E-3 7.43237324E-3
5.0575004 2.49990146E-3 0 4.88330377E-3 8.74109101E-3
5.0525002 2.50011543E-3 1.83171146E-2 9.90140066E-3 1.03070065E-2
5.0475006 2.49982392E-3 7.85110705E-3 7.68490415E-3 1.14682177E-2
5.0425005 2.50000786E-3 2.09347457E-2 1.03575699E-2 1.1849693E-2
5.0375004 2.50017596E-3 7.85000157E-3 7.68382149E-3 1.17179891E-2
5.0325003 2.49984208E-3 1.04680667E-2 8.32067244E-3 1.13329962E-2
5.0275006 2.49998062E-3 1.57012288E-2 9.41570289E-3 1.04514081E-2
5.0225005 2.50010379E-3 5.23348525E-3 6.95611909E-3 8.75067431E-3
5.0175004 2.49996968E-3 0 4.88317059E-3 6.54541748E-3
5.0125003 2.50006258E-3 7.85035733E-3 7.6841698E-3 4.5907218E-3
5.0075006 2.49989936E-3 2.6169566E-3 6.07886538E-3 3.24352994E-3
5.0025005 2.49996246E-3 0 4.88318456E-3 2.4142263E-3
4.9975004 2.50001042E-3 5.23368083E-3 6.95637939E-3 1.9606885E-3
4.9925008 2.50004302E-3 0 4.88302717E-3 1.74826465E-3
4.9875007 2.50006048E-3 0 4.88299318E-3 1.6526219E-3
4.9825006 2.50006258E-3 0 4.88298899E-3 1.60383165E-3
4.9775004 2.49981182E-3 0 4.88347886E-3 1.57517067E-3
NO NO NO NO NO
5.1587505 1.24996353E-3 0 9.76650789E-3 7.52349442E-4
5.1562505 1.25003047E-3 0 9.76598449E-3 7.54195673E-4
5.1537504 1.24984025E-3 0 9.76747088E-3 7.56340916E-4
5.1512504 1.25015876E-3 5.23303822E-3 1.21556977E-2 7.58336333E-4
5.1487503 1.24996505E-3 0 9.76649579E-3 7.60934141E-4
5.1462502 1.25002477E-3 0 9.76602919E-3 7.64153374E-4
5.1437507 1.24982814E-3 0 9.76756494E-3 7.70379091E-4
5.1412506 1.25013839E-3 0 9.76514071E-3 7.84698816E-4
5.1387506 1.2499385E-3 0 9.76670347E-3 8.16017331E-4
5.1362505 1.24999089E-3 0 9.76629369E-3 8.69400625E-4
5.1337504 1.2500413E-3 0 9.76589974E-3 9.45259351E-4
5.1312504 1.25008984E-3 0 9.76551976E-3 1.04199967E-3
5.1287503 1.24988367E-3 0 9.76713095E-3 1.16138847E-3
5.1262507 1.24992896E-3 0 9.76677798E-3 1.30823639E-3
5.1237507 1.25022454E-3 5.23276301E-3 1.21550579E-2 1.49195362E-3
5.1212506 1.24976132E-3 0 9.76808742E-3 1.72837859E-3
5.1187506 1.25005306E-3 5.2334806E-3 1.21567249E-2 2.03229976E-3
5.1162505 1.25009066E-3 0 9.76551417E-3 2.40547466E-3
5.1137505 1.24987506E-3 5.23422612E-3 1.21584572E-2 2.80046673E-3
5.1112504 1.25016039E-3 1.56990942E-2 1.53667536E-2 3.12785502E-3
5.1087503 1.24994142E-3 0 9.76668019E-3 3.33483075E-3
5.1062503 1.24997192E-3 0 9.76644177E-3 3.4384015E-3
5.1037507 1.25000055E-3 5.23370039E-3 1.21572362E-2 3.49514908E-3
5.1012506 1.25002721E-3 1.04671773E-2 1.39125129E-2 3.54265189E-3
5.0987506 1.25005213E-3 0 9.76581592E-3 3.59921367E-3
5.0962505 1.25007506E-3 5.23338839E-3 1.21565117E-2 3.66768613E-3
5.0937505 1.24984677E-3 0 9.76741966E-3 3.74482805E-3
5.0912504 1.25011569E-3 0 9.76531953E-3 3.81084927E-3
5.0887504 1.24988414E-3 0 9.76712815E-3 3.82562424E-3
5.0862503 1.25014875E-3 5.23308013E-3 1.21557945E-2 3.74595704E-3
5.0837502 1.24991406E-3 1.04681253E-2 1.3913773E-2 3.60459462E-3
5.0812507 1.2499264E-3 1.0468022E-2 1.39136361E-2 3.48428031E-3
5.0787506 1.24993676E-3 5.23396721E-3 1.21578556E-2 3.43258516E-3
5.0762506 1.25019299E-3 0 9.76471417E-3 3.42310546E-3
5.0737505 1.24995189E-3 0 9.76659823E-3 3.43154743E-3
5.0712504 1.24995678E-3 1.04677668E-2 1.39132971E-2 3.46246478E-3
5.0687504 1.24995993E-3 1.04677407E-2 1.39132626E-2 3.5389273E-3
5.0662508 1.24996121E-3 0 9.76652559E-3 3.68132954E-3
5.0637503 1.25020707E-3 5.23283612E-3 1.21552283E-2 3.90836596E-3
5.0612502 1.24995795E-3 0 9.76655073E-3 4.23958944E-3
5.0587502 1.24995376E-3 0 9.76658333E-3 4.68446221E-3
5.0562506 1.2499477E-3 5.23392158E-3 1.21577494E-2 5.23491856E-3
5.0537505 1.2499399E-3 0 9.7666923E-3 5.8235568E-3
5.0512505 1.25017541E-3 0 9.764852E-3 6.30204333E-3
5.0487504 1.24991848E-3 1.04680881E-2 1.39137227E-2 6.52770279E-3
5.0462503 1.24990533E-3 1.04681989E-2 1.39138708E-2 6.4805611E-3
5.0437503 1.25013466E-3 0 9.76517051E-3 6.27116766E-3
5.0412507 1.24987308E-3 5.23423404E-3 1.21584749E-2 6.02449942E-3
5.0387506 1.25009846E-3 5.23329061E-3 1.21562835E-2 5.79543179E-3
5.0362501 1.2500775E-3 5.23337815E-3 1.21564865E-2 5.60784526E-3
5.0337505 1.24981138E-3 5.23449248E-3 1.21590756E-2 5.4606772E-3
5.0312505 1.25003059E-3 5.23357466E-3 1.21569429E-2 5.33787953E-3
5.0287504 1.2500044E-3 1.04673691E-2 1.39127681E-2 5.18832263E-3
5.0262504 1.24997634E-3 0 9.76640731E-3 4.89739934E-3
5.0237503 1.25018915E-3 0 9.7647449E-3 4.37872764E-3
5.0212502 1.24991476E-3 0 9.7668888E-3 3.69017944E-3
5.0187507 1.24988146E-3 0 9.76714864E-3 2.98722391E-3
5.0162506 1.25008821E-3 5.23333345E-3 1.21563841E-2 2.38988525E-3
5.0137506 1.25005085E-3 0 9.76582523E-3 1.9263702E-3
5.0112505 1.25001173E-3 5.23365336E-3 1.21571263E-2 1.57751131E-3
5.0087504 1.24997098E-3 0 9.76644922E-3 1.31174433E-3
5.0062504 1.24992838E-3 0 9.7667817E-3 1.1070437E-3
5.0037503 1.25012477E-3 0 9.76524781E-3 9.5387327E-4
5.0012503 1.24983781E-3 0 9.76748951E-3 8.51022778E-4
4.9987507 1.25003024E-3 0 9.76598635E-3 7.93099636E-4
4.9962506 1.24998018E-3 0 9.76637751E-3 7.67685298E-4
4.9937506 1.25016819E-3 1.04659973E-2 1.39109446E-2 7.59042683E-4
4.9912505 1.24987483E-3 0 9.7672008E-3 7.576879E-4
4.9887505 1.25005888E-3 0 9.76576284E-3 7.58285169E-4
4.9862504 1.25000149E-3 0 9.7662108E-3 7.59637391E-4
4.9837503 1.24994246E-3 5.23394346E-3 1.21578006E-2 7.61160045E-4
4.9812503 1.25012023E-3 0 9.7652832E-3 7.62533338E-4
4.9787502 1.24981906E-3 0 9.76763666E-3 7.64212047E-4
NO NO NO NO NO
5.1587505 1.24996353E-3 5.23385545E-3 1.21575957E-2 6.47642999E-4
5.1562505 1.25003047E-3 0 9.76598449E-3 6.51542621E-4
5.1537504 1.24984025E-3 0 9.76747088E-3 6.55552954E-4
5.1512504 1.25015876E-3 0 9.76498239E-3 6.59378245E-4
5.1487503 1.24996505E-3 0 9.76649579E-3 6.6369219E-4
5.1462502 1.25002477E-3 0 9.76602919E-3 6.68742752E-4
5.1437507 1.24982814E-3 0 9.76756494E-3 6.76929543E-4
5.1412506 1.25013839E-3 0 9.76514071E-3 6.92229427E-4
5.1387506 1.2499385E-3 0 9.76670347E-3 7.2193041E-4
5.1362505 1.24999089E-3 0 9.76629369E-3 7.70949759E-4
5.1337504 1.2500413E-3 5.23352949E-3 1.21568386E-2 8.4012968E-4
5.1312504 1.25008984E-3 0 9.76551976E-3 9.28150897E-4
5.1287503 1.24988367E-3 0 9.76713095E-3 1.03631231E-3
5.1262507 1.24992896E-3 0 9.76677798E-3 1.16915745E-3
5.1237507 1.25022454E-3 5.23276301E-3 1.21550579E-2 1.33542239E-3
5.1212506 1.24976132E-3 1.0469405E-2 1.39154736E-2 1.54868269E-3
5.1187506 1.25005306E-3 0 9.76580754E-3 1.81828323E-3
5.1162505 1.25009066E-3 5.2333232E-3 1.21563599E-2 2.1415269E-3
5.1137505 1.24987506E-3 5.23422612E-3 1.21584572E-2 2.48498865E-3
5.1112504 1.25016039E-3 0 9.76497028E-3 2.77628517E-3
5.1087503 1.24994142E-3 0 9.76668019E-3 2.96218158E-3
5.1062503 1.24997192E-3 0 9.76644177E-3 3.05272895E-3
5.1037507 1.25000055E-3 0 9.76621825E-3 3.09855235E-3
5.1012506 1.25002721E-3 0 9.76600964E-3 3.13552865E-3
5.0987506 1.25005213E-3 5.23348479E-3 1.21567342E-2 3.17674666E-3
5.0962505 1.25007506E-3 0 9.76563618E-3 3.22478171E-3
5.0937505 1.24984677E-3 5.2343444E-3 1.2158731E-2 3.27622145E-3
5.0912504 1.25011569E-3 0 9.76531953E-3 3.31357773E-3
5.0887504 1.24988414E-3 0 9.76712815E-3 3.31210578E-3
5.0862503 1.25014875E-3 0 9.76506062E-3 3.23864329E-3
5.0837502 1.24991406E-3 5.23406267E-3 1.21580772E-2 3.10938223E-3
5.0812507 1.2499264E-3 0 9.76679754E-3 2.9928959E-3
5.0787506 1.24993676E-3 1.04679344E-2 1.39135197E-2 2.93878815E-3
5.0762506 1.25019299E-3 0 9.76471417E-3 2.9265054E-3
5.0737505 1.24995189E-3 0 9.76659823E-3 2.92547536E-3
5.0712504 1.24995678E-3 0 9.76656005E-3 2.93760304E-3
5.0687504 1.24995993E-3 0 9.76653583E-3 2.98467628E-3
5.0662508 1.24996121E-3 1.04677305E-2 1.39132487E-2 3.08251427E-3
5.0637503 1.25020707E-3 0 9.7646052E-3 3.24488222E-3
5.0612502 1.24995795E-3 0 9.76655073E-3 3.49235511E-3
5.0587502 1.24995376E-3 0 9.76658333E-3 3.83949163E-3
5.0562506 1.2499477E-3 5.23392158E-3 1.21577494E-2 4.28775791E-3
5.0537505 1.2499399E-3 0 9.7666923E-3 4.80008917E-3
5.0512505 1.25017541E-3 1.04659367E-2 1.39108635E-2 5.28494548E-3
5.0487504 1.24991848E-3 1.04680881E-2 1.39137227E-2 5.63146733E-3
5.0462503 1.24990533E-3 1.04681989E-2 1.39138708E-2 5.80100296E-3
5.0437503 1.25013466E-3 0 9.76517051E-3 5.86375594E-3
5.0412507 1.24987308E-3 2.09369361E-2 1.66419838E-2 5.90599608E-3
5.0387506 1.25009846E-3 5.23329061E-3 1.21562835E-2 5.95160341E-3
5.0362501 1.2500775E-3 0 9.76561662E-3 5.99654578E-3
5.0337505 1.24981138E-3 1.0468985E-2 1.39149167E-2 6.02315366E-3
5.0312505 1.25003059E-3 1.04671493E-2 1.39124757E-2 5.99054992E-3
5.0287504 1.2500044E-3 2.61684228E-2 1.77836195E-2 5.83706424E-3
5.0262504 1.24997634E-3 0 9.76640731E-3 5.47271967E-3
5.0237503 1.25018915E-3 5.23291109E-3 1.21554025E-2 4.83263331E-3
5.0212502 1.24991476E-3 5.23405988E-3 1.21580707E-2 3.99397174E-3
5.0187507 1.24988146E-3 5.23419911E-3 1.21583948E-2 3.15110967E-3
5.0162506 1.25008821E-3 5.23333345E-3 1.21563841E-2 2.45758495E-3
5.0137506 1.25005085E-3 0 9.76582523E-3 1.94335578E-3
5.0112505 1.25001173E-3 0 9.76613071E-3 1.5724313E-3
5.0087504 1.24997098E-3 5.23382425E-3 1.21575231E-2 1.30491436E-3
5.0062504 1.24992838E-3 0 9.7667817E-3 1.11157668E-3
5.0037503 1.25012477E-3 0 9.76524781E-3 9.74935421E-4
5.0012503 1.24983781E-3 0 9.76748951E-3 8.88591458E-4
4.9987507 1.25003024E-3 0 9.76598635E-3 8.46167793E-4
4.9962506 1.24998018E-3 0 9.76637751E-3 8.34868522E-4
4.9937506 1.25016819E-3 5.23299864E-3 1.21556055E-2 8.374686E-4
4.9912505 1.24987483E-3 0 9.7672008E-3 8.42940994E-4
4.9887505 1.25005888E-3 0 9.76576284E-3 8.46387004E-4
4.9862504 1.25000149E-3 0 9.7662108E-3 8.48123222E-4
4.9837503 1.24994246E-3 0 9.76667181E-3 8.49005184E-4
4.9812503 1.25012023E-3 0 9.7652832E-3 8.49544071E-4
4.9787502 1.24981906E-3 0 9.76763666E-3 8.50450422E-4
