READ SERR 1 2
@SXV_Hewind.pco
!
5.1575003 2.49999389E-3 0 4.8831231E-3 5.12272709E-5
5.1525002 2.49999901E-3 2.61685252E-3 6.07862324E-3 7.04571794E-5
5.1475005 2.4999897E-3 0 4.88313101E-3 1.05543877E-4
5.1425004 2.49996665E-3 2.61688628E-3 6.07870193E-3 1.78964154E-4
5.1375003 2.4999294E-3 0 4.88324929E-3 3.29444825E-4
5.1325006 2.50013126E-3 5.23342798E-3 6.95604319E-3 5.9292221E-4
5.1275005 2.49981275E-3 0 4.883477E-3 9.95075097E-4
5.1225009 2.49998574E-3 5.23373252E-3 6.95644785E-3 1.57539721E-3
5.1175008 2.50014383E-3 0 4.88283066E-3 2.33980431E-3
5.1125002 2.50003533E-3 5.23362868E-3 6.95631001E-3 3.10799386E-3
5.1075006 2.49991333E-3 5.23388432E-3 6.95664948E-3 3.63923796E-3
5.1025004 2.50002765E-3 7.85046723E-3 7.6842769E-3 3.92244756E-3
5.0975003 2.50012707E-3 2.61671841E-3 6.07831124E-3 4.09617368E-3
5.0925002 2.49996246E-3 2.61689071E-3 6.07871171E-3 4.19544708E-3
5.0875001 2.50003301E-3 5.2336338E-3 6.95631653E-3 4.14057355E-3
5.0825005 2.49984046E-3 5.23403706E-3 6.95685251E-3 3.99717363E-3
5.0775003 2.50012986E-3 2.61671538E-3 6.07830472E-3 3.95829743E-3
5.0725002 2.49990867E-3 5.23389364E-3 6.95666205E-3 4.1145375E-3
5.0675006 2.49992101E-3 2.61693401E-3 6.07881229E-3 4.52134805E-3
5.0625005 2.50016502E-3 7.85003603E-3 7.68385502E-3 5.29052084E-3
5.0575004 2.49990146E-3 1.0467818E-2 8.320475E-3 6.44129468E-3
5.0525002 2.50011543E-3 2.61673075E-3 6.07834011E-3 7.64698675E-3
5.0475006 2.49982392E-3 7.85110705E-3 7.68490415E-3 8.36886745E-3
5.0425005 2.50000786E-3 1.04673728E-2 8.32012109E-3 8.45614821E-3
5.0375004 2.50017596E-3 2.61666719E-3 6.0781925E-3 8.19712412E-3
5.0325003 2.49984208E-3 7.85105024E-3 7.68484827E-3 7.71737657E-3
5.0275006 2.49998062E-3 1.30843576E-2 8.89190938E-3 6.74231676E-3
5.0225005 2.50010379E-3 5.23348525E-3 6.95611909E-3 5.12831984E-3
5.0175004 2.49996968E-3 7.85064977E-3 7.68445572E-3 3.33430595E-3
5.0125003 2.50006258E-3 0 4.88298899E-3 1.93068257E-3
5.0075006 2.49989936E-3 0 4.88330796E-3 1.03625015E-3
5.0025005 2.49996246E-3 0 4.88318456E-3 5.22916904E-4
4.9975004 2.50001042E-3 0 4.88309097E-3 2.68182514E-4
4.9925008 2.50004302E-3 5.23361284E-3 6.95628859E-3 1.58759096E-4
4.9875007 2.50006048E-3 2.61678803E-3 6.07847376E-3 1.09834422E-4
4.9825006 2.50006258E-3 0 4.88298899E-3 8.24068047E-5
4.9775004 2.49981182E-3 0 4.88347886E-3 6.38616548E-5
NO NO NO NO NO
5.1575003 2.49999389E-3 5.23371529E-3 6.95642503E-3 4.95820932E-5
5.1525002 2.49999901E-3 0 4.88311332E-3 6.48397763E-5
5.1475005 2.4999897E-3 2.61686207E-3 6.07864559E-3 9.16227145E-5
5.1425004 2.49996665E-3 5.23377256E-3 6.9565014E-3 1.50560285E-4
5.1375003 2.4999294E-3 2.6169254E-3 6.07879227E-3 2.83586531E-4
5.1325006 2.50013126E-3 0 4.88285488E-3 5.37610438E-4
5.1275005 2.49981275E-3 2.6170474E-3 6.07907586E-3 9.50870512E-4
5.1225009 2.49998574E-3 2.61686626E-3 6.0786549E-3 1.57550583E-3
5.1175008 2.50014383E-3 2.61670095E-3 6.0782712E-3 2.45182239E-3
5.1125002 2.50003533E-3 7.85044301E-3 7.68425362E-3 3.4323025E-3
5.1075006 2.49991333E-3 5.23388432E-3 6.95664948E-3 4.20460943E-3
5.1025004 2.50002765E-3 1.0467289E-2 8.32005497E-3 4.65374161E-3
5.0975003 2.50012707E-3 5.23343682E-3 6.95605436E-3 4.92241886E-3
5.0925002 2.49996246E-3 5.23378141E-3 6.95651257E-3 5.09781111E-3
5.0875001 2.50003301E-3 5.2336338E-3 6.95631653E-3 5.0980621E-3
5.0825005 2.49984046E-3 7.85105489E-3 7.68485293E-3 4.92781308E-3
5.0775003 2.50012986E-3 1.04668615E-2 8.31971504E-3 4.80101537E-3
5.0725002 2.49990867E-3 1.30847348E-2 8.8921655E-3 4.87793656E-3
5.0675006 2.49992101E-3 7.85080157E-3 7.68460473E-3 5.22384001E-3
5.0625005 2.50016502E-3 2.6166786E-3 6.07821951E-3 5.99018624E-3
5.0575004 2.49990146E-3 0 4.88330377E-3 7.28378305E-3
5.0525002 2.50011543E-3 1.83171146E-2 9.90140066E-3 8.84636864E-3
5.0475006 2.49982392E-3 7.85110705E-3 7.68490415E-3 1.00297136E-2
5.0425005 2.50000786E-3 2.09347457E-2 1.03575699E-2 1.04396716E-2
5.0375004 2.50017596E-3 7.85000157E-3 7.68382149E-3 1.03206672E-2
5.0325003 2.49984208E-3 1.04680667E-2 8.32067244E-3 9.93127003E-3
5.0275006 2.49998062E-3 1.57012288E-2 9.41570289E-3 9.02331434E-3
5.0225005 2.50010379E-3 5.23348525E-3 6.95611909E-3 7.28255371E-3
5.0175004 2.49996968E-3 0 4.88317059E-3 5.05492743E-3
5.0125003 2.50006258E-3 7.85035733E-3 7.6841698E-3 3.10317101E-3
5.0075006 2.49989936E-3 2.6169566E-3 6.07886538E-3 1.76528166E-3
5.0025005 2.49996246E-3 0 4.88318456E-3 9.42902756E-4
4.9975004 2.50001042E-3 5.23368083E-3 6.95637939E-3 4.92427265E-4
4.9925008 2.50004302E-3 0 4.88302717E-3 2.79378146E-4
4.9875007 2.50006048E-3 0 4.88299318E-3 1.81031908E-4
4.9825006 2.50006258E-3 0 4.88298899E-3 1.28931584E-4
4.9775004 2.49981182E-3 0 4.88347886E-3 9.69730318E-5
NO NO NO NO NO
5.1587505 1.24996353E-3 0 9.76650789E-3 2.46132117E-6
5.1562505 1.25003047E-3 0 9.76598449E-3 2.87906937E-6
5.1537504 1.24984025E-3 0 9.76747088E-3 3.41454165E-6
5.1512504 1.25015876E-3 5.23303822E-3 1.21556977E-2 4.10518396E-6
5.1487503 1.24996505E-3 0 9.76649579E-3 5.06145898E-6
5.1462502 1.25002477E-3 0 9.76602919E-3 6.78775496E-6
5.1437507 1.24982814E-3 0 9.76756494E-3 1.13484584E-5
5.1412506 1.25013839E-3 0 9.76514071E-3 2.41809066E-5
5.1387506 1.2499385E-3 0 9.76670347E-3 5.32797239E-5
5.1362505 1.24999089E-3 0 9.76629369E-3 1.04067687E-4
5.1337504 1.2500413E-3 0 9.76589974E-3 1.76915768E-4
5.1312504 1.25008984E-3 0 9.76551976E-3 2.7038742E-4
5.1287503 1.24988367E-3 0 9.76713095E-3 3.86011408E-4
5.1262507 1.24992896E-3 0 9.76677798E-3 5.28750592E-4
5.1237507 1.25022454E-3 5.23276301E-3 1.21550579E-2 7.07950385E-4
5.1212506 1.24976132E-3 0 9.76808742E-3 9.38785786E-4
5.1187506 1.25005306E-3 5.2334806E-3 1.21567249E-2 1.23747357E-3
5.1162505 1.25009066E-3 0 9.76551417E-3 1.60749769E-3
5.1137505 1.24987506E-3 5.23422612E-3 1.21584572E-2 2.00471398E-3
5.1112504 1.25016039E-3 1.56990942E-2 1.53667536E-2 2.33985344E-3
5.1087503 1.24994142E-3 0 9.76668019E-3 2.55487161E-3
5.1062503 1.24997192E-3 0 9.76644177E-3 2.66315159E-3
5.1037507 1.25000055E-3 5.23370039E-3 1.21572362E-2 2.72090221E-3
5.1012506 1.25002721E-3 1.04671773E-2 1.39125129E-2 2.76689907E-3
5.0987506 1.25005213E-3 0 9.76581592E-3 2.82044662E-3
5.0962505 1.25007506E-3 5.23338839E-3 1.21565117E-2 2.88507133E-3
5.0937505 1.24984677E-3 0 9.76741966E-3 2.95731658E-3
5.0912504 1.25011569E-3 0 9.76531953E-3 3.01630911E-3
5.0887504 1.24988414E-3 0 9.76712815E-3 3.01946141E-3
5.0862503 1.25014875E-3 5.23308013E-3 1.21557945E-2 2.92604696E-3
5.0837502 1.24991406E-3 1.04681253E-2 1.3913773E-2 2.7735387E-3
5.0812507 1.2499264E-3 1.0468022E-2 1.39136361E-2 2.65029445E-3
5.0787506 1.24993676E-3 5.23396721E-3 1.21578556E-2 2.60448921E-3
5.0762506 1.25019299E-3 0 9.76471417E-3 2.60534021E-3
5.0737505 1.24995189E-3 0 9.76659823E-3 2.62190937E-3
5.0712504 1.24995678E-3 1.04677668E-2 1.39132971E-2 2.65630567E-3
5.0687504 1.24995993E-3 1.04677407E-2 1.39132626E-2 2.73289368E-3
5.0662508 1.24996121E-3 0 9.76652559E-3 2.87330197E-3
5.0637503 1.25020707E-3 5.23283612E-3 1.21552283E-2 3.09751974E-3
5.0612502 1.24995795E-3 0 9.76655073E-3 3.4254496E-3
5.0587502 1.24995376E-3 0 9.76658333E-3 3.86784622E-3
5.0562506 1.2499477E-3 5.23392158E-3 1.21577494E-2 4.41731513E-3
5.0537505 1.2499399E-3 0 9.7666923E-3 5.01094945E-3
5.0512505 1.25017541E-3 0 9.764852E-3 5.50888712E-3
5.0487504 1.24991848E-3 1.04680881E-2 1.39137227E-2 5.76776639E-3
5.0462503 1.24990533E-3 1.04681989E-2 1.39138708E-2 5.75711112E-3
5.0437503 1.25013466E-3 0 9.76517051E-3 5.57715166E-3
5.0412507 1.24987308E-3 5.23423404E-3 1.21584749E-2 5.35270618E-3
5.0387506 1.25009846E-3 5.23329061E-3 1.21562835E-2 5.14091225E-3
5.0362501 1.2500775E-3 5.23337815E-3 1.21564865E-2 4.96703479E-3
5.0337505 1.24981138E-3 5.23449248E-3 1.21590756E-2 4.82998183E-3
5.0312505 1.25003059E-3 5.23357466E-3 1.21569429E-2 4.71186358E-3
5.0287504 1.2500044E-3 1.04673691E-2 1.39127681E-2 4.55648452E-3
5.0262504 1.24997634E-3 0 9.76640731E-3 4.24672803E-3
5.0237503 1.25018915E-3 0 9.7647449E-3 3.70298722E-3
5.0212502 1.24991476E-3 0 9.7668888E-3 2.99346028E-3
5.0187507 1.24988146E-3 0 9.76714864E-3 2.27857684E-3
5.0162506 1.25008821E-3 5.23333345E-3 1.21563841E-2 1.67479366E-3
5.0137506 1.25005085E-3 0 9.76582523E-3 1.20702584E-3
5.0112505 1.25001173E-3 5.23365336E-3 1.21571263E-2 8.54516635E-4
5.0087504 1.24997098E-3 0 9.76644922E-3 5.8552128E-4
5.0062504 1.24992838E-3 0 9.7667817E-3 3.78055236E-4
5.0037503 1.25012477E-3 0 9.76524781E-3 2.22464674E-4
5.0012503 1.24983781E-3 0 9.76748951E-3 1.16817828E-4
4.9987507 1.25003024E-3 0 9.76598635E-3 5.61001289E-5
4.9962506 1.24998018E-3 0 9.76637751E-3 2.75190923E-5
4.9937506 1.25016819E-3 1.04659973E-2 1.39109446E-2 1.57569539E-5
4.9912505 1.24987483E-3 0 9.7672008E-3 1.0989771E-5
4.9887505 1.25005888E-3 0 9.76576284E-3 8.51504683E-6
4.9862504 1.25000149E-3 0 9.7662108E-3 6.84176166E-6
4.9837503 1.24994246E-3 5.23394346E-3 1.21578006E-2 5.60053468E-6
4.9812503 1.25012023E-3 0 9.7652832E-3 4.65942912E-6
4.9787502 1.24981906E-3 0 9.76763666E-3 3.94322024E-6
NO NO NO NO NO
5.1587505 1.24996353E-3 5.23385545E-3 1.21575957E-2 2.54289193E-6
5.1562505 1.25003047E-3 0 9.76598449E-3 2.97494125E-6
5.1537504 1.24984025E-3 0 9.76747088E-3 3.532444E-6
5.1512504 1.25015876E-3 0 9.76498239E-3 4.27053601E-6
5.1487503 1.24996505E-3 0 9.76649579E-3 5.35522167E-6
5.1462502 1.25002477E-3 0 9.76602919E-3 7.45263014E-6
5.1437507 1.24982814E-3 0 9.76756494E-3 1.2681975E-5
5.1412506 1.25013839E-3 0 9.76514071E-3 2.53191956E-5
5.1387506 1.2499385E-3 0 9.76670347E-3 5.19971072E-5
5.1362505 1.24999089E-3 0 9.76629369E-3 9.79737742E-5
5.1337504 1.2500413E-3 5.23352949E-3 1.21568386E-2 1.6390068E-4
5.1312504 1.25008984E-3 0 9.76551976E-3 2.48467608E-4
5.1287503 1.24988367E-3 0 9.76713095E-3 3.5288604E-4
5.1262507 1.24992896E-3 0 9.76677798E-3 4.81898081E-4
5.1237507 1.25022454E-3 5.23276301E-3 1.21550579E-2 6.44029817E-4
5.1212506 1.24976132E-3 1.0469405E-2 1.39154736E-2 8.5224642E-4
5.1187506 1.25005306E-3 0 9.76580754E-3 1.11752562E-3
5.1162505 1.25009066E-3 5.2333232E-3 1.21563599E-2 1.43812457E-3
5.1137505 1.24987506E-3 5.23422612E-3 1.21584572E-2 1.78288831E-3
5.1112504 1.25016039E-3 0 9.76497028E-3 2.08015926E-3
5.1087503 1.24994142E-3 0 9.76668019E-3 2.27249716E-3
5.1062503 1.24997192E-3 0 9.76644177E-3 2.36679823E-3
5.1037507 1.25000055E-3 0 9.76621825E-3 2.41349335E-3
5.1012506 1.25002721E-3 0 9.76600964E-3 2.45000445E-3
5.0987506 1.25005213E-3 5.23348479E-3 1.21567342E-2 2.49035889E-3
5.0962505 1.25007506E-3 0 9.76563618E-3 2.53734482E-3
5.0937505 1.24984677E-3 5.2343444E-3 1.2158731E-2 2.58686324E-3
5.0912504 1.25011569E-3 0 9.76531953E-3 2.62074731E-3
5.0887504 1.24988414E-3 0 9.76712815E-3 2.61233211E-3
5.0862503 1.25014875E-3 0 9.76506062E-3 2.52980669E-3
5.0837502 1.24991406E-3 5.23406267E-3 1.21580772E-2 2.39344616E-3
5.0812507 1.2499264E-3 0 9.76679754E-3 2.27627205E-3
5.0787506 1.24993676E-3 1.04679344E-2 1.39135197E-2 2.2288675E-3
5.0762506 1.25019299E-3 0 9.76471417E-3 2.22780695E-3
5.0737505 1.24995189E-3 0 9.76659823E-3 2.23686988E-3
5.0712504 1.24995678E-3 0 9.76656005E-3 2.25580065E-3
5.0687504 1.24995993E-3 0 9.76653583E-3 2.3074639E-3
5.0662508 1.24996121E-3 1.04677305E-2 1.39132487E-2 2.40945723E-3
5.0637503 1.25020707E-3 0 9.7646052E-3 2.57610623E-3
5.0612502 1.24995795E-3 0 9.76655073E-3 2.82700453E-3
5.0587502 1.24995376E-3 0 9.76658333E-3 3.17602162E-3
5.0562506 1.2499477E-3 5.23392158E-3 1.21577494E-2 3.62460082E-3
5.0537505 1.2499399E-3 0 9.7666923E-3 4.13617073E-3
5.0512505 1.25017541E-3 1.04659367E-2 1.39108635E-2 4.62418981E-3
5.0487504 1.24991848E-3 1.04680881E-2 1.39137227E-2 4.97942138E-3
5.0462503 1.24990533E-3 1.04681989E-2 1.39138708E-2 5.155602E-3
5.0437503 1.25013466E-3 0 9.76517051E-3 5.21539757E-3
5.0412507 1.24987308E-3 2.09369361E-2 1.66419838E-2 5.24638779E-3
5.0387506 1.25009846E-3 5.23329061E-3 1.21562835E-2 5.27831307E-3
5.0362501 1.2500775E-3 0 9.76561662E-3 5.31018246E-3
5.0337505 1.24981138E-3 1.0468985E-2 1.39149167E-2 5.32574393E-3
5.0312505 1.25003059E-3 1.04671493E-2 1.39124757E-2 5.28382789E-3
5.0287504 1.2500044E-3 2.61684228E-2 1.77836195E-2 5.12056984E-3
5.0262504 1.24997634E-3 0 9.76640731E-3 4.74227453E-3
5.0237503 1.25018915E-3 5.23291109E-3 1.21554025E-2 4.08682832E-3
5.0212502 1.24991476E-3 5.23405988E-3 1.21580707E-2 3.24087357E-3
5.0187507 1.24988146E-3 5.23419911E-3 1.21583948E-2 2.40252726E-3
5.0162506 1.25008821E-3 5.23333345E-3 1.21563841E-2 1.7186664E-3
5.0137506 1.25005085E-3 0 9.76582523E-3 1.21196418E-3
5.0112505 1.25001173E-3 0 9.76613071E-3 8.4331102E-4
5.0087504 1.24997098E-3 5.23382425E-3 1.21575231E-2 5.71469485E-4
5.0062504 1.24992838E-3 0 9.7667817E-3 3.67515284E-4
5.0037503 1.25012477E-3 0 9.76524781E-3 2.15856679E-4
5.0012503 1.24983781E-3 0 9.76748951E-3 1.11852227E-4
4.9987507 1.25003024E-3 0 9.76598635E-3 5.17918852E-5
4.9962506 1.24998018E-3 0 9.76637751E-3 2.42053757E-5
4.9937506 1.25016819E-3 5.23299864E-3 1.21556055E-2 1.35821165E-5
4.9912505 1.24987483E-3 0 9.7672008E-3 9.36456036E-6
4.9887505 1.25005888E-3 0 9.76576284E-3 7.22127788E-6
4.9862504 1.25000149E-3 0 9.7662108E-3 5.81019776E-6
4.9837503 1.24994246E-3 0 9.76667181E-3 4.77018148E-6
4.9812503 1.25012023E-3 0 9.7652832E-3 3.98293105E-6
4.9787502 1.24981906E-3 0 9.76763666E-3 3.38469044E-6
