READ SERR 1 2
@FeXVII_pow+windprof.pco
!
15.127501 2.50006933E-3 4.12882911E-3 5.48785832E-3 1.10980892E-3
15.122501 2.50006607E-3 0 3.85225494E-3 1.42545195E-3
15.117501 2.50006095E-3 0 3.85226263E-3 1.79796421E-3
15.112501 2.50005443E-3 6.19328022E-3 6.06217189E-3 2.17627338E-3
15.107501 2.49949773E-3 6.19465951E-3 6.06352184E-3 2.54292577E-3
15.102502 2.50003673E-3 2.06444133E-3 4.79544047E-3 2.89937272E-3
15.097502 2.50002532E-3 0 3.85231758E-3 3.25282686E-3
15.092502 2.50001228E-3 1.03223082E-2 7.01486645E-3 3.60693363E-3
15.087502 2.49999762E-3 6.19342085E-3 6.06230972E-3 3.96495871E-3
15.082501 2.49998132E-3 0 3.85238556E-3 4.32957755E-3
15.077502 2.49996339E-3 1.03225093E-2 7.01500382E-3 4.70294291E-3
15.072501 2.50048959E-3 4.12813481E-3 5.48693584E-3 5.08571276E-3
15.067501 2.49992218E-3 4.12907172E-3 5.48818102E-3 5.48269367E-3
15.062501 2.49989959E-3 1.03227729E-2 7.0151831E-3 5.89128165E-3
15.057502 2.49987515E-3 8.25829897E-3 6.5642111E-3 6.31180545E-3
15.052502 2.4998493E-3 4.12919233E-3 5.48834167E-3 6.74172258E-3
15.047502 2.50036572E-3 2.06416962E-3 4.7948095E-3 7.17599178E-3
15.042501 2.49979203E-3 2.06464343E-3 4.79590986E-3 7.61600258E-3
15.037501 2.49976129E-3 8.25867523E-3 6.56451005E-3 8.05422291E-3
15.032501 2.50027212E-3 1.44497296E-2 7.81086786E-3 8.48797429E-3
15.027501 2.50023743E-3 8.25710315E-3 6.56326069E-3 8.91936477E-3
15.022501 2.49965885E-3 6.19426044E-3 6.06313162E-3 9.34748817E-3
15.017502 2.50016362E-3 1.44503564E-2 7.81120639E-3 9.76400357E-3
15.012501 2.50012404E-3 1.03218462E-2 7.0145526E-3 1.01723503E-2
15.007501 2.50008306E-3 1.23864179E-2 7.42787914E-3 1.05697811E-2
15.002501 2.49949959E-3 1.03244241E-2 7.01630535E-3 1.09597035E-2
14.997502 2.49999668E-3 1.65157951E-2 8.17127246E-3 1.1335277E-2
14.992501 2.50049098E-3 2.06406619E-2 8.83156061E-3 1.17000826E-2
14.987501 2.49990332E-3 1.0322758E-2 7.01517239E-3 1.20587293E-2
14.982501 2.49985442E-3 1.65167358E-2 8.17173719E-3 1.24040255E-2
14.977502 2.4998039E-3 2.06463356E-2 8.83398764E-3 1.27387363E-2
14.972502 2.50029052E-3 8.25692713E-3 6.56312099E-3 1.30584612E-2
14.967502 2.49969796E-3 1.23883272E-2 7.4290242E-3 1.33644622E-2
14.962502 2.50018062E-3 1.23859355E-2 7.4275895E-3 1.36268064E-2
14.957501 2.50012311E-3 1.23862196E-2 7.4277604E-3 1.38094649E-2
14.952501 2.50006421E-3 1.8579768E-2 8.51056352E-3 1.37977358E-2
14.947501 2.50000367E-3 8.25787522E-3 6.56387396E-3 1.34344855E-2
14.942501 2.4999415E-3 1.03225997E-2 7.01506529E-3 1.26450462E-2
14.937501 2.49987771E-3 1.44520085E-2 7.81209953E-3 1.1511052E-2
14.932502 2.49981252E-3 2.06462643E-3 4.79587074E-3 1.01776337E-2
14.927502 2.5002812E-3 6.19271863E-3 6.06162194E-3 8.74185283E-3
14.922502 2.49967701E-3 6.19421527E-3 6.06308738E-3 7.2558797E-3
14.917501 2.50014197E-3 1.85791906E-2 8.51029903E-3 5.74624119E-3
14.912501 2.50006979E-3 2.06441409E-3 4.79537714E-3 4.26606229E-3
14.907501 2.49999622E-3 2.06447486E-3 4.7955187E-3 2.927772E-3
14.902501 2.49992101E-3 2.06453702E-3 4.79566306E-3 1.90326315E-3
14.897502 2.49984418E-3 2.06460035E-3 4.79581021E-3 1.28981459E-3
14.892502 2.5002989E-3 2.06422503E-3 4.79493802E-3 1.01180759E-3
14.887501 2.50021834E-3 2.06429139E-3 4.79509262E-3 9.09502211E-4
14.882502 2.49960413E-3 0 3.85296694E-3 8.70292017E-4
14.877501 2.50005303E-3 2.06442783E-3 4.79540927E-3 8.5108442E-4
14.872501 2.49996781E-3 0 3.85240605E-3 8.39946442E-4
14.867502 2.4998812E-3 0 3.8525397E-3 8.32439691E-4
NO NO NO NO NO
15.127501 2.50006933E-3 2.06441456E-3 4.79537807E-3 2.55592109E-4
15.122501 2.50006607E-3 2.06441712E-3 4.79538459E-3 3.18163133E-4
15.117501 2.50006095E-3 0 3.85226263E-3 3.98830976E-4
15.112501 2.50005443E-3 0 3.85227287E-3 4.82454081E-4
15.107501 2.49949773E-3 0 3.85313062E-3 5.61904861E-4
15.102502 2.50003673E-3 2.06444133E-3 4.79544047E-3 6.37026213E-4
15.097502 2.50002532E-3 2.06445064E-3 4.79546236E-3 7.10071647E-4
15.092502 2.50001228E-3 0 3.85233783E-3 7.84043514E-4
15.087502 2.49999762E-3 0 3.85236042E-3 8.62276822E-4
15.082501 2.49998132E-3 0 3.85238556E-3 9.46401095E-4
15.077502 2.49996339E-3 0 3.85241327E-3 1.03652175E-3
15.072501 2.50048959E-3 0 3.85160232E-3 1.13144924E-3
15.067501 2.49992218E-3 2.06453586E-3 4.79566026E-3 1.22962939E-3
15.062501 2.49989959E-3 0 3.85251152E-3 1.32901222E-3
15.057502 2.49987515E-3 0 3.85254901E-3 1.43225258E-3
15.052502 2.4998493E-3 0 3.85258906E-3 1.54257019E-3
15.047502 2.50036572E-3 2.06416962E-3 4.7948095E-3 1.66043511E-3
15.042501 2.49979203E-3 0 3.85267707E-3 1.78747368E-3
15.037501 2.49976129E-3 0 3.85272456E-3 1.92445971E-3
15.032501 2.50027212E-3 2.06424715E-3 4.79498925E-3 2.07121507E-3
15.027501 2.50023743E-3 2.06427579E-3 4.79505584E-3 2.22451589E-3
15.022501 2.49965885E-3 0 3.85288242E-3 2.37903185E-3
15.017502 2.50016362E-3 0 3.85210454E-3 2.53149518E-3
15.012501 2.50012404E-3 0 3.8521653E-3 2.68737483E-3
15.007501 2.50008306E-3 0 3.85222863E-3 2.85107945E-3
15.002501 2.49949959E-3 2.06488487E-3 4.79647098E-3 3.02208913E-3
14.997502 2.49999668E-3 2.06447439E-3 4.79551731E-3 3.19257751E-3
14.992501 2.50049098E-3 1.0320331E-2 7.01352349E-3 3.35974665E-3
14.987501 2.49990332E-3 2.06455146E-3 4.79569659E-3 3.52229644E-3
14.982501 2.49985442E-3 8.25836789E-3 6.56426605E-3 3.67315393E-3
14.977502 2.4998039E-3 2.06463365E-3 4.79588751E-3 3.81039805E-3
14.972502 2.50029052E-3 0 3.85190919E-3 3.93903768E-3
14.967502 2.49969796E-3 0 3.85282235E-3 4.07282123E-3
14.962502 2.50018062E-3 4.12864517E-3 5.48761385E-3 4.21574339E-3
14.957501 2.50012311E-3 4.1287397E-3 5.48774004E-3 4.36510378E-3
14.952501 2.50006421E-3 4.12883749E-3 5.48786949E-3 4.48965421E-3
14.947501 2.50000367E-3 0 3.8523511E-3 4.53159772E-3
14.942501 2.4999415E-3 6.19356008E-3 6.06244616E-3 4.43759887E-3
14.937501 2.49987771E-3 2.06457265E-3 4.79574548E-3 4.19899542E-3
14.932502 2.49981252E-3 6.19387953E-3 6.06275862E-3 3.8461301E-3
14.927502 2.5002812E-3 6.19271863E-3 6.06162194E-3 3.41106183E-3
14.922502 2.49967701E-3 2.06473842E-3 4.79613058E-3 2.91881082E-3
14.917501 2.50014197E-3 2.06435448E-3 4.79523884E-3 2.38709198E-3
14.912501 2.50006979E-3 4.12882818E-3 5.48785739E-3 1.83952891E-3
14.907501 2.49999622E-3 0 3.85236274E-3 1.31347298E-3
14.902501 2.49992101E-3 2.06453702E-3 4.79566306E-3 8.73060315E-4
14.897502 2.49984418E-3 0 3.85259674E-3 5.74589358E-4
14.892502 2.5002989E-3 0 3.85189615E-3 4.15954011E-4
14.887501 2.50021834E-3 0 3.85202025E-3 3.44866625E-4
14.882502 2.49960413E-3 0 3.85296694E-3 3.11737094E-4
14.877501 2.50005303E-3 0 3.85227497E-3 2.93377874E-4
14.872501 2.49996781E-3 0 3.85240605E-3 2.80910346E-4
14.867502 2.4998812E-3 0 3.8525397E-3 2.70442921E-4
NO NO NO NO NO
15.128752 1.24996621E-3 0 7.70492153E-3 7.80454138E-5
15.126251 1.25010312E-3 0 7.70407775E-3 8.99089209E-5
15.123752 1.24968996E-3 0 7.70662492E-3 1.06941297E-4
15.121251 1.25037599E-3 0 7.70239625E-3 1.26648258E-4
15.118752 1.2499626E-3 4.12906706E-3 9.59130935E-3 1.46541235E-4
15.116251 1.25009846E-3 0 7.70410663E-3 1.64980462E-4
15.113751 1.24968507E-3 0 7.70665519E-3 1.81783122E-4
15.111251 1.25036947E-3 0 7.70243723E-3 1.96935493E-4
15.108751 1.24995573E-3 0 7.70498673E-3 2.11388615E-4
15.106252 1.24954211E-3 0 7.70753669E-3 2.25711177E-4
15.103752 1.25022535E-3 0 7.70332478E-3 2.40253139E-4
15.101252 1.2498115E-3 0 7.70587567E-3 2.55646737E-4
15.098752 1.24994572E-3 0 7.70504819E-3 2.71570752E-4
15.096251 1.2500796E-3 0 7.70422257E-3 2.88182549E-4
15.093752 1.25021324E-3 0 7.70339975E-3 3.05753696E-4
15.091251 1.24979904E-3 0 7.70595204E-3 3.24839377E-4
15.088752 1.24993233E-3 4.12916671E-3 9.59154125E-3 3.45511333E-4
15.086252 1.25006528E-3 0 7.70431105E-3 3.680597E-4
15.083752 1.25019788E-3 0 7.70349428E-3 3.92462971E-4
15.081251 1.24978344E-3 0 7.70604843E-3 4.1863817E-4
15.078752 1.24991569E-3 0 7.70523306E-3 4.45605605E-4
15.076252 1.25004759E-3 0 7.70442002E-3 4.72823129E-4
15.073751 1.25017925E-3 0 7.70360883E-3 4.99908987E-4
15.071251 1.25031045E-3 4.12791828E-3 9.58864111E-3 5.26937016E-4
15.068751 1.24989566E-3 0 7.70535646E-3 5.54342405E-4
15.066251 1.25002663E-3 0 7.70454947E-3 5.81720727E-4
15.063751 1.24961184E-3 0 7.70710642E-3 6.09607843E-4
15.061252 1.25028763E-3 0 7.70294061E-3 6.37184421E-4
15.058751 1.24987261E-3 0 7.70549849E-3 6.65463798E-4
15.056252 1.25000253E-3 4.12893482E-3 9.59100295E-3 6.93485083E-4
15.053751 1.25013222E-3 0 7.70389847E-3 7.21343618E-4
15.051251 1.24971708E-3 4.12987825E-3 9.59319435E-3 7.49205996E-4
15.048752 1.25039066E-3 0 7.70230638E-3 7.75983674E-4
15.046251 1.24997518E-3 0 7.70486658E-3 8.02991621E-4
15.043752 1.24955992E-3 0 7.70742726E-3 8.29589961E-4
15.041252 1.25023222E-3 0 7.70328194E-3 8.55065882E-4
15.038752 1.24981673E-3 0 7.70584354E-3 8.81019048E-4
15.036252 1.24994467E-3 0 7.70505425E-3 9.06489324E-4
15.033751 1.25007238E-3 0 7.70426728E-3 9.31893708E-4
15.031252 1.25019962E-3 4.12828382E-3 9.58949048E-3 9.57062526E-4
15.028751 1.24978379E-3 0 7.7060461E-3 9.82138212E-4
15.026252 1.25045353E-3 4.1274461E-3 9.58754402E-3 1.00567262E-3
15.023751 1.24949485E-3 0 7.70782772E-3 1.02992042E-3
15.021252 1.25016388E-3 4.1284021E-3 9.58976522E-3 1.05245737E-3
15.018751 1.25028996E-3 4.1279858E-3 9.58879851E-3 1.07522984E-3
15.016252 1.24987366E-3 8.25872179E-3 1.09771304E-2 1.09834643E-3
15.013751 1.24999939E-3 0 7.70471711E-3 1.12090807E-3
15.011251 1.25012477E-3 4.12853109E-3 9.59006511E-3 1.14345155E-3
15.008751 1.24970847E-3 4.12990665E-3 9.59326047E-3 1.16651726E-3
15.006251 1.25037471E-3 0 7.70240463E-3 1.18855992E-3
15.003751 1.24995806E-3 0 7.70497182E-3 1.21157872E-3
15.001251 1.24954164E-3 4.13045799E-3 9.59454104E-3 1.234486E-3
14.998752 1.25020673E-3 0 7.70343933E-3 1.25613273E-3
14.996252 1.24978996E-3 0 7.70600792E-3 1.27866748E-3
14.993752 1.25045411E-3 0 7.70191569E-3 1.30006298E-3
14.991251 1.25003699E-3 4.12882119E-3 9.59073845E-3 1.32277212E-3
14.988751 1.24962023E-3 0 7.70705519E-3 1.3456773E-3
14.986252 1.25028309E-3 0 7.70296901E-3 1.36734243E-3
14.983751 1.24986598E-3 0 7.70553993E-3 1.38981885E-3
14.981252 1.24998845E-3 4.12898185E-3 9.59111098E-3 1.41126616E-3
14.978751 1.25011057E-3 4.12857812E-3 9.59017407E-3 1.43242755E-3
14.976252 1.24969333E-3 0 7.70660397E-3 1.45407114E-3
14.973751 1.25035399E-3 0 7.70253176E-3 1.47432683E-3
14.971251 1.24993653E-3 0 7.705105E-3 1.49550661E-3
14.968751 1.25005771E-3 0 7.70435808E-3 1.5154857E-3
14.966251 1.24964025E-3 4.13013203E-3 9.59378388E-3 1.5355607E-3
14.963752 1.25029916E-3 0 7.70286936E-3 1.55395467E-3
14.961251 1.24988146E-3 0 7.70544447E-3 1.57357426E-3
14.958752 1.2500016E-3 0 7.70470314E-3 1.5924602E-3
14.956251 1.25012151E-3 0 7.70396413E-3 1.61086954E-3
14.953752 1.2497037E-3 0 7.70654017E-3 1.62783486E-3
14.951251 1.25036051E-3 0 7.70249218E-3 1.63707393E-3
14.948751 1.24994235E-3 0 7.70506868E-3 1.6344185E-3
14.946251 1.25006121E-3 0 7.70433573E-3 1.61114277E-3
14.943751 1.24964316E-3 0 7.70691363E-3 1.56702113E-3
14.941252 1.25029834E-3 0 7.70287495E-3 1.50461693E-3
14.938751 1.24987995E-3 0 7.70545378E-3 1.43367157E-3
14.936252 1.24999788E-3 0 7.70472642E-3 1.35725248E-3
14.933751 1.25011557E-3 0 7.70400139E-3 1.27815455E-3
14.931252 1.24969706E-3 0 7.70658115E-3 1.19762367E-3
14.928751 1.25035003E-3 0 7.7025569E-3 1.11425528E-3
14.926251 1.24993117E-3 0 7.7051376E-3 1.03007071E-3
14.923751 1.25004794E-3 0 7.70441815E-3 9.43607651E-4
14.921251 1.24962919E-3 0 7.70699978E-3 8.55709543E-4
14.918752 1.25028042E-3 0 7.70298485E-3 7.65303324E-4
14.916251 1.24986144E-3 0 7.7055674E-3 6.73861941E-4
14.913752 1.24997715E-3 0 7.70485401E-3 5.80610358E-4
14.911252 1.25009264E-3 0 7.70414248E-3 4.86300327E-4
14.908751 1.25020766E-3 0 7.70343328E-3 3.92182061E-4
14.906251 1.24978845E-3 0 7.7060177E-3 3.01828753E-4
14.903751 1.24990323E-3 0 7.70530989E-3 2.21853683E-4
14.901252 1.25001767E-3 0 7.70460442E-3 1.60498676E-4
14.898751 1.25013187E-3 0 7.7039008E-3 1.21658435E-4
14.896252 1.24971231E-3 0 7.70648662E-3 1.02196034E-4
14.893751 1.25035935E-3 0 7.70249916E-3 9.44249186E-5
14.891252 1.24993955E-3 0 7.70508591E-3 9.20297025E-5
14.888751 1.25005271E-3 0 7.70438835E-3 9.14991106E-5
14.886251 1.25016563E-3 0 7.70369312E-3 9.14376578E-5
14.883751 1.24974572E-3 0 7.7062808E-3 9.15210621E-5
14.881251 1.24985829E-3 0 7.70558696E-3 9.16003337E-5
14.878752 1.24997052E-3 0 7.70489499E-3 9.16918434E-5
14.876251 1.25008251E-3 0 7.70420488E-3 9.17793659E-5
14.873752 1.25019404E-3 0 7.70351756E-3 9.18561345E-5
14.871251 1.24977389E-3 0 7.70610757E-3 9.19675149E-5
14.868752 1.24988519E-3 0 7.70542119E-3 9.20493112E-5
NO NO NO NO NO
15.128752 1.24996621E-3 0 7.70492153E-3 0
15.126251 1.25010312E-3 0 7.70407775E-3 0
15.123752 1.24968996E-3 0 7.70662492E-3 0
15.121251 1.25037599E-3 0 7.70239625E-3 0
15.118752 1.2499626E-3 0 7.70494388E-3 0
15.116251 1.25009846E-3 0 7.70410663E-3 0
15.113751 1.24968507E-3 0 7.70665519E-3 0
15.111251 1.25036947E-3 0 7.70243723E-3 0
15.108751 1.24995573E-3 0 7.70498673E-3 0
15.106252 1.24954211E-3 0 7.70753669E-3 0
15.103752 1.25022535E-3 0 7.70332478E-3 0
15.101252 1.2498115E-3 0 7.70587567E-3 0
15.098752 1.24994572E-3 0 7.70504819E-3 0
15.096251 1.2500796E-3 0 7.70422257E-3 0
15.093752 1.25021324E-3 0 7.70339975E-3 0
15.091251 1.24979904E-3 0 7.70595204E-3 0
15.088752 1.24993233E-3 0 7.70513061E-3 0
15.086252 1.25006528E-3 0 7.70431105E-3 0
15.083752 1.25019788E-3 0 7.70349428E-3 0
15.081251 1.24978344E-3 0 7.70604843E-3 0
15.078752 1.24991569E-3 0 7.70523306E-3 0
15.076252 1.25004759E-3 0 7.70442002E-3 0
15.073751 1.25017925E-3 0 7.70360883E-3 0
15.071251 1.25031045E-3 0 7.70279998E-3 0
15.068751 1.24989566E-3 0 7.70535646E-3 0
15.066251 1.25002663E-3 0 7.70454947E-3 0
15.063751 1.24961184E-3 0 7.70710642E-3 0
15.061252 1.25028763E-3 0 7.70294061E-3 0
15.058751 1.24987261E-3 0 7.70549849E-3 0
15.056252 1.25000253E-3 0 7.70469755E-3 0
15.053751 1.25013222E-3 0 7.70389847E-3 0
15.051251 1.24971708E-3 0 7.70645775E-3 0
15.048752 1.25039066E-3 0 7.70230638E-3 0
15.046251 1.24997518E-3 0 7.70486658E-3 0
15.043752 1.24955992E-3 0 7.70742726E-3 0
15.041252 1.25023222E-3 0 7.70328194E-3 0
15.038752 1.24981673E-3 0 7.70584354E-3 0
15.036252 1.24994467E-3 0 7.70505425E-3 0
15.033751 1.25007238E-3 0 7.70426728E-3 0
15.031252 1.25019962E-3 0 7.70348264E-3 0
15.028751 1.24978379E-3 0 7.7060461E-3 0
15.026252 1.25045353E-3 0 7.70191895E-3 0
15.023751 1.24949485E-3 0 7.70782772E-3 0
15.021252 1.25016388E-3 0 7.70370336E-3 0
15.018751 1.25028996E-3 0 7.70292664E-3 0
15.016252 1.24987366E-3 0 7.70549197E-3 0
15.013751 1.24999939E-3 0 7.70471711E-3 0
15.011251 1.25012477E-3 0 7.70394458E-3 0
15.008751 1.24970847E-3 0 7.70651083E-3 0
15.006251 1.25037471E-3 0 7.70240463E-3 0
15.003751 1.24995806E-3 0 7.70497182E-3 0
15.001251 1.24954164E-3 0 7.70753948E-3 0
14.998752 1.25020673E-3 0 7.70343933E-3 0
14.996252 1.24978996E-3 0 7.70600792E-3 0
14.993752 1.25045411E-3 0 7.70191569E-3 0
14.991251 1.25003699E-3 0 7.70448521E-3 0
14.988751 1.24962023E-3 0 7.70705519E-3 0
14.986252 1.25028309E-3 0 7.70296901E-3 0
14.983751 1.24986598E-3 0 7.70553993E-3 0
14.981252 1.24998845E-3 0 7.70478463E-3 0
14.978751 1.25011057E-3 0 7.70403212E-3 0
14.976252 1.24969333E-3 0 7.70660397E-3 0
14.973751 1.25035399E-3 0 7.70253176E-3 0
14.971251 1.24993653E-3 0 7.705105E-3 0
14.968751 1.25005771E-3 0 7.70435808E-3 0
14.966251 1.24964025E-3 0 7.70693179E-3 0
14.963752 1.25029916E-3 0 7.70286936E-3 0
14.961251 1.24988146E-3 0 7.70544447E-3 0
14.958752 1.2500016E-3 0 7.70470314E-3 0
14.956251 1.25012151E-3 0 7.70396413E-3 0
14.953752 1.2497037E-3 0 7.70654017E-3 0
14.951251 1.25036051E-3 0 7.70249218E-3 0
14.948751 1.24994235E-3 0 7.70506868E-3 0
14.946251 1.25006121E-3 0 7.70433573E-3 0
14.943751 1.24964316E-3 0 7.70691363E-3 0
14.941252 1.25029834E-3 0 7.70287495E-3 0
14.938751 1.24987995E-3 0 7.70545378E-3 0
14.936252 1.24999788E-3 0 7.70472642E-3 0
14.933751 1.25011557E-3 0 7.70400139E-3 0
14.931252 1.24969706E-3 0 7.70658115E-3 0
14.928751 1.25035003E-3 0 7.7025569E-3 0
14.926251 1.24993117E-3 0 7.7051376E-3 0
14.923751 1.25004794E-3 0 7.70441815E-3 0
14.921251 1.24962919E-3 0 7.70699978E-3 0
14.918752 1.25028042E-3 0 7.70298485E-3 0
14.916251 1.24986144E-3 0 7.7055674E-3 0
14.913752 1.24997715E-3 0 7.70485401E-3 0
14.911252 1.25009264E-3 0 7.70414248E-3 0
14.908751 1.25020766E-3 0 7.70343328E-3 0
14.906251 1.24978845E-3 0 7.7060177E-3 0
14.903751 1.24990323E-3 0 7.70530989E-3 0
14.901252 1.25001767E-3 0 7.70460442E-3 0
14.898751 1.25013187E-3 0 7.7039008E-3 0
14.896252 1.24971231E-3 0 7.70648662E-3 0
14.893751 1.25035935E-3 0 7.70249916E-3 0
14.891252 1.24993955E-3 0 7.70508591E-3 0
14.888751 1.25005271E-3 0 7.70438835E-3 0
14.886251 1.25016563E-3 0 7.70369312E-3 0
14.883751 1.24974572E-3 0 7.7062808E-3 0
14.881251 1.24985829E-3 0 7.70558696E-3 0
14.878752 1.24997052E-3 0 7.70489499E-3 0
14.876251 1.25008251E-3 0 7.70420488E-3 0
14.873752 1.25019404E-3 0 7.70351756E-3 0
14.871251 1.24977389E-3 0 7.70610757E-3 0
14.868752 1.24988519E-3 0 7.70542119E-3 0
