READ SERR 1 2
@FeXVII_windprof.pco
!
15.127501 2.50006933E-3 4.12882911E-3 5.48785832E-3 4.1472353E-4
15.122501 2.50006607E-3 0 3.85225494E-3 7.28118408E-4
15.117501 2.50006095E-3 0 3.85226263E-3 1.09833584E-3
15.112501 2.50005443E-3 6.19328022E-3 6.06217189E-3 1.47440017E-3
15.107501 2.49949773E-3 6.19465951E-3 6.06352184E-3 1.83867989E-3
15.102502 2.50003673E-3 2.06444133E-3 4.79544047E-3 2.19301321E-3
15.097502 2.50002532E-3 0 3.85231758E-3 2.54413206E-3
15.092502 2.50001228E-3 1.03223082E-2 7.01486645E-3 2.89587607E-3
15.087502 2.49999762E-3 6.19342085E-3 6.06230972E-3 3.25154024E-3
15.082501 2.49998132E-3 0 3.85238556E-3 3.61380912E-3
15.077502 2.49996339E-3 1.03225093E-2 7.01500382E-3 3.98486014E-3
15.072501 2.50048959E-3 4.12813481E-3 5.48693584E-3 4.36555222E-3
15.067501 2.49992218E-3 4.12907172E-3 5.48818102E-3 4.76026209E-3
15.062501 2.49989959E-3 1.03227729E-2 7.0151831E-3 5.1669185E-3
15.057502 2.49987515E-3 8.25829897E-3 6.5642111E-3 5.58580644E-3
15.052502 2.4998493E-3 4.12919233E-3 5.48834167E-3 6.01452868E-3
15.047502 2.50036572E-3 2.06416962E-3 4.7948095E-3 6.4482973E-3
15.042501 2.49979203E-3 2.06464343E-3 4.79590986E-3 6.88801007E-3
15.037501 2.49976129E-3 8.25867523E-3 6.56451005E-3 7.32653216E-3
15.032501 2.50027212E-3 1.44497296E-2 7.81086786E-3 7.76109612E-3
15.027501 2.50023743E-3 8.25710315E-3 6.56326069E-3 8.19337834E-3
15.022501 2.49965885E-3 6.19426044E-3 6.06313162E-3 8.62237904E-3
15.017502 2.50016362E-3 1.44503564E-2 7.81120639E-3 9.0402551E-3
15.012501 2.50012404E-3 1.03218462E-2 7.0145526E-3 9.45006125E-3
15.007501 2.50008306E-3 1.23864179E-2 7.42787914E-3 9.84916929E-3
15.002501 2.49949959E-3 1.03244241E-2 7.01630535E-3 1.02406926E-2
14.997502 2.49999668E-3 1.65157951E-2 8.17127246E-3 1.06181819E-2
14.992501 2.50049098E-3 2.06406619E-2 8.83156061E-3 1.09849283E-2
14.987501 2.49990332E-3 1.0322758E-2 7.01517239E-3 1.13452254E-2
14.982501 2.49985442E-3 1.65167358E-2 8.17173719E-3 1.16922595E-2
14.977502 2.4998039E-3 2.06463356E-2 8.83398764E-3 1.2028507E-2
14.972502 2.50029052E-3 8.25692713E-3 6.56312099E-3 1.23495013E-2
14.967502 2.49969796E-3 1.23883272E-2 7.4290242E-3 1.2655681E-2
14.962502 2.50018062E-3 1.23859355E-2 7.4275895E-3 1.29170064E-2
14.957501 2.50012311E-3 1.23862196E-2 7.4277604E-3 1.30945407E-2
14.952501 2.50006421E-3 1.8579768E-2 8.51056352E-3 1.3070073E-2
14.947501 2.50000367E-3 8.25787522E-3 6.56387396E-3 1.2687291E-2
14.942501 2.4999415E-3 1.03225997E-2 7.01506529E-3 1.1879025E-2
14.937501 2.49987771E-3 1.44520085E-2 7.81209953E-3 1.07335933E-2
14.932502 2.49981252E-3 2.06462643E-3 4.79587074E-3 9.39592253E-3
14.927502 2.5002812E-3 6.19271863E-3 6.06162194E-3 7.95966107E-3
14.922502 2.49967701E-3 6.19421527E-3 6.06308738E-3 6.47428026E-3
14.917501 2.50014197E-3 1.85791906E-2 8.51029903E-3 4.96630138E-3
14.912501 2.50006979E-3 2.06441409E-3 4.79537714E-3 3.48798442E-3
14.907501 2.49999622E-3 2.06447486E-3 4.7955187E-3 2.15146667E-3
14.902501 2.49992101E-3 2.06453702E-3 4.79566306E-3 1.12800393E-3
14.897502 2.49984418E-3 2.06460035E-3 4.79581021E-3 5.14437503E-4
14.892502 2.5002989E-3 2.06422503E-3 4.79493802E-3 2.35446409E-4
14.887501 2.50021834E-3 2.06429139E-3 4.79509262E-3 1.3143578E-4
14.882502 2.49960413E-3 0 3.85296694E-3 9.01843669E-5
14.877501 2.50005303E-3 2.06442783E-3 4.79540927E-3 6.92682588E-5
14.872501 2.49996781E-3 0 3.85240605E-3 5.6279514E-5
14.867502 2.4998812E-3 0 3.8525397E-3 4.68938633E-5
NO NO NO NO NO
15.127501 2.50006933E-3 2.06441456E-3 4.79537807E-3 7.18020528E-5
15.122501 2.50006607E-3 2.06441712E-3 4.79538459E-3 1.37980212E-4
15.117501 2.50006095E-3 0 3.85226263E-3 2.2207915E-4
15.112501 2.50005443E-3 0 3.85227287E-3 3.09036492E-4
15.107501 2.49949773E-3 0 3.85313062E-3 3.91555717E-4
15.102502 2.50003673E-3 2.06444133E-3 4.79544047E-3 4.69439197E-4
15.097502 2.50002532E-3 2.06445064E-3 4.79546236E-3 5.44724171E-4
15.092502 2.50001228E-3 0 3.85233783E-3 6.2018563E-4
15.087502 2.49999762E-3 0 3.85236042E-3 6.98860909E-4
15.082501 2.49998132E-3 0 3.85238556E-3 7.82416028E-4
15.077502 2.49996339E-3 0 3.85241327E-3 8.712532E-4
15.072501 2.50048959E-3 0 3.85160232E-3 9.64578066E-4
15.067501 2.49992218E-3 2.06453586E-3 4.79566026E-3 1.0611749E-3
15.062501 2.49989959E-3 0 3.85251152E-3 1.15936925E-3
15.057502 2.49987515E-3 0 3.85254901E-3 1.26151612E-3
15.052502 2.4998493E-3 0 3.85258906E-3 1.37044117E-3
15.047502 2.50036572E-3 2.06416962E-3 4.7948095E-3 1.48656592E-3
15.042501 2.49979203E-3 0 3.85267707E-3 1.61137956E-3
15.037501 2.49976129E-3 0 3.85272456E-3 1.74560584E-3
15.032501 2.50027212E-3 2.06424715E-3 4.79498925E-3 1.88907806E-3
15.027501 2.50023743E-3 2.06427579E-3 4.79505584E-3 2.03884766E-3
15.022501 2.49965885E-3 0 3.85288242E-3 2.19001179E-3
15.017502 2.50016362E-3 0 3.85210454E-3 2.33952422E-3
15.012501 2.50012404E-3 0 3.8521653E-3 2.49240664E-3
15.007501 2.50008306E-3 0 3.85222863E-3 2.65272707E-3
15.002501 2.49949959E-3 2.06488487E-3 4.79647098E-3 2.81998678E-3
14.997502 2.49999668E-3 2.06447439E-3 4.79551731E-3 2.98687955E-3
14.992501 2.50049098E-3 1.0320331E-2 7.01352349E-3 3.15076159E-3
14.987501 2.49990332E-3 2.06455146E-3 4.79569659E-3 3.31036141E-3
14.982501 2.49985442E-3 8.25836789E-3 6.56426605E-3 3.45896417E-3
14.977502 2.4998039E-3 2.06463365E-3 4.79588751E-3 3.59469024E-3
14.972502 2.50029052E-3 0 3.85190919E-3 3.72218923E-3
14.967502 2.49969796E-3 0 3.85282235E-3 3.85433412E-3
14.962502 2.50018062E-3 4.12864517E-3 5.48761385E-3 3.99461994E-3
14.957501 2.50012311E-3 4.1287397E-3 5.48774004E-3 4.13938519E-3
14.952501 2.50006421E-3 4.12883749E-3 5.48786949E-3 4.25620656E-3
14.947501 2.50000367E-3 0 3.8523511E-3 4.28687502E-3
14.942501 2.4999415E-3 6.19356008E-3 6.06244616E-3 4.18006675E-3
14.937501 2.49987771E-3 2.06457265E-3 4.79574548E-3 3.930395E-3
14.932502 2.49981252E-3 6.19387953E-3 6.06275862E-3 3.56980017E-3
14.927502 2.5002812E-3 6.19271863E-3 6.06162194E-3 3.13000055E-3
14.922502 2.49967701E-3 2.06473842E-3 4.79613058E-3 2.63508642E-3
14.917501 2.50014197E-3 2.06435448E-3 4.79523884E-3 2.10254081E-3
14.912501 2.50006979E-3 4.12882818E-3 5.48785739E-3 1.55547017E-3
14.907501 2.49999622E-3 0 3.85236274E-3 1.03104743E-3
14.902501 2.49992101E-3 2.06453702E-3 4.79566306E-3 5.93039615E-4
14.897502 2.49984418E-3 0 3.85259674E-3 2.97333609E-4
14.892502 2.5002989E-3 0 3.85189615E-3 1.41691344E-4
14.887501 2.50021834E-3 0 3.85202025E-3 7.38303279E-5
14.882502 2.49960413E-3 0 3.85296694E-3 4.43725548E-5
14.877501 2.50005303E-3 0 3.85227497E-3 3.04316964E-5
14.872501 2.49996781E-3 0 3.85240605E-3 2.30516271E-5
14.867502 2.4998812E-3 0 3.8525397E-3 1.84199598E-5
NO NO NO NO NO
15.128752 1.24996621E-3 0 7.70492153E-3 1.03265365E-5
15.126251 1.25010312E-3 0 7.70407775E-3 2.23306761E-5
15.123752 1.24968996E-3 0 7.70662492E-3 3.95309071E-5
15.121251 1.25037599E-3 0 7.70239625E-3 5.95544734E-5
15.118752 1.2499626E-3 4.12906706E-3 9.59130935E-3 7.98209221E-5
15.116251 1.25009846E-3 0 7.70410663E-3 9.8794575E-5
15.113751 1.24968507E-3 0 7.70665519E-3 1.16234602E-4
15.111251 1.25036947E-3 0 7.70243723E-3 1.32173955E-4
15.108751 1.24995573E-3 0 7.70498673E-3 1.47339888E-4
15.106252 1.24954211E-3 0 7.70753669E-3 1.62215438E-4
15.103752 1.25022535E-3 0 7.70332478E-3 1.77111782E-4
15.101252 1.2498115E-3 0 7.70587567E-3 1.92550433E-4
15.098752 1.24994572E-3 0 7.70504819E-3 2.08351223E-4
15.096251 1.2500796E-3 0 7.70422257E-3 2.24681688E-4
15.093752 1.25021324E-3 0 7.70339975E-3 2.41797345E-4
15.091251 1.24979904E-3 0 7.70595204E-3 2.60177243E-4
15.088752 1.24993233E-3 4.12916671E-3 9.59154125E-3 2.79916479E-4
15.086252 1.25006528E-3 0 7.70431105E-3 3.01283493E-4
15.083752 1.25019788E-3 0 7.70349428E-3 3.24295223E-4
15.081251 1.24978344E-3 0 7.70604843E-3 3.48909001E-4
15.078752 1.24991569E-3 0 7.70523306E-3 3.74323456E-4
15.076252 1.25004759E-3 0 7.70442002E-3 4.00088116E-4
15.073751 1.25017925E-3 0 7.70360883E-3 4.25881037E-4
15.071251 1.25031045E-3 4.12791828E-3 9.58864111E-3 4.51758882E-4
15.068751 1.24989566E-3 0 7.70535646E-3 4.78086789E-4
15.066251 1.25002663E-3 0 7.70454947E-3 5.04511176E-4
15.063751 1.24961184E-3 0 7.70710642E-3 5.31490834E-4
15.061252 1.25028763E-3 0 7.70294061E-3 5.58306521E-4
15.058751 1.24987261E-3 0 7.70549849E-3 5.85838046E-4
15.056252 1.25000253E-3 4.12893482E-3 9.59100295E-3 6.13234763E-4
15.053751 1.25013222E-3 0 7.70389847E-3 6.40568207E-4
15.051251 1.24971708E-3 4.12987825E-3 9.59319435E-3 6.67975342E-4
15.048752 1.25039066E-3 0 7.70230638E-3 6.94472925E-4
15.046251 1.24997518E-3 0 7.70486658E-3 7.21222314E-4
15.043752 1.24955992E-3 0 7.70742726E-3 7.47640326E-4
15.041252 1.25023222E-3 0 7.70328194E-3 7.7307201E-4
15.038752 1.24981673E-3 0 7.70584354E-3 7.98952591E-4
15.036252 1.24994467E-3 0 7.70505425E-3 8.24407325E-4
15.033751 1.25007238E-3 0 7.70426728E-3 8.49807169E-4
15.031252 1.25019962E-3 4.12828382E-3 9.58949048E-3 8.74991878E-4
15.028751 1.24978379E-3 0 7.7060461E-3 9.00087703E-4
15.026252 1.25045353E-3 4.1274461E-3 9.58754402E-3 9.23762971E-4
15.023751 1.24949485E-3 0 7.70782772E-3 9.48083878E-4
15.021252 1.25016388E-3 4.1284021E-3 9.58976522E-3 9.70817404E-4
15.018751 1.25028996E-3 4.1279858E-3 9.58879851E-3 9.93752154E-4
15.016252 1.24987366E-3 8.25872179E-3 1.09771304E-2 1.01698923E-3
15.013751 1.24999939E-3 0 7.70471711E-3 1.03969651E-3
15.011251 1.25012477E-3 4.12853109E-3 9.59006511E-3 1.06237025E-3
15.008751 1.24970847E-3 4.12990665E-3 9.59326047E-3 1.08551339E-3
15.006251 1.25037471E-3 0 7.70240463E-3 1.10768841E-3
15.003751 1.24995806E-3 0 7.70497182E-3 1.13075715E-3
15.001251 1.24954164E-3 4.13045799E-3 9.59454104E-3 1.1537075E-3
14.998752 1.25020673E-3 0 7.70343933E-3 1.17546448E-3
14.996252 1.24978996E-3 0 7.70600792E-3 1.19803764E-3
14.993752 1.25045411E-3 0 7.70191569E-3 1.21952931E-3
14.991251 1.25003699E-3 4.12882119E-3 9.59073845E-3 1.24223973E-3
14.988751 1.24962023E-3 0 7.70705519E-3 1.26512209E-3
14.986252 1.25028309E-3 0 7.70296901E-3 1.2868254E-3
14.983751 1.24986598E-3 0 7.70553993E-3 1.30927924E-3
14.981252 1.24998845E-3 4.12898185E-3 9.59111098E-3 1.33075204E-3
14.978751 1.25011057E-3 4.12857812E-3 9.59017407E-3 1.35194301E-3
14.976252 1.24969333E-3 0 7.70660397E-3 1.37357763E-3
14.973751 1.25035399E-3 0 7.70253176E-3 1.39388861E-3
14.971251 1.24993653E-3 0 7.705105E-3 1.41506095E-3
14.968751 1.25005771E-3 0 7.70435808E-3 1.4350852E-3
14.966251 1.24964025E-3 4.13013203E-3 9.59378388E-3 1.45518838E-3
14.963752 1.25029916E-3 0 7.70286936E-3 1.47368596E-3
14.961251 1.24988146E-3 0 7.70544447E-3 1.49333139E-3
14.958752 1.2500016E-3 0 7.70470314E-3 1.51225156E-3
14.956251 1.25012151E-3 0 7.70396413E-3 1.53061235E-3
14.953752 1.2497037E-3 0 7.70654017E-3 1.54723483E-3
14.951251 1.25036051E-3 0 7.70249218E-3 1.5555931E-3
14.948751 1.24994235E-3 0 7.70506868E-3 1.5511855E-3
14.946251 1.25006121E-3 0 7.70433573E-3 1.52572908E-3
14.943751 1.24964316E-3 0 7.70691363E-3 1.47962023E-3
14.941252 1.25029834E-3 0 7.70287495E-3 1.41601602E-3
14.938751 1.24987995E-3 0 7.70545378E-3 1.34441664E-3
14.936252 1.24999788E-3 0 7.70472642E-3 1.26768753E-3
14.933751 1.25011557E-3 0 7.70400139E-3 1.18840684E-3
14.931252 1.24969706E-3 0 7.70658115E-3 1.10768329E-3
14.928751 1.25035003E-3 0 7.7025569E-3 1.02420477E-3
14.926251 1.24993117E-3 0 7.7051376E-3 9.39838996E-4
14.923751 1.25004794E-3 0 7.70441815E-3 8.53250211E-4
14.921251 1.24962919E-3 0 7.70699978E-3 7.6521578E-4
14.918752 1.25028042E-3 0 7.70298485E-3 6.74791401E-4
14.916251 1.24986144E-3 0 7.7055674E-3 5.83302754E-4
14.913752 1.24997715E-3 0 7.70485401E-3 4.90090693E-4
14.911252 1.25009264E-3 0 7.70414248E-3 3.95864685E-4
14.908751 1.25020766E-3 0 7.70343328E-3 3.01864231E-4
14.906251 1.24978845E-3 0 7.7060177E-3 2.11602965E-4
14.903751 1.24990323E-3 0 7.70530989E-3 1.31733585E-4
14.901252 1.25001767E-3 0 7.70460442E-3 7.04238919E-5
14.898751 1.25013187E-3 0 7.7039008E-3 3.15553152E-5
14.896252 1.24971231E-3 0 7.70648662E-3 1.19645147E-5
14.893751 1.25035935E-3 0 7.70249916E-3 4.10867415E-6
14.891252 1.24993955E-3 0 7.70508591E-3 1.54053862E-6
14.888751 1.25005271E-3 0 7.70438835E-3 8.74042826E-7
14.886251 1.25016563E-3 0 7.70369312E-3 6.72532565E-7
14.883751 1.24974572E-3 0 7.7062808E-3 5.67857967E-7
14.881251 1.24985829E-3 0 7.70558696E-3 4.92119796E-7
14.878752 1.24997052E-3 0 7.70489499E-3 4.31800885E-7
14.876251 1.25008251E-3 0 7.70420488E-3 3.82033249E-7
14.873752 1.25019404E-3 0 7.70351756E-3 3.40152781E-7
14.871251 1.24977389E-3 0 7.70610757E-3 3.04559222E-7
14.868752 1.24988519E-3 0 7.70542119E-3 2.73767313E-7
NO NO NO NO NO
15.128752 1.24996621E-3 0 7.70492153E-3 0
15.126251 1.25010312E-3 0 7.70407775E-3 0
15.123752 1.24968996E-3 0 7.70662492E-3 0
15.121251 1.25037599E-3 0 7.70239625E-3 0
15.118752 1.2499626E-3 0 7.70494388E-3 0
15.116251 1.25009846E-3 0 7.70410663E-3 0
15.113751 1.24968507E-3 0 7.70665519E-3 0
15.111251 1.25036947E-3 0 7.70243723E-3 0
15.108751 1.24995573E-3 0 7.70498673E-3 0
15.106252 1.24954211E-3 0 7.70753669E-3 0
15.103752 1.25022535E-3 0 7.70332478E-3 0
15.101252 1.2498115E-3 0 7.70587567E-3 0
15.098752 1.24994572E-3 0 7.70504819E-3 0
15.096251 1.2500796E-3 0 7.70422257E-3 0
15.093752 1.25021324E-3 0 7.70339975E-3 0
15.091251 1.24979904E-3 0 7.70595204E-3 0
15.088752 1.24993233E-3 0 7.70513061E-3 0
15.086252 1.25006528E-3 0 7.70431105E-3 0
15.083752 1.25019788E-3 0 7.70349428E-3 0
15.081251 1.24978344E-3 0 7.70604843E-3 0
15.078752 1.24991569E-3 0 7.70523306E-3 0
15.076252 1.25004759E-3 0 7.70442002E-3 0
15.073751 1.25017925E-3 0 7.70360883E-3 0
15.071251 1.25031045E-3 0 7.70279998E-3 0
15.068751 1.24989566E-3 0 7.70535646E-3 0
15.066251 1.25002663E-3 0 7.70454947E-3 0
15.063751 1.24961184E-3 0 7.70710642E-3 0
15.061252 1.25028763E-3 0 7.70294061E-3 0
15.058751 1.24987261E-3 0 7.70549849E-3 0
15.056252 1.25000253E-3 0 7.70469755E-3 0
15.053751 1.25013222E-3 0 7.70389847E-3 0
15.051251 1.24971708E-3 0 7.70645775E-3 0
15.048752 1.25039066E-3 0 7.70230638E-3 0
15.046251 1.24997518E-3 0 7.70486658E-3 0
15.043752 1.24955992E-3 0 7.70742726E-3 0
15.041252 1.25023222E-3 0 7.70328194E-3 0
15.038752 1.24981673E-3 0 7.70584354E-3 0
15.036252 1.24994467E-3 0 7.70505425E-3 0
15.033751 1.25007238E-3 0 7.70426728E-3 0
15.031252 1.25019962E-3 0 7.70348264E-3 0
15.028751 1.24978379E-3 0 7.7060461E-3 0
15.026252 1.25045353E-3 0 7.70191895E-3 0
15.023751 1.24949485E-3 0 7.70782772E-3 0
15.021252 1.25016388E-3 0 7.70370336E-3 0
15.018751 1.25028996E-3 0 7.70292664E-3 0
15.016252 1.24987366E-3 0 7.70549197E-3 0
15.013751 1.24999939E-3 0 7.70471711E-3 0
15.011251 1.25012477E-3 0 7.70394458E-3 0
15.008751 1.24970847E-3 0 7.70651083E-3 0
15.006251 1.25037471E-3 0 7.70240463E-3 0
15.003751 1.24995806E-3 0 7.70497182E-3 0
15.001251 1.24954164E-3 0 7.70753948E-3 0
14.998752 1.25020673E-3 0 7.70343933E-3 0
14.996252 1.24978996E-3 0 7.70600792E-3 0
14.993752 1.25045411E-3 0 7.70191569E-3 0
14.991251 1.25003699E-3 0 7.70448521E-3 0
14.988751 1.24962023E-3 0 7.70705519E-3 0
14.986252 1.25028309E-3 0 7.70296901E-3 0
14.983751 1.24986598E-3 0 7.70553993E-3 0
14.981252 1.24998845E-3 0 7.70478463E-3 0
14.978751 1.25011057E-3 0 7.70403212E-3 0
14.976252 1.24969333E-3 0 7.70660397E-3 0
14.973751 1.25035399E-3 0 7.70253176E-3 0
14.971251 1.24993653E-3 0 7.705105E-3 0
14.968751 1.25005771E-3 0 7.70435808E-3 0
14.966251 1.24964025E-3 0 7.70693179E-3 0
14.963752 1.25029916E-3 0 7.70286936E-3 0
14.961251 1.24988146E-3 0 7.70544447E-3 0
14.958752 1.2500016E-3 0 7.70470314E-3 0
14.956251 1.25012151E-3 0 7.70396413E-3 0
14.953752 1.2497037E-3 0 7.70654017E-3 0
14.951251 1.25036051E-3 0 7.70249218E-3 0
14.948751 1.24994235E-3 0 7.70506868E-3 0
14.946251 1.25006121E-3 0 7.70433573E-3 0
14.943751 1.24964316E-3 0 7.70691363E-3 0
14.941252 1.25029834E-3 0 7.70287495E-3 0
14.938751 1.24987995E-3 0 7.70545378E-3 0
14.936252 1.24999788E-3 0 7.70472642E-3 0
14.933751 1.25011557E-3 0 7.70400139E-3 0
14.931252 1.24969706E-3 0 7.70658115E-3 0
14.928751 1.25035003E-3 0 7.7025569E-3 0
14.926251 1.24993117E-3 0 7.7051376E-3 0
14.923751 1.25004794E-3 0 7.70441815E-3 0
14.921251 1.24962919E-3 0 7.70699978E-3 0
14.918752 1.25028042E-3 0 7.70298485E-3 0
14.916251 1.24986144E-3 0 7.7055674E-3 0
14.913752 1.24997715E-3 0 7.70485401E-3 0
14.911252 1.25009264E-3 0 7.70414248E-3 0
14.908751 1.25020766E-3 0 7.70343328E-3 0
14.906251 1.24978845E-3 0 7.7060177E-3 0
14.903751 1.24990323E-3 0 7.70530989E-3 0
14.901252 1.25001767E-3 0 7.70460442E-3 0
14.898751 1.25013187E-3 0 7.7039008E-3 0
14.896252 1.24971231E-3 0 7.70648662E-3 0
14.893751 1.25035935E-3 0 7.70249916E-3 0
14.891252 1.24993955E-3 0 7.70508591E-3 0
14.888751 1.25005271E-3 0 7.70438835E-3 0
14.886251 1.25016563E-3 0 7.70369312E-3 0
14.883751 1.24974572E-3 0 7.7062808E-3 0
14.881251 1.24985829E-3 0 7.70558696E-3 0
14.878752 1.24997052E-3 0 7.70489499E-3 0
14.876251 1.25008251E-3 0 7.70420488E-3 0
14.873752 1.25019404E-3 0 7.70351756E-3 0
14.871251 1.24977389E-3 0 7.70610757E-3 0
14.868752 1.24988519E-3 0 7.70542119E-3 0
