READ SERR 1 2
@MgXI_He_pow.pco
!
9.397501 2.50023045E-3 4.12856275E-3 5.48750488E-3 4.59961034E-3
9.3925009 2.49969121E-3 1.03236334E-2 7.01576797E-3 4.53576958E-3
9.3875008 2.49999622E-3 2.06447486E-3 4.79551824E-3 4.47028549E-3
9.3825006 2.5002961E-3 0 3.85190034E-3 4.40571178E-3
9.3775005 2.49974569E-3 6.19404484E-3 6.06292067E-3 4.342495E-3
9.3725014 2.50003696E-3 4.1288822E-3 5.4879291E-3 4.27720556E-3
9.3675013 2.49990146E-3 4.12910618E-3 5.48822712E-3 4.21440974E-3
9.3625011 2.50018318E-3 1.23859225E-2 7.42758205E-3 4.15723212E-3
9.357501 2.50003906E-3 6.19331794E-3 6.06220914E-3 4.1115256E-3
9.3525009 2.49989121E-3 1.03228074E-2 7.01520639E-3 4.08095913E-3
9.3475008 2.5001592E-3 1.03217009E-2 7.01445434E-3 4.06708196E-3
9.3425007 2.50000274E-3 6.19340781E-3 6.06229715E-3 4.06894367E-3
9.3375006 2.49984255E-3 8.258407E-3 6.56429678E-3 4.08124225E-3
9.3325005 2.50009703E-3 1.44507401E-2 7.81141408E-3 4.09848709E-3
9.3275003 2.49992847E-3 1.23871844E-2 7.42833875E-3 4.11880575E-3
9.3225002 2.50017364E-3 8.25731363E-3 6.56342786E-3 4.14065318E-3
9.3175001 2.49999645E-3 8.2578985E-3 6.56389259E-3 4.16647084E-3
9.312501 2.49981578E-3 1.6516991E-2 8.17186385E-3 4.19519795E-3
9.3075008 2.50004744E-3 8.25772993E-3 6.56375894E-3 4.22524428E-3
9.3025007 2.49985815E-3 1.23875327E-2 7.42854737E-3 4.25804313E-3
9.2975006 2.50008074E-3 2.89016701E-2 9.9929031E-3 4.29166527E-3
9.2925014 2.4998833E-3 1.23874089E-2 7.42847333E-3 4.32554167E-3
9.2875013 2.50009657E-3 2.06439197E-2 8.83295387E-3 4.35643969E-3
9.2825012 2.49989075E-3 1.03228092E-2 7.01520778E-3 4.38567903E-3
9.2775011 2.50009494E-3 2.06439327E-2 8.83296039E-3 4.41294815E-3
9.272501 2.49988073E-3 2.27102712E-2 9.14155971E-3 4.43981821E-3
9.2675009 2.50007585E-3 1.65152717E-2 8.17101356E-3 4.46299091E-3
9.2625008 2.50026584E-3 1.23855127E-2 7.42733665E-3 4.48228093E-3
9.2575006 2.49962718E-3 8.2591176E-3 6.56486209E-3 4.50061122E-3
9.2525015 2.50022043E-3 1.23857381E-2 7.42747122E-3 4.51572239E-3
9.2475004 2.49998551E-3 2.8902771E-2 9.99328308E-3 4.5317933E-3
9.2425003 2.50015757E-3 2.06434168E-2 8.83273873E-3 4.5462884E-3
9.2375002 2.4999145E-3 2.06454229E-2 8.83359741E-3 4.55965661E-3
9.232501 2.50007748E-3 3.50949317E-2 1.0761912E-2 4.57055354E-3
9.2275009 2.49982625E-3 3.50984558E-2 1.07629932E-2 4.58262814E-3
9.2225008 2.49998039E-3 4.33542468E-2 1.1692619E-2 4.59504547E-3
9.2175007 2.5001294E-3 4.33516614E-2 1.16919214E-2 4.60661808E-3
9.2125006 2.49986583E-3 2.68395729E-2 9.72025935E-3 4.61771758E-3
9.2075014 2.500006E-3 3.71604003E-2 1.10038705E-2 4.62852698E-3
9.2025003 2.50014127E-3 4.95445207E-2 1.23343905E-2 4.64006653E-3
9.1975012 2.49986537E-3 6.40020669E-2 1.36979157E-2 4.65288293E-3
9.1925011 2.4999918E-3 5.16119599E-2 1.25405621E-2 4.66565927E-3
9.187501 2.50011357E-3 6.81244731E-2 1.40573299E-2 4.67811525E-3
9.1825008 2.49982532E-3 4.74861674E-2 1.21263107E-2 4.69064293E-3
9.1775007 2.49993801E-3 3.50968875E-2 1.07625118E-2 4.70204279E-3
9.1725016 2.50004628E-3 6.60618767E-2 1.38786947E-2 4.71262448E-3
9.1675005 2.50014942E-3 7.01878443E-2 1.42335026E-2 4.72335797E-3
9.1625013 2.49984465E-3 6.19380027E-2 1.35133611E-2 4.73602209E-3
9.1575012 2.49993918E-3 8.6709924E-2 1.55630857E-2 4.74790437E-3
9.1525011 2.50002882E-3 5.78045398E-2 1.31338164E-2 4.75858897E-3
9.147501 2.50011403E-3 5.16094379E-2 1.25399493E-2 4.76782164E-3
9.1425009 2.50019436E-3 6.60579577E-2 1.38778724E-2 4.77563683E-3
9.1375008 2.49986863E-3 5.36790863E-2 1.27426712E-2 4.7834781E-3
9.1325006 2.49994034E-3 4.74839807E-2 1.21257519E-2 4.78993868E-3
9.1275005 2.50000716E-3 3.71603817E-2 1.10038649E-2 4.79463534E-3
9.1225004 2.50006956E-3 2.68373862E-2 9.71946772E-3 4.79726074E-3
9.1175003 2.50012707E-3 2.27080341E-2 9.14065912E-3 4.79843002E-3
9.1125011 2.49978085E-3 1.65172201E-2 8.17197748E-3 4.79892129E-3
9.107501 2.50022858E-3 6.19284902E-3 6.06175E-3 4.79643047E-3
9.1025009 2.49987398E-3 1.03228791E-2 7.01525481E-3 4.7943308E-3
9.0975008 2.49991356E-3 8.25817231E-3 6.56411052E-3 4.7905324E-3
9.0925007 2.49994872E-3 6.19354192E-3 6.06242847E-3 4.78610769E-3
9.0875015 2.49997899E-3 4.12897766E-3 5.48805622E-3 4.78118705E-3
9.0825014 2.50000483E-3 8.25787056E-3 6.5638707E-3 4.77519166E-3
9.0775013 2.50002602E-3 8.25780071E-3 6.56381529E-3 4.76721255E-3
9.0725012 2.50004255E-3 4.12887288E-3 5.48791699E-3 4.75627836E-3
9.0675011 2.50005443E-3 6.19327975E-3 6.06217189E-3 4.74052876E-3
NO NO NO NO NO
9.397501 2.50023045E-3 0 3.85200162E-3 1.68447045E-3
9.3925009 2.49969121E-3 0 3.8528326E-3 1.68468535E-3
9.3875008 2.49999622E-3 2.06447486E-3 4.79551824E-3 1.69036712E-3
9.3825006 2.5002961E-3 4.12845425E-3 5.48736053E-3 1.69674132E-3
9.3775005 2.49974569E-3 6.19404484E-3 6.06292067E-3 1.70175429E-3
9.3725014 2.50003696E-3 2.0644411E-3 4.79544001E-3 1.70498574E-3
9.3675013 2.49990146E-3 0 3.8525085E-3 1.70907495E-3
9.3625011 2.50018318E-3 4.12864098E-3 5.48760826E-3 1.71488419E-3
9.357501 2.50003906E-3 2.06443947E-3 4.79543628E-3 1.72062882E-3
9.3525009 2.49989121E-3 2.06456147E-3 4.79571987E-3 1.71810633E-3
9.3475008 2.5001592E-3 6.19302038E-3 6.06191764E-3 1.70015718E-3
9.3425007 2.50000274E-3 4.12893854E-3 5.48800407E-3 1.66971562E-3
9.3375006 2.49984255E-3 8.258407E-3 6.56429678E-3 1.63308543E-3
9.3325005 2.50009703E-3 4.12878301E-3 5.48779732E-3 1.59117393E-3
9.3275003 2.49992847E-3 2.06453074E-3 4.79564862E-3 1.54335587E-3
9.3225002 2.50017364E-3 2.06432841E-3 4.79517831E-3 1.4900997E-3
9.3175001 2.49999645E-3 4.12894925E-3 5.48801804E-3 1.43360929E-3
9.312501 2.49981578E-3 2.06462387E-3 4.79586469E-3 1.37775892E-3
9.3075008 2.50004744E-3 4.12886497E-3 5.48790628E-3 1.32994249E-3
9.3025007 2.49985815E-3 0 3.85257509E-3 1.29815436E-3
9.2975006 2.50008074E-3 6.19321503E-3 6.06210809E-3 1.28491735E-3
9.2925014 2.4998833E-3 4.12913645E-3 5.4882667E-3 1.28703995E-3
9.2875013 2.50009657E-3 0 3.85220791E-3 1.29971246E-3
9.2825012 2.49989075E-3 2.06456194E-3 4.7957208E-3 1.32118165E-3
9.2775011 2.50009494E-3 2.06439337E-3 4.79532918E-3 1.34375587E-3
9.272501 2.49988073E-3 4.12914017E-3 5.48827229E-3 1.35536015E-3
9.2675009 2.50007585E-3 1.23864543E-2 7.42790103E-3 1.34845683E-3
9.2625008 2.50026584E-3 6.19275635E-3 6.06165966E-3 1.32611347E-3
9.2575006 2.49962718E-3 4.1295588E-3 5.48882876E-3 1.29602232E-3
9.2525015 2.50022043E-3 2.06428953E-3 4.79508843E-3 1.26578589E-3
9.2475004 2.49998551E-3 1.03224181E-2 7.01494142E-3 1.24460901E-3
9.2425003 2.50015757E-3 1.03217084E-2 7.014459E-3 1.23526389E-3
9.2375002 2.4999145E-3 4.12908476E-3 5.48819825E-3 1.23851909E-3
9.232501 2.50007748E-3 4.12881561E-3 5.48784062E-3 1.25484599E-3
9.2275009 2.49982625E-3 1.44523056E-2 7.81226018E-3 1.28351746E-3
9.2225008 2.49998039E-3 6.19346369E-3 6.06235163E-3 1.31870457E-3
9.2175007 2.5001294E-3 1.65149178E-2 8.17083847E-3 1.3517678E-3
9.2125006 2.49986583E-3 1.23874946E-2 7.42852502E-3 1.3758865E-3
9.2075014 2.500006E-3 1.03223333E-2 7.01488415E-3 1.39183691E-3
9.2025003 2.50014127E-3 8.2574198E-3 6.56351261E-3 1.40695041E-3
9.1975012 2.49986537E-3 1.23874974E-2 7.42852641E-3 1.4264175E-3
9.1925011 2.4999918E-3 1.0322392E-2 7.01492373E-3 1.44963188E-3
9.187501 2.50011357E-3 8.257512E-3 6.56358572E-3 1.47702324E-3
9.1825008 2.49982532E-3 1.23876957E-2 7.42864562E-3 1.51683192E-3
9.1775007 2.49993801E-3 2.47742739E-2 9.43634287E-3 1.58134103E-3
9.1725016 2.50004628E-3 2.47732028E-2 9.43593495E-3 1.67530042E-3
9.1675005 2.50014942E-3 2.27078311E-2 9.1405781E-3 1.78824808E-3
9.1625013 2.49984465E-3 3.50982025E-2 1.07629141E-2 1.90508517E-3
9.1575012 2.49993918E-3 3.50968726E-2 1.07625071E-2 2.0181064E-3
9.1525011 2.50002882E-3 2.89022699E-2 9.99310985E-3 2.12431839E-3
9.147501 2.50011403E-3 3.50944176E-2 1.07617546E-2 2.21710326E-3
9.1425009 2.50019436E-3 2.47717351E-2 9.43537615E-3 2.29139603E-3
9.1375008 2.49986863E-3 2.68395431E-2 9.72024817E-3 2.345443E-3
9.1325006 2.49994034E-3 2.47742515E-2 9.43633448E-3 2.37921975E-3
9.1275005 2.50000716E-3 2.6838053E-2 9.71970987E-3 2.39907531E-3
9.1225004 2.50006956E-3 1.23864859E-2 7.42791966E-3 2.41098786E-3
9.1175003 2.50012707E-3 1.03218341E-2 7.01454468E-3 2.41796975E-3
9.1125011 2.49978085E-3 4.12930502E-3 5.48849162E-3 2.42248992E-3
9.107501 2.50022858E-3 4.12856601E-3 5.48750907E-3 2.42377538E-3
9.1025009 2.49987398E-3 2.06457567E-3 4.79575293E-3 2.42346246E-3
9.0975008 2.49991356E-3 4.12908616E-3 5.48820011E-3 2.4205402E-3
9.0925007 2.49994872E-3 2.06451397E-3 4.79560951E-3 2.41641584E-3
9.0875015 2.49997899E-3 1.03224451E-2 7.01495958E-3 2.41644634E-3
9.0825014 2.50000483E-3 0 3.85234924E-3 2.42774514E-3
9.0775013 2.50002602E-3 2.06445018E-3 4.79546143E-3 2.45380192E-3
9.0725012 2.50004255E-3 2.06443644E-3 4.7954293E-3 2.49346276E-3
9.0675011 2.50005443E-3 0 3.85227264E-3 2.54278653E-3
NO NO NO NO NO
9.3987513 1.24981091E-3 0 7.70587893E-3 1.72511244E-3
9.3962507 1.25041942E-3 8.25511664E-3 1.09723397E-2 1.72698335E-3
9.3937511 1.2497541E-3 4.12975578E-3 9.59290937E-3 1.73073774E-3
9.3912506 1.24993699E-3 8.2583027E-3 1.09765735E-2 1.7330714E-3
9.388751 1.25011918E-3 0 7.70397903E-3 1.73490949E-3
9.3862505 1.24987704E-3 0 7.70547148E-3 1.73687201E-3
9.3837509 1.25005795E-3 0 7.70435575E-3 1.73806725E-3
9.3812504 1.25023816E-3 0 7.70324608E-3 1.73921091E-3
9.3787508 1.24999462E-3 4.12896089E-3 9.59106348E-3 1.74086378E-3
9.3762512 1.24975108E-3 8.25953204E-3 1.0978207E-2 1.74239103E-3
9.3737507 1.24992966E-3 4.12917603E-3 9.59156267E-3 1.74328778E-3
9.3712511 1.25010731E-3 0 7.70405168E-3 1.74422155E-3
9.3687515 1.24986249E-3 8.25879537E-3 1.09772291E-2 1.74584601E-3
9.366251 1.25003897E-3 8.25762935E-3 1.09756785E-2 1.74700003E-3
9.3637505 1.25021476E-3 4.128234E-3 9.589375E-3 1.74820714E-3
9.3612509 1.24996854E-3 1.23871425E-2 1.21249137E-2 1.75007898E-3
9.3587503 1.25014305E-3 0 7.70383189E-3 1.7515322E-3
9.3562508 1.24989601E-3 4.12928686E-3 9.59181972E-3 1.75396143E-3
9.3537502 1.25006947E-3 4.12871409E-3 9.59048979E-3 1.75615738E-3
9.3512506 1.24982174E-3 0 7.70581234E-3 1.75903284E-3
9.3487511 1.24999392E-3 0 7.70475063E-3 1.76116696E-3
9.3462505 1.25016528E-3 1.65135898E-2 1.31260306E-2 1.7631657E-3
9.343751 1.24991627E-3 4.1292198E-3 9.59166419E-3 1.76571135E-3
9.3412504 1.25008659E-3 4.12865775E-3 9.59035847E-3 1.76767772E-3
9.3387508 1.24983676E-3 8.25896487E-3 1.09774545E-2 1.77031651E-3
9.3362513 1.25000579E-3 1.23867719E-2 1.21245515E-2 1.77247042E-3
9.3337507 1.25017413E-3 0 7.7036405E-3 1.77463866E-3
9.3312502 1.24992302E-3 0 7.70518789E-3 1.77721889E-3
9.3287506 1.25009008E-3 0 7.70415785E-3 1.77898805E-3
9.326251 1.24983839E-3 0 7.7057099E-3 1.78127247E-3
9.3237505 1.25000428E-3 4.12892923E-3 9.59098991E-3 1.78289006E-3
9.3212509 1.25016936E-3 4.12838394E-3 9.58972331E-3 1.78420858E-3
9.3187504 1.24991627E-3 4.1292198E-3 9.59166419E-3 1.78575597E-3
9.3162508 1.2500803E-3 4.12867824E-3 9.5904069E-3 1.78658566E-3
9.3137503 1.24982651E-3 0 7.70578301E-3 1.78819441E-3
9.3112507 1.24998926E-3 4.12897905E-3 9.59110446E-3 1.78946031E-3
9.3087511 1.2501512E-3 8.25688802E-3 1.09746931E-2 1.79101282E-3
9.3062506 1.24989613E-3 8.25857278E-3 1.09769329E-2 1.79359736E-3
9.303751 1.25005702E-3 8.25751014E-3 1.09755201E-2 1.79612928E-3
9.3012505 1.24980125E-3 1.23888003E-2 1.21265361E-2 1.79976714E-3
9.2987509 1.24996097E-3 0 7.70495413E-3 1.8030497E-3
9.2962513 1.25011976E-3 4.12854785E-3 9.59010329E-3 1.80623413E-3
9.2937508 1.24986272E-3 4.12939675E-3 9.59207583E-3 1.80961215E-3
9.2912512 1.25002046E-3 4.12887568E-3 9.59086511E-3 1.81178877E-3
9.2887506 1.25017739E-3 8.25671479E-3 1.09744631E-2 1.81338238E-3
9.2862511 1.24991906E-3 8.25842097E-3 1.09767318E-2 1.81516958E-3
9.2837505 1.25007483E-3 1.23860883E-2 1.21238818E-2 1.81627111E-3
9.281251 1.2498158E-3 2.06477586E-2 1.40318694E-2 1.81812549E-3
9.2787514 1.24997052E-3 8.25808197E-3 1.09762801E-2 1.81969779E-3
9.2762508 1.2501243E-3 1.23855984E-2 1.21234022E-2 1.82139734E-3
9.2737513 1.24986412E-3 1.65175702E-2 1.31291952E-2 1.82350108E-3
9.2712517 1.25001674E-3 8.25777557E-3 1.0975874E-2 1.82462705E-3
9.2687511 1.25016866E-3 4.12838627E-3 9.58972797E-3 1.82564592E-3
9.2662506 1.24990719E-3 1.23877507E-2 1.21255089E-2 1.82769215E-3
9.263751 1.25005795E-3 1.23862559E-2 1.21240467E-2 1.82990194E-3
9.2612505 1.25020789E-3 4.12825681E-3 9.58942715E-3 1.83268241E-3
9.2587509 1.24994514E-3 4.12912481E-3 9.59144346E-3 1.8361276E-3
9.2562513 1.24968216E-3 8.25998653E-3 1.09788124E-2 1.83925615E-3
9.2537508 1.25024223E-3 1.65125728E-2 1.31252231E-2 1.840716E-3
9.2512512 1.2499782E-3 8.25803075E-3 1.09762121E-2 1.84290623E-3
9.2487507 1.25012512E-3 1.238559E-2 1.21233938E-2 1.84426887E-3
9.2462511 1.24986039E-3 4.12940467E-3 9.59209353E-3 1.8465569E-3
9.2437506 1.25000626E-3 8.25784542E-3 1.09759662E-2 1.84893492E-3
9.241251 1.25015131E-3 1.23853311E-2 1.21231414E-2 1.85185077E-3
9.2387505 1.2498853E-3 4.12932225E-3 9.59190261E-3 1.85518316E-3
9.2362509 1.25002919E-3 2.06442345E-2 1.40294749E-2 1.85671682E-3
9.2337513 1.24976248E-3 8.25945567E-3 1.09781064E-2 1.85634196E-3
9.2312508 1.25031488E-3 1.23837106E-2 1.21215545E-2 1.85048988E-3
9.2287502 1.25004712E-3 2.06439383E-2 1.40292738E-2 1.83986232E-3
9.2262506 1.24977925E-3 1.23890182E-2 1.21267503E-2 1.82250165E-3
9.2237511 1.24992011E-3 4.12920723E-3 9.59163532E-3 1.79902383E-3
9.2212505 1.25006016E-3 1.23862335E-2 1.21240243E-2 1.77245133E-3
9.218751 1.25019951E-3 2.06414219E-2 1.40275629E-2 1.74493145E-3
9.2162504 1.24992989E-3 1.23875253E-2 1.21252881E-2 1.71800272E-3
9.2137508 1.25006808E-3 2.89010294E-2 1.56225841E-2 1.69061136E-3
9.2112503 1.24979776E-3 4.12961142E-3 9.59257502E-3 1.66386343E-3
9.2087507 1.2499349E-3 1.65166352E-2 1.31284511E-2 1.63721677E-3
9.2062511 1.25007122E-3 1.6514834E-2 1.31270196E-2 1.6125309E-3
9.2037506 1.25020673E-3 1.23847816E-2 1.21226031E-2 1.59149582E-3
9.201251 1.24993466E-3 4.12915926E-3 9.59152449E-3 1.57640537E-3
9.1987505 1.25006912E-3 2.0643577E-2 1.4029027E-2 1.5674365E-3
9.1962509 1.24979625E-3 2.06480809E-2 1.40320892E-2 1.56552147E-3
9.1937513 1.24992966E-3 1.65167022E-2 1.3128506E-2 1.5685485E-3
9.1912508 1.25006225E-3 0 7.70432968E-3 1.57564995E-3
9.1887512 1.25019404E-3 8.25660489E-3 1.09743178E-2 1.58519042E-3
9.1862507 1.24991953E-3 8.25841818E-3 1.09767281E-2 1.59633078E-3
9.1837511 1.25005015E-3 1.23863323E-2 1.21241212E-2 1.60751573E-3
9.1812506 1.24977506E-3 2.06484329E-2 1.40323276E-2 1.61999709E-3
9.178751 1.24990463E-3 2.47755498E-2 1.48573862E-2 1.63305434E-3
9.1762514 1.2500335E-3 8.25766567E-3 1.09757269E-2 1.64719287E-3
9.1737509 1.25016156E-3 1.65136401E-2 1.31260706E-2 1.6617385E-3
9.1712513 1.2498846E-3 4.12932448E-2 1.76682211E-2 1.67645526E-3
9.1687508 1.25001161E-3 2.06445251E-2 1.40296714E-2 1.68971461E-3
9.1662512 1.25013781E-3 3.3027906E-2 1.63407214E-2 1.70171645E-3
9.1637506 1.24985969E-3 1.23882201E-2 1.21259689E-2 1.71266356E-3
9.1612511 1.24998484E-3 2.06449665E-2 1.40299723E-2 1.72132254E-3
9.1587505 1.25010917E-3 1.23857474E-2 1.21235484E-2 1.72834797E-3
9.156251 1.24982989E-3 2.47770324E-2 1.48582747E-2 1.73467479E-3
9.1537504 1.25035585E-3 2.8894376E-2 1.56189883E-2 1.73912337E-3
9.1512508 1.24967296E-3 1.23900715E-2 1.21277804E-2 1.74487056E-3
9.1487513 1.25019753E-3 1.65131651E-2 1.31256934E-2 1.74857117E-3
9.1462507 1.2499165E-3 1.65168773E-2 1.31286448E-2 1.75303372E-3
9.1437511 1.25003711E-3 1.65152829E-2 1.31273773E-2 1.75657286E-3
9.1412506 1.25015713E-3 2.06421223E-2 1.40280388E-2 1.76007929E-3
9.138751 1.24987483E-3 1.65174268E-2 1.31290816E-2 1.76418771E-3
9.1362505 1.24999369E-3 2.4773784E-2 1.48563264E-2 1.76747295E-3
9.1337509 1.25011185E-3 1.65142957E-2 1.31265922E-2 1.77008589E-3
9.1312504 1.24982849E-3 2.064755E-2 1.40317278E-2 1.77265028E-3
9.1287508 1.24994549E-3 1.23873698E-2 1.21251363E-2 1.77442236E-3
9.1262512 1.25006179E-3 1.23862177E-2 1.21240085E-2 1.77640817E-3
9.1237507 1.25017727E-3 1.65134314E-2 1.31259048E-2 1.77917629E-3
9.1212511 1.24989217E-3 4.12929943E-3 9.59184952E-3 1.78325968E-3
9.1187506 1.25000672E-3 1.23867635E-2 1.21245431E-2 1.78690092E-3
9.116251 1.25012035E-3 0 7.70397158E-3 1.79057103E-3
9.1137505 1.2498342E-3 1.23884734E-2 1.21262167E-2 1.79499038E-3
9.1112509 1.24994677E-3 8.25823843E-3 1.09764878E-2 1.79864478E-3
9.1087513 1.25005865E-3 4.12874948E-3 9.59057175E-3 1.80132163E-3
9.1062508 1.25016982E-3 8.25676508E-3 1.09745301E-2 1.8029057E-3
9.1037502 1.24988193E-3 0 7.70544121E-3 1.80449244E-3
9.1012506 1.24999206E-3 0 7.70476274E-3 1.80562376E-3
9.0987511 1.25010137E-3 0 7.70408893E-3 1.80755521E-3
9.0962505 1.24981231E-3 0 7.70587055E-3 1.81090413E-3
9.093751 1.24992058E-3 8.25841166E-3 1.09767187E-2 1.81411463E-3
9.0912514 1.25002814E-3 0 7.70454016E-3 1.81706471E-3
9.0887508 1.2501349E-3 4.12849756E-3 9.58998688E-3 1.81926962E-3
9.0862513 1.24984421E-3 4.12945822E-3 9.59221832E-3 1.82137743E-3
9.0837507 1.24994991E-3 0 7.70502212E-3 1.82231027E-3
9.0812511 1.25005492E-3 0 7.70437485E-3 1.82238023E-3
9.0787506 1.25015923E-3 0 7.70373223E-3 1.82128046E-3
9.076251 1.24986679E-3 4.12938325E-3 9.59204417E-3 1.8198858E-3
9.0737514 1.24997005E-3 4.12904238E-3 9.59125254E-3 1.81748043E-3
9.0712509 1.2500725E-3 0 7.70426635E-3 1.81483442E-3
9.0687504 1.25017425E-3 0 7.7036391E-3 1.81182509E-3
NO NO NO NO NO
9.3987513 1.24981091E-3 0 7.70587893E-3 1.32727448E-3
9.3962507 1.25041942E-3 0 7.70212896E-3 1.35211833E-3
9.3937511 1.2497541E-3 0 7.70622957E-3 1.37787207E-3
9.3912506 1.24993699E-3 4.12915135E-3 9.59150586E-3 1.40263897E-3
9.388751 1.25011918E-3 0 7.70397903E-3 1.4278586E-3
9.3862505 1.24987704E-3 8.25869944E-3 1.09771006E-2 1.4537794E-3
9.3837509 1.25005795E-3 8.25750362E-3 1.09755117E-2 1.47813547E-3
9.3812504 1.25023816E-3 4.12815716E-3 9.58919525E-3 1.49925647E-3
9.3787508 1.24999462E-3 0 7.70474644E-3 1.51595857E-3
9.3762512 1.24975108E-3 0 7.7062482E-3 1.52753748E-3
9.3737507 1.24992966E-3 0 7.70514738E-3 1.5346295E-3
9.3712511 1.25010731E-3 0 7.70405168E-3 1.53916725E-3
9.3687515 1.24986249E-3 0 7.70556135E-3 1.54271931E-3
9.366251 1.25003897E-3 4.12881467E-3 9.59072355E-3 1.54495437E-3
9.3637505 1.25021476E-3 4.128234E-3 9.589375E-3 1.54683331E-3
9.3612509 1.24996854E-3 0 7.70490756E-3 1.54910004E-3
9.3587503 1.25014305E-3 4.12847102E-3 9.58992448E-3 1.55078736E-3
9.3562508 1.24989601E-3 0 7.70535413E-3 1.55298377E-3
9.3537502 1.25006947E-3 0 7.70428544E-3 1.55465922E-3
9.3512506 1.24982174E-3 8.25906452E-3 1.09775867E-2 1.55687868E-3
9.3487511 1.24999392E-3 1.23868901E-2 1.21246669E-2 1.55860209E-3
9.3462505 1.25016528E-3 0 7.70369451E-3 1.56032376E-3
9.343751 1.24991627E-3 0 7.70522933E-3 1.5625495E-3
9.3412504 1.25008659E-3 0 7.7041802E-3 1.56423356E-3
9.3387508 1.24983676E-3 4.12948243E-3 9.59227514E-3 1.56645803E-3
9.3362513 1.25000579E-3 0 7.70467753E-3 1.56818633E-3
9.3337507 1.25017413E-3 0 7.7036405E-3 1.56991626E-3
9.3312502 1.24992302E-3 0 7.70518789E-3 1.57215563E-3
9.3287506 1.25009008E-3 4.12864564E-3 9.59033053E-3 1.57385319E-3
9.326251 1.24983839E-3 0 7.7057099E-3 1.57609384E-3
9.3237505 1.25000428E-3 8.25785846E-3 1.09759839E-2 1.57783576E-3
9.3212509 1.25016936E-3 4.12838394E-3 9.58972331E-3 1.57957349E-3
9.3187504 1.24991627E-3 0 7.70522933E-3 1.58180809E-3
9.3162508 1.2500803E-3 0 7.70421885E-3 1.58347934E-3
9.3137503 1.24982651E-3 0 7.70578301E-3 1.5856789E-3
9.3112507 1.24998926E-3 1.65159162E-2 1.31278802E-2 1.58736994E-3
9.3087511 1.2501512E-3 4.12844401E-3 9.58986208E-3 1.5890582E-3
9.3062506 1.24989613E-3 4.12928639E-3 9.59181879E-3 1.59125403E-3
9.303751 1.25005702E-3 4.12875507E-3 9.59058478E-3 1.5928949E-3
9.3012505 1.24980125E-3 8.25919956E-3 1.09777665E-2 1.59507E-3
9.2987509 1.24996097E-3 4.12907265E-3 9.59132239E-3 1.59674033E-3
9.2962513 1.25011976E-3 0 7.70397484E-3 1.59842812E-3
9.2937508 1.24986272E-3 1.23881903E-2 1.21259391E-2 1.60065817E-3
9.2912512 1.25002046E-3 0 7.70458719E-3 1.60236785E-3
9.2887506 1.25017739E-3 1.23850722E-2 1.21228872E-2 1.60407193E-3
9.2862511 1.24991906E-3 0 7.70521211E-3 1.60629279E-3
9.2837505 1.25007483E-3 0 7.70425191E-3 1.60797429E-3
9.281251 1.2498158E-3 8.25910363E-3 1.0977638E-2 1.61021226E-3
9.2787514 1.24997052E-3 4.12904099E-3 9.59124882E-3 1.61192648E-3
9.2762508 1.2501243E-3 1.23855984E-2 1.21234022E-2 1.61357166E-3
9.2737513 1.24986412E-3 4.12939256E-3 9.59206559E-3 1.61558355E-3
9.2712517 1.25001674E-3 4.12888778E-3 9.59089398E-3 1.61682977E-3
9.2687511 1.25016866E-3 8.25677253E-3 1.09745404E-2 1.61780568E-3
9.2662506 1.24990719E-3 8.25850014E-3 1.09768361E-2 1.61894434E-3
9.263751 1.25005795E-3 4.12875228E-3 9.59057827E-3 1.61925482E-3
9.2612505 1.25020789E-3 1.65130273E-2 1.31255835E-2 1.61943701E-3
9.2587509 1.24994514E-3 1.23873744E-2 1.21251401E-2 1.62020873E-3
9.2562513 1.24968216E-3 8.25998653E-3 1.09788124E-2 1.62105833E-3
9.2537508 1.25024223E-3 4.12814319E-3 9.58916359E-3 1.62075518E-3
9.2512512 1.2499782E-3 8.25803075E-3 1.09762121E-2 1.62140455E-3
9.2487507 1.25012512E-3 0 7.70394225E-3 1.62143481E-3
9.2462511 1.24986039E-3 1.23882135E-2 1.21259624E-2 1.62202469E-3
9.2437506 1.25000626E-3 4.12892271E-3 9.59097501E-3 1.62219221E-3
9.241251 1.25015131E-3 8.25688802E-3 1.09746931E-2 1.62275578E-3
9.2387505 1.2498853E-3 4.12932225E-3 9.59190261E-3 1.62444345E-3
9.2362509 1.25002919E-3 0 7.70453364E-3 1.62589608E-3
9.2337513 1.24976248E-3 4.12972784E-3 9.5928451E-3 1.62789586E-3
9.2312508 1.25031488E-3 1.65116135E-2 1.31244613E-2 1.62873778E-3
9.2287502 1.25004712E-3 2.4772726E-2 1.48556931E-2 1.63080019E-3
9.2262506 1.24977925E-3 8.25934578E-3 1.09779602E-2 1.63350045E-3
9.2237511 1.24992011E-3 1.65168289E-2 1.31286066E-2 1.6366099E-3
9.2212505 1.25006016E-3 4.12874436E-3 9.59056057E-3 1.64056756E-3
9.218751 1.25019951E-3 4.12828429E-3 9.58949141E-3 1.64470682E-3
9.2162504 1.24992989E-3 8.25835019E-3 1.09766368E-2 1.64909172E-3
9.2137508 1.25006808E-3 1.23861553E-2 1.2123948E-2 1.65250187E-3
9.2112503 1.24979776E-3 1.65184457E-2 1.31298918E-2 1.65613741E-3
9.2087507 1.2499349E-3 1.65166352E-2 1.31284511E-2 1.6589103E-3
9.2062511 1.25007122E-3 8.25741701E-3 1.09753963E-2 1.66136236E-3
9.2037506 1.25020673E-3 1.65130422E-2 1.31255966E-2 1.66362664E-3
9.201251 1.24993466E-3 3.30332741E-2 1.63433775E-2 1.66664808E-3
9.1987505 1.25006912E-3 8.25743005E-3 1.09754149E-2 1.66953891E-3
9.1962509 1.24979625E-3 1.65184662E-2 1.31299067E-2 1.6730983E-3
9.1937513 1.24992966E-3 4.12917556E-3 9.59156267E-3 1.67586061E-3
9.1912508 1.25006225E-3 1.65149514E-2 1.31271137E-2 1.6782278E-3
9.1887512 1.25019404E-3 8.25660489E-3 1.09743178E-2 1.68022444E-3
9.1862507 1.24991953E-3 8.25841818E-3 1.09767281E-2 1.68255903E-3
9.1837511 1.25005015E-3 2.47726645E-2 1.48556558E-2 1.68444484E-3
9.1812506 1.24977506E-3 8.25937372E-3 1.09779965E-2 1.68731494E-3
9.178751 1.24990463E-3 2.47755498E-2 1.48573862E-2 1.69000158E-3
9.1762514 1.2500335E-3 1.2386498E-2 1.21242832E-2 1.69267855E-3
9.1737509 1.25016156E-3 8.25682003E-3 1.09746028E-2 1.69511035E-3
9.1712513 1.2498846E-3 1.23879733E-2 1.21257277E-2 1.69786892E-3
9.1687508 1.25001161E-3 1.2386715E-2 1.21244956E-2 1.69997569E-3
9.1662512 1.25013781E-3 8.25697649E-3 1.09748105E-2 1.70210423E-3
9.1637506 1.24985969E-3 2.8905848E-2 1.56251881E-2 1.70495803E-3
9.1612511 1.24998484E-3 2.47739609E-2 1.48564326E-2 1.70747784E-3
9.1587505 1.25010917E-3 8.25716555E-3 1.09750619E-2 1.71000964E-3
9.156251 1.24982989E-3 2.47770324E-2 1.48582747E-2 1.71301712E-3
9.1537504 1.25035585E-3 2.06388403E-2 1.40258083E-2 1.71478209E-3
9.1512508 1.24967296E-3 1.65200941E-2 1.31312022E-2 1.71810307E-3
9.1487513 1.25019753E-3 1.23848729E-2 1.21226925E-2 1.71972415E-3
9.1462507 1.2499165E-3 2.47753151E-2 1.48572456E-2 1.72264571E-3
9.1437511 1.25003711E-3 2.47729234E-2 1.48558104E-2 1.72535225E-3
9.1412506 1.25015713E-3 3.30273956E-2 1.63404699E-2 1.72816764E-3
9.138751 1.24987483E-3 8.25871341E-3 1.09771201E-2 1.7313807E-3
9.1362505 1.24999369E-3 1.2386892E-2 1.21246688E-2 1.73374324E-3
9.1337509 1.25011185E-3 8.25714786E-3 1.09750386E-2 1.73590751E-3
9.1312504 1.24982849E-3 2.064755E-2 1.40317278E-2 1.73861696E-3
9.1287508 1.24994549E-3 1.65164936E-2 1.31283393E-2 1.74094678E-3
9.1262512 1.25006179E-3 1.6514957E-2 1.31271183E-2 1.74356368E-3
9.1237507 1.25017727E-3 1.65134314E-2 1.31259048E-2 1.74640713E-3
9.1212511 1.24989217E-3 1.23878978E-2 1.21256532E-2 1.74988189E-3
9.1187506 1.25000672E-3 1.65156852E-2 1.31276967E-2 1.75257749E-3
9.116251 1.25012035E-3 8.25709105E-3 1.09749641E-2 1.75479252E-3
9.1137505 1.2498342E-3 4.12949128E-3 9.59229469E-3 1.75712677E-3
9.1112509 1.24994677E-3 8.25823843E-3 1.09764878E-2 1.75873947E-3
9.1087513 1.25005865E-3 4.12874948E-3 9.59057175E-3 1.76045229E-3
9.1062508 1.25016982E-3 0 7.70366658E-3 1.76227E-3
9.1037502 1.24988193E-3 4.12933342E-3 9.59192868E-3 1.76478201E-3
9.1012506 1.24999206E-3 0 7.70476274E-3 1.76675012E-3
9.0987511 1.25010137E-3 0 7.70408893E-3 1.7684889E-3
9.0962505 1.24981231E-3 1.23886904E-2 1.2126429E-2 1.77042442E-3
9.093751 1.24992058E-3 0 7.70520279E-3 1.77161349E-3
9.0912514 1.25002814E-3 1.23865511E-2 1.21243354E-2 1.77295064E-3
9.0887508 1.2501349E-3 0 7.70388171E-3 1.7744943E-3
9.0862513 1.24984421E-3 0 7.70567404E-3 1.77670503E-3
9.0837507 1.24994991E-3 0 7.70502212E-3 1.77821284E-3
9.0812511 1.25005492E-3 0 7.70437485E-3 1.77946163E-3
9.0787506 1.25015923E-3 4.12841747E-3 9.58980061E-3 1.78059877E-3
9.076251 1.24986679E-3 8.25876649E-3 1.09771909E-2 1.78249984E-3
9.0737514 1.24997005E-3 0 7.70489778E-3 1.78423699E-3
9.0712509 1.2500725E-3 4.12870385E-3 9.59046558E-3 1.78619311E-3
9.0687504 1.25017425E-3 0 7.7036391E-3 1.78804656E-3
