READ SERR 1 2
@MgXII_pow+windprof.pco
!
8.5075006 2.50002579E-3 4.12890082E-3 5.48795378E-3 5.65308379E-3
8.5025005 2.49986839E-3 6.19374122E-3 6.06262311E-3 5.68790222E-3
8.4975004 2.50005326E-3 6.19328301E-3 6.06217468E-3 5.74704167E-3
8.4925013 2.49988586E-3 6.19369745E-3 6.06258074E-3 5.86357201E-3
8.4875011 2.50006001E-3 1.03221107E-2 7.01473234E-3 6.1066933E-3
8.482501 2.4998826E-3 8.25827476E-3 6.56419154E-3 6.5547768E-3
8.4775009 2.50004604E-3 8.25773459E-3 6.56376313E-3 7.20524043E-3
8.4725008 2.50020344E-3 1.23858219E-2 7.42752152E-3 7.9931654E-3
8.4675007 2.50001065E-3 1.23867765E-2 7.42809428E-3 8.88090394E-3
8.4625006 2.49981345E-3 8.25850293E-3 6.56437315E-3 9.88279376E-3
8.4575014 2.49995524E-3 1.03225429E-2 7.01502617E-3 1.10420072E-2
8.4525013 2.50009145E-3 1.44507727E-2 7.81143177E-3 1.24242902E-2
8.4475012 2.49987911E-3 1.03228576E-2 7.01524038E-3 1.41186006E-2
8.4425011 2.5000046E-3 1.44512756E-2 7.81170325E-3 1.62313543E-2
8.437501 2.50012451E-3 2.27080584E-2 9.14066937E-3 1.88578237E-2
8.4325008 2.4998968E-3 1.65164545E-2 8.17159843E-3 2.19518561E-2
8.4275007 2.50000623E-3 2.47735996E-2 9.43608675E-3 2.5239408E-2
8.4225006 2.50010984E-3 2.47725714E-2 9.4356956E-3 2.83705033E-2
8.4175005 2.49986723E-3 2.68395562E-2 9.72025376E-3 3.1080367E-2
8.4125013 2.4999606E-3 3.9225582E-2 1.12393619E-2 3.31746116E-2
8.4075012 2.50004791E-3 3.71597782E-2 1.10036852E-2 3.4271203E-2
8.4025011 2.50012986E-3 3.30298319E-2 1.0513139E-2 3.34892869E-2
8.397501 2.49986746E-3 2.68395543E-2 9.72025283E-3 3.02748848E-2
8.3925009 2.50027748E-3 2.68351547E-2 9.71865933E-3 2.55069397E-2
8.3875008 2.5000046E-3 2.47736145E-2 9.43609234E-3 2.07651686E-2
8.3825006 2.4997273E-3 2.06469689E-2 8.83425865E-3 1.68358572E-2
8.3775005 2.50012032E-3 1.65149793E-2 8.17086827E-3 1.37281306E-2
8.3725014 2.49983277E-3 1.65168773E-2 8.17180797E-3 1.12787168E-2
8.3675013 2.50021392E-3 1.44500658E-2 7.81104947E-3 9.34899412E-3
8.3625011 2.49991613E-3 1.0322704E-2 7.01513607E-3 7.90478196E-3
8.357501 2.49994989E-3 6.19353913E-3 6.06242567E-3 6.97391666E-3
8.3525009 2.49997806E-3 2.06448976E-3 4.79555316E-3 6.50914805E-3
8.3475008 2.50000064E-3 4.12894227E-3 5.48800919E-3 6.32694131E-3
NO NO NO NO NO
8.5075006 2.50002579E-3 0 3.85231711E-3 6.93005603E-3
8.5025005 2.49986839E-3 1.23874824E-2 7.4285171E-3 6.9638663E-3
8.4975004 2.50005326E-3 4.12885519E-3 5.48789324E-3 7.01057306E-3
8.4925013 2.49988586E-3 8.25826358E-3 6.56418316E-3 7.09618395E-3
8.4875011 2.50006001E-3 6.19326625E-3 6.06215838E-3 7.28950091E-3
8.482501 2.4998826E-3 8.25827476E-3 6.56419154E-3 7.6968004E-3
8.4775009 2.50004604E-3 4.12886729E-3 5.48790954E-3 8.35345127E-3
8.4725008 2.50020344E-3 8.25721491E-3 6.56334916E-3 9.19501856E-3
8.4675007 2.50001065E-3 6.19338825E-3 6.06227806E-3 1.01592941E-2
8.4625006 2.49981345E-3 1.44523801E-2 7.81230023E-3 1.12473089E-2
8.4575014 2.49995524E-3 4.12901724E-3 5.48810838E-3 1.24958754E-2
8.4525013 2.50009145E-3 2.27083582E-2 9.14078951E-3 1.39680477E-2
8.4475012 2.49987911E-3 1.85811445E-2 8.51119403E-3 1.57604534E-2
8.4425011 2.5000046E-3 1.23868072E-2 7.42811244E-3 1.80044286E-2
8.437501 2.50012451E-3 2.4772428E-2 9.43563972E-3 2.08491962E-2
8.4325008 2.4998968E-3 1.85810123E-2 8.51113349E-3 2.43235156E-2
8.4275007 2.50000623E-3 4.12893333E-2 1.14685595E-2 2.81857457E-2
8.4225006 2.50010984E-3 3.09657156E-2 1.02571389E-2 3.20350341E-2
8.4175005 2.49986723E-3 1.85812302E-2 8.51123407E-3 3.55422758E-2
8.4125013 2.4999606E-3 3.09675653E-2 1.02577517E-2 3.8492199E-2
8.4075012 2.50004791E-3 4.95463684E-2 1.23348515E-2 4.05376889E-2
8.4025011 2.50012986E-3 3.92229222E-2 1.12386001E-2 4.07357737E-2
8.397501 2.49986746E-3 4.74853665E-2 1.21261058E-2 3.80773135E-2
8.3925009 2.50027748E-3 2.47709118E-2 9.4350623E-3 3.29925902E-2
8.3875008 2.5000046E-3 2.89025512E-2 9.99320764E-3 2.72940788E-2
8.3825006 2.4997273E-3 1.6517574E-2 8.17215256E-3 2.22712513E-2
8.3775005 2.50012032E-3 1.85793508E-2 8.5103726E-3 1.81683786E-2
8.3725014 2.49983277E-3 8.25843867E-3 6.56432239E-3 1.48809198E-2
8.3675013 2.50021392E-3 2.06429511E-2 8.83253943E-3 1.22604165E-2
8.3625011 2.49991613E-3 1.44517859E-2 7.81197939E-3 1.02359178E-2
8.357501 2.49994989E-3 8.25805217E-3 6.56401506E-3 8.82855058E-3
8.3525009 2.49997806E-3 6.19346974E-3 6.06235722E-3 8.03167094E-3
8.3475008 2.50000064E-3 4.12894227E-3 5.48800919E-3 7.66583253E-3
NO NO NO NO NO
8.5087509 1.24985829E-3 4.12941165E-3 9.59211029E-3 2.29798281E-3
8.5062504 1.25016749E-3 0 7.70368148E-3 2.29502493E-3
8.5037508 1.24978041E-3 8.2593374E-3 1.09779499E-2 2.29155528E-3
8.5012512 1.25008798E-3 1.23859579E-2 1.21237542E-2 2.28411937E-3
8.4987507 1.25004735E-3 0 7.70442188E-3 2.27406481E-3
8.4962511 1.25000603E-3 0 7.70467613E-3 2.26099696E-3
8.4937506 1.24996423E-3 0 7.70493411E-3 2.24748813E-3
8.491251 1.24992174E-3 0 7.70519581E-3 2.2404457E-3
8.4887505 1.25022512E-3 0 7.70332618E-3 2.25077663E-3
8.4862509 1.24983501E-3 4.12948849E-3 9.59228911E-3 2.29575555E-3
8.4837503 1.25013676E-3 4.12849197E-3 9.58997291E-3 2.38558138E-3
8.4812508 1.24974595E-3 0 7.70627987E-3 2.52153655E-3
8.4787512 1.25004607E-3 0 7.70442933E-3 2.68413126E-3
8.4762506 1.24999986E-3 0 7.70471431E-3 2.85754306E-3
8.4737511 1.24995294E-3 0 7.70500302E-3 3.03399423E-3
8.4712505 1.2502505E-3 0 7.70316971E-3 3.21269454E-3
8.468751 1.24985736E-3 4.12941445E-3 9.59211681E-3 3.39853019E-3
8.4662504 1.25015329E-3 1.23853106E-2 1.21231209E-2 3.59049952E-3
8.4637508 1.24975957E-3 0 7.70619558E-3 3.79606965E-3
8.4612513 1.25005399E-3 0 7.7043809E-3 4.0150038E-3
8.4587507 1.25000323E-3 4.12893249E-3 9.59099736E-3 4.25324496E-3
8.4562511 1.24995213E-3 0 7.70500861E-3 4.51137219E-3
8.4537506 1.25024375E-3 1.23844147E-2 1.21222446E-2 4.78923926E-3
8.451251 1.2498477E-3 4.12944658E-3 9.59219038E-3 5.09305857E-3
8.4487505 1.25013792E-3 8.25697556E-3 1.09748105E-2 5.42204967E-3
8.4462509 1.24974118E-3 4.12979862E-3 9.59300902E-3 5.78935584E-3
8.4437513 1.25002977E-3 8.25768989E-3 1.09757595E-2 6.19851984E-3
8.4412508 1.24997483E-3 8.2580531E-3 1.09762428E-2 6.66767033E-3
8.4387512 1.25026144E-3 4.12807986E-3 9.58901644E-3 7.20901834E-3
8.4362507 1.24986295E-3 8.25879257E-3 1.09772244E-2 7.84059707E-3
8.4337511 1.25014805E-3 8.25690851E-3 1.09747211E-2 8.55214708E-3
8.4312506 1.24974886E-3 8.25954694E-3 1.09782275E-2 9.33141727E-3
8.428751 1.25003245E-3 0 7.70451315E-3 1.01342127E-2
8.4262514 1.24997366E-3 1.65161211E-2 1.31280432E-2 1.09340139E-2
8.4237509 1.25025539E-3 8.25619977E-3 1.09737786E-2 1.1700226E-2
8.4212503 1.24985434E-3 1.65176988E-2 1.31292967E-2 1.24288043E-2
8.4187508 1.25013455E-3 2.06424948E-2 1.40282921E-2 1.31013431E-2
8.4162512 1.2497328E-3 1.23894783E-2 1.21272001E-2 1.37318494E-2
8.4137506 1.2500115E-3 1.65156219E-2 1.31276464E-2 1.43079674E-2
8.4112511 1.24994898E-3 1.23873353E-2 1.21251028E-2 1.48431798E-2
8.4087505 1.25022582E-3 1.65127907E-2 1.31253963E-2 1.53265484E-2
8.406251 1.24982221E-3 4.12953086E-3 9.59238689E-3 1.5740864E-2
8.4037514 1.25009753E-3 2.47717276E-2 1.48550933E-2 1.59582756E-2
8.4012508 1.25003245E-3 2.06441805E-2 1.40294377E-2 1.57837681E-2
8.3987513 1.24996679E-3 2.89033707E-2 1.56238498E-2 1.50539186E-2
8.3962507 1.24990067E-3 1.23878149E-2 1.21255722E-2 1.38424076E-2
8.3937511 1.2501725E-3 1.65134948E-2 1.31259551E-2 1.24159008E-2
8.3912506 1.25010486E-3 4.12859721E-3 9.59021784E-3 1.10280309E-2
8.388751 1.24969846E-3 4.12993971E-3 9.59333684E-3 9.7898487E-3
8.3862505 1.25030614E-3 0 7.70282699E-3 8.71219207E-3
8.3837509 1.24989857E-3 4.12927847E-3 9.59180016E-3 7.78919831E-3
8.3812504 1.24982873E-3 1.65180359E-2 1.31295659E-2 6.98572583E-3
8.3787508 1.25009578E-3 4.12862701E-3 9.59028769E-3 6.28099358E-3
8.3762512 1.25002454E-3 0 7.70456251E-3 5.66072669E-3
8.3737507 1.24995259E-3 0 7.70500535E-3 5.10860374E-3
8.3712511 1.24988018E-3 2.0646695E-2 1.40311467E-2 4.61352384E-3
8.3687506 1.25014386E-3 0 7.70382676E-3 4.16629761E-3
8.366251 1.25006994E-3 4.12871223E-3 9.59048513E-3 3.76399793E-3
8.3637505 1.24999555E-3 0 7.70474086E-3 3.4049172E-3
8.3612509 1.24992058E-3 4.12920536E-3 9.59163159E-3 3.09885642E-3
8.3587503 1.25018088E-3 8.25669151E-3 1.09744323E-2 2.86488072E-3
8.3562508 1.24976889E-3 8.25941376E-3 1.09780505E-2 2.71808379E-3
8.3537512 1.2500278E-3 4.12885193E-3 9.59080923E-3 2.64443294E-3
8.3512506 1.24995026E-3 0 7.70501979E-3 2.61730095E-3
8.3487511 1.25020719E-3 0 7.70343654E-3 2.61017121E-3
NO NO NO NO NO
8.5087509 1.24985829E-3 4.12941165E-3 9.59211029E-3 2.16831593E-3
8.5062504 1.25016749E-3 0 7.70368148E-3 2.1707667E-3
8.5037508 1.24978041E-3 4.1296687E-3 9.5927082E-3 2.17451341E-3
8.5012512 1.25008798E-3 0 7.70417089E-3 2.17716722E-3
8.4987507 1.25004735E-3 4.1287872E-3 9.59065929E-3 2.18054629E-3
8.4962511 1.25000603E-3 0 7.70467613E-3 2.18410441E-3
8.4937506 1.24996423E-3 0 7.70493411E-3 2.18834192E-3
8.491251 1.24992174E-3 0 7.70519581E-3 2.1955485E-3
8.4887505 1.25022512E-3 0 7.70332618E-3 2.2113421E-3
8.4862509 1.24983501E-3 8.25897697E-3 1.09774703E-2 2.24903855E-3
8.4837503 1.25013676E-3 0 7.70387053E-3 2.31935829E-3
8.4812508 1.24974595E-3 4.12978278E-3 9.5929727E-3 2.42763176E-3
8.4787512 1.25004607E-3 0 7.70442933E-3 2.56043789E-3
8.4762506 1.24999986E-3 0 7.70471431E-3 2.7054816E-3
8.4737511 1.24995294E-3 4.12909873E-3 9.59138293E-3 2.85497913E-3
8.4712505 1.2502505E-3 0 7.70316971E-3 3.00772302E-3
8.468751 1.24985736E-3 0 7.70559255E-3 3.16797383E-3
8.4662504 1.25015329E-3 0 7.70376856E-3 3.33429454E-3
8.4637508 1.24975957E-3 0 7.70619558E-3 3.51229566E-3
8.4612513 1.25005399E-3 1.23862959E-2 1.21240849E-2 3.70028405E-3
8.4587507 1.25000323E-3 4.12893249E-3 9.59099736E-3 3.90343694E-3
8.4562511 1.24995213E-3 0 7.70500861E-3 4.12344374E-3
8.4537506 1.25024375E-3 4.12813853E-3 9.58915241E-3 4.3622735E-3
8.451251 1.2498477E-3 4.12944658E-3 9.59219038E-3 4.62758355E-3
8.4487505 1.25013792E-3 4.12848778E-3 9.58996452E-3 4.91962489E-3
8.4462509 1.24974118E-3 8.25959723E-3 1.09782945E-2 5.25056385E-3
8.4437513 1.25002977E-3 1.65153798E-2 1.31274546E-2 5.62386401E-3
8.4412508 1.24997483E-3 1.23870801E-2 1.21248523E-2 6.0553723E-3
8.4387512 1.25026144E-3 1.65123194E-2 1.31250219E-2 6.55430043E-3
8.4362507 1.24986295E-3 4.12939629E-3 9.59207397E-3 7.13496981E-3
8.4337511 1.25014805E-3 8.25690851E-3 1.09747211E-2 7.786965E-3
8.4312506 1.24974886E-3 0 7.70626217E-3 8.4983306E-3
8.428751 1.25003245E-3 1.65153444E-2 1.31274266E-2 9.22740437E-3
8.4262514 1.24997366E-3 1.65161211E-2 1.31280432E-2 9.94875655E-3
8.4237509 1.25025539E-3 8.25619977E-3 1.09737786E-2 1.06348498E-2
8.4212503 1.24985434E-3 2.06471235E-2 1.40314372E-2 1.12839527E-2
8.4187508 1.25013455E-3 1.23854969E-2 1.21233026E-2 1.18815741E-2
8.4162512 1.2497328E-3 8.25965218E-3 1.09783681E-2 1.24419341E-2
8.4137506 1.2500115E-3 2.47734319E-2 1.48561159E-2 1.29545722E-2
8.4112511 1.24994898E-3 1.23873353E-2 1.21251028E-2 1.34314876E-2
8.4087505 1.25022582E-3 1.23845926E-2 1.21224178E-2 1.38582131E-2
8.406251 1.24982221E-3 1.65181234E-2 1.31296348E-2 1.42054055E-2
8.4037514 1.25009753E-3 4.12862143E-3 9.59027465E-3 1.43562285E-2
8.4012508 1.25003245E-3 8.25767219E-3 1.09757362E-2 1.41509892E-2
8.3987513 1.24996679E-3 1.65162124E-2 1.31281158E-2 1.34518789E-2
8.3962507 1.24990067E-3 0 7.70532573E-3 1.23263067E-2
8.3937511 1.2501725E-3 4.12837369E-3 9.5896991E-3 1.10176271E-2
8.3912506 1.25010486E-3 4.12859721E-3 9.59021784E-3 9.76679567E-3
8.388751 1.24969846E-3 8.25987943E-3 1.09786699E-2 8.67090467E-3
8.3862505 1.25030614E-3 0 7.70282699E-3 7.72200478E-3
8.3837509 1.24989857E-3 1.23878345E-2 1.21255917E-2 6.9088391E-3
8.3812504 1.24982873E-3 8.25901795E-3 1.09775243E-2 6.19918387E-3
8.3787508 1.25009578E-3 0 7.70412292E-3 5.5750832E-3
8.3762512 1.25002454E-3 4.12886264E-3 9.59083438E-3 5.02507482E-3
8.3737507 1.24995259E-3 1.23872999E-2 1.21250674E-2 4.53578075E-3
8.3712511 1.24988018E-3 0 7.70545192E-3 4.0979567E-3
8.3687506 1.25014386E-3 4.12846822E-3 9.58991889E-3 3.70332249E-3
8.366251 1.25006994E-3 4.12871223E-3 9.59048513E-3 3.34916846E-3
8.3637505 1.24999555E-3 4.1289581E-3 9.59105603E-3 3.03475116E-3
8.3612509 1.24992058E-3 0 7.70520279E-3 2.76821596E-3
8.3587503 1.25018088E-3 0 7.70359812E-3 2.56543187E-3
8.3562508 1.24976889E-3 0 7.70613784E-3 2.43992079E-3
8.3537512 1.2500278E-3 4.12885193E-3 9.59080923E-3 2.37966771E-3
8.3512506 1.24995026E-3 4.12910758E-3 9.59140435E-3 2.36038677E-3
8.3487511 1.25020719E-3 0 7.70343654E-3 2.35653832E-3
