READ SERR 1 2
@MgXII_pow.pco
!
8.5075006 2.50002579E-3 4.12890082E-3 5.48795378E-3 5.56345982E-3
8.5025005 2.49986839E-3 6.19374122E-3 6.06262311E-3 5.5691232E-3
8.4975004 2.50005326E-3 6.19328301E-3 6.06217468E-3 5.57750463E-3
8.4925013 2.49988586E-3 6.19369745E-3 6.06258074E-3 5.59192756E-3
8.4875011 2.50006001E-3 1.03221107E-2 7.01473234E-3 5.61139267E-3
8.482501 2.4998826E-3 8.25827476E-3 6.56419154E-3 5.63630695E-3
8.4775009 2.50004604E-3 8.25773459E-3 6.56376313E-3 5.66350669E-3
8.4725008 2.50020344E-3 1.23858219E-2 7.42752152E-3 5.69210993E-3
8.4675007 2.50001065E-3 1.23867765E-2 7.42809428E-3 5.72002446E-3
8.4625006 2.49981345E-3 8.25850293E-3 6.56437315E-3 5.74471708E-3
8.4575014 2.49995524E-3 1.03225429E-2 7.01502617E-3 5.76621527E-3
8.4525013 2.50009145E-3 1.44507727E-2 7.81143177E-3 5.78634394E-3
8.4475012 2.49987911E-3 1.03228576E-2 7.01524038E-3 5.80587983E-3
8.4425011 2.5000046E-3 1.44512756E-2 7.81170325E-3 5.82228322E-3
8.437501 2.50012451E-3 2.27080584E-2 9.14066937E-3 5.83617715E-3
8.4325008 2.4998968E-3 1.65164545E-2 8.17159843E-3 5.85001288E-3
8.4275007 2.50000623E-3 2.47735996E-2 9.43608675E-3 5.8636209E-3
8.4225006 2.50010984E-3 2.47725714E-2 9.4356956E-3 5.87731088E-3
8.4175005 2.49986723E-3 2.68395562E-2 9.72025376E-3 5.89074055E-3
8.4125013 2.4999606E-3 3.9225582E-2 1.12393619E-2 5.9024659E-3
8.4075012 2.50004791E-3 3.71597782E-2 1.10036852E-2 5.91364782E-3
8.4025011 2.50012986E-3 3.30298319E-2 1.0513139E-2 5.92365162E-3
8.397501 2.49986746E-3 2.68395543E-2 9.72025283E-3 5.9338673E-3
8.3925009 2.50027748E-3 2.68351547E-2 9.71865933E-3 5.94313629E-3
8.3875008 2.5000046E-3 2.47736145E-2 9.43609234E-3 5.95415337E-3
8.3825006 2.4997273E-3 2.06469689E-2 8.83425865E-3 5.96518582E-3
8.3775005 2.50012032E-3 1.65149793E-2 8.17086827E-3 5.97562036E-3
8.3725014 2.49983277E-3 1.65168773E-2 8.17180797E-3 5.9882896E-3
8.3675013 2.50021392E-3 1.44500658E-2 7.81104947E-3 5.99911995E-3
8.3625011 2.49991613E-3 1.0322704E-2 7.01513607E-3 6.01125835E-3
8.357501 2.49994989E-3 6.19353913E-3 6.06242567E-3 6.02167705E-3
8.3525009 2.49997806E-3 2.06448976E-3 4.79555316E-3 6.03189692E-3
8.3475008 2.50000064E-3 4.12894227E-3 5.48800919E-3 6.04334101E-3
NO NO NO NO NO
8.5075006 2.50002579E-3 0 3.85231711E-3 6.84155663E-3
8.5025005 2.49986839E-3 1.23874824E-2 7.4285171E-3 6.85205497E-3
8.4975004 2.50005326E-3 4.12885519E-3 5.48789324E-3 6.86186599E-3
8.4925013 2.49988586E-3 8.25826358E-3 6.56418316E-3 6.87279459E-3
8.4875011 2.50006001E-3 6.19326625E-3 6.06215838E-3 6.88282261E-3
8.482501 2.4998826E-3 8.25827476E-3 6.56419154E-3 6.8937866E-3
8.4775009 2.50004604E-3 4.12886729E-3 5.48790954E-3 6.9035124E-3
8.4725008 2.50020344E-3 8.25721491E-3 6.56334916E-3 6.91266032E-3
8.4675007 2.50001065E-3 6.19338825E-3 6.06227806E-3 6.9222278E-3
8.4625006 2.49981345E-3 1.44523801E-2 7.81230023E-3 6.93166349E-3
8.4575014 2.49995524E-3 4.12901724E-3 5.48810838E-3 6.94031548E-3
8.4525013 2.50009145E-3 2.27083582E-2 9.14078951E-3 6.94925105E-3
8.4475012 2.49987911E-3 1.85811445E-2 8.51119403E-3 6.95955334E-3
8.4425011 2.5000046E-3 1.23868072E-2 7.42811244E-3 6.96926191E-3
8.437501 2.50012451E-3 2.4772428E-2 9.43563972E-3 6.97896164E-3
8.4325008 2.4998968E-3 1.85810123E-2 8.51113349E-3 6.98941108E-3
8.4275007 2.50000623E-3 4.12893333E-2 1.14685595E-2 6.99879741E-3
8.4225006 2.50010984E-3 3.09657156E-2 1.02571389E-2 7.00791832E-3
8.4175005 2.49986723E-3 1.85812302E-2 8.51123407E-3 7.01740803E-3
8.4125013 2.4999606E-3 3.09675653E-2 1.02577517E-2 7.0254067E-3
8.4075012 2.50004791E-3 4.95463684E-2 1.23348515E-2 7.03313621E-3
8.4025011 2.50012986E-3 3.92229222E-2 1.12386001E-2 7.0407996E-3
8.397501 2.49986746E-3 4.74853665E-2 1.21261058E-2 7.04976544E-3
8.3925009 2.50027748E-3 2.47709118E-2 9.4350623E-3 7.05763884E-3
8.3875008 2.5000046E-3 2.89025512E-2 9.99320764E-3 7.06821401E-3
8.3825006 2.4997273E-3 1.6517574E-2 8.17215256E-3 7.07950583E-3
8.3775005 2.50012032E-3 1.85793508E-2 8.5103726E-3 7.09003024E-3
8.3725014 2.49983277E-3 8.25843867E-3 6.56432239E-3 7.10382406E-3
8.3675013 2.50021392E-3 2.06429511E-2 8.83253943E-3 7.11652217E-3
8.3625011 2.49991613E-3 1.44517859E-2 7.81197939E-3 7.13116815E-3
8.357501 2.49994989E-3 8.25805217E-3 6.56401506E-3 7.14439107E-3
8.3525009 2.49997806E-3 6.19346974E-3 6.06235722E-3 7.1570212E-3
8.3475008 2.50000064E-3 4.12894227E-3 5.48800919E-3 7.16916239E-3
NO NO NO NO NO
8.5087509 1.24985829E-3 4.12941165E-3 9.59211029E-3 2.29568221E-3
8.5062504 1.25016749E-3 0 7.70368148E-3 2.29244144E-3
8.5037508 1.24978041E-3 8.2593374E-3 1.09779499E-2 2.28863209E-3
8.5012512 1.25008798E-3 1.23859579E-2 1.21237542E-2 2.28078896E-3
8.4987507 1.25004735E-3 0 7.70442188E-3 2.27023894E-3
8.4962511 1.25000603E-3 0 7.70467613E-3 2.25653732E-3
8.4937506 1.24996423E-3 0 7.70493411E-3 2.24196329E-3
8.491251 1.24992174E-3 0 7.70519581E-3 2.23181839E-3
8.4887505 1.25022512E-3 0 7.70332618E-3 2.23106681E-3
8.4862509 1.24983501E-3 4.12948849E-3 9.59228911E-3 2.24375632E-3
8.4837503 1.25013676E-3 4.12849197E-3 9.58997291E-3 2.2651623E-3
8.4812508 1.24974595E-3 0 7.70627987E-3 2.29290174E-3
8.4787512 1.25004607E-3 0 7.70442933E-3 2.31869891E-3
8.4762506 1.24999986E-3 0 7.70471431E-3 2.34085904E-3
8.4737511 1.24995294E-3 0 7.70500302E-3 2.3586757E-3
8.4712505 1.2502505E-3 0 7.70316971E-3 2.3731559E-3
8.468751 1.24985736E-3 4.12941445E-3 9.59211681E-3 2.38718931E-3
8.4662504 1.25015329E-3 1.23853106E-2 1.21231209E-2 2.39871931E-3
8.4637508 1.24975957E-3 0 7.70619558E-3 2.41140625E-3
8.4612513 1.25005399E-3 0 7.7043809E-3 2.42357864E-3
8.4587507 1.25000323E-3 4.12893249E-3 9.59099736E-3 2.43732519E-3
8.4562511 1.24995213E-3 0 7.70500861E-3 2.4511565E-3
8.4537506 1.25024375E-3 1.23844147E-2 1.21222446E-2 2.46311817E-3
8.451251 1.2498477E-3 4.12944658E-3 9.59219038E-3 2.4742526E-3
8.4487505 1.25013792E-3 8.25697556E-3 1.09748105E-2 2.48161727E-3
8.4462509 1.24974118E-3 4.12979862E-3 9.59300902E-3 2.48828996E-3
8.4437513 1.25002977E-3 8.25768989E-3 1.09757595E-2 2.49185227E-3
8.4412508 1.24997483E-3 8.2580531E-3 1.09762428E-2 2.494863E-3
8.4387512 1.25026144E-3 4.12807986E-3 9.58901644E-3 2.49649351E-3
8.4362507 1.24986295E-3 8.25879257E-3 1.09772244E-2 2.499155E-3
8.4337511 1.25014805E-3 8.25690851E-3 1.09747211E-2 2.50016106E-3
8.4312506 1.24974886E-3 8.25954694E-3 1.09782275E-2 2.50241603E-3
8.428751 1.25003245E-3 0 7.70451315E-3 2.50353827E-3
8.4262514 1.24997366E-3 1.65161211E-2 1.31280432E-2 2.50589545E-3
8.4237509 1.25025539E-3 8.25619977E-3 1.09737786E-2 2.50810315E-3
8.4212503 1.24985434E-3 1.65176988E-2 1.31292967E-2 2.51201075E-3
8.4187508 1.25013455E-3 2.06424948E-2 1.40282921E-2 2.51459447E-3
8.4162512 1.2497328E-3 1.23894783E-2 1.21272001E-2 2.51844293E-3
8.4137506 1.2500115E-3 1.65156219E-2 1.31276464E-2 2.52071023E-3
8.4112511 1.24994898E-3 1.23873353E-2 1.21251028E-2 2.52337288E-3
8.4087505 1.25022582E-3 1.65127907E-2 1.31253963E-2 2.52502598E-3
8.406251 1.24982221E-3 4.12953086E-3 9.59238689E-3 2.52800365E-3
8.4037514 1.25009753E-3 2.47717276E-2 1.48550933E-2 2.52990425E-3
8.4012508 1.25003245E-3 2.06441805E-2 1.40294377E-2 2.53297668E-3
8.3987513 1.24996679E-3 2.89033707E-2 1.56238498E-2 2.53640837E-3
8.3962507 1.24990067E-3 1.23878149E-2 1.21255722E-2 2.53989431E-3
8.3937511 1.2501725E-3 1.65134948E-2 1.31259551E-2 2.54235626E-3
8.3912506 1.25010486E-3 4.12859721E-3 9.59021784E-3 2.54498119E-3
8.388751 1.24969846E-3 4.12993971E-3 9.59333684E-3 2.54786713E-3
8.3862505 1.25030614E-3 0 7.70282699E-3 2.5485917E-3
8.3837509 1.24989857E-3 4.12927847E-3 9.59180016E-3 2.55167414E-3
8.3812504 1.24982873E-3 1.65180359E-2 1.31295659E-2 2.5546921E-3
8.3787508 1.25009578E-3 4.12862701E-3 9.59028769E-3 2.55769421E-3
8.3762512 1.25002454E-3 0 7.70456251E-3 2.56166048E-3
8.3737507 1.24995259E-3 0 7.70500535E-3 2.5653108E-3
8.3712511 1.24988018E-3 2.0646695E-2 1.40311467E-2 2.56825727E-3
8.3687506 1.25014386E-3 0 7.70382676E-3 2.56983307E-3
8.366251 1.25006994E-3 4.12871223E-3 9.59048513E-3 2.57178256E-3
8.3637505 1.24999555E-3 0 7.70474086E-3 2.57399492E-3
8.3612509 1.24992058E-3 4.12920536E-3 9.59163159E-3 2.57702521E-3
8.3587503 1.25018088E-3 8.25669151E-3 1.09744323E-2 2.58026388E-3
8.3562508 1.24976889E-3 8.25941376E-3 1.09780505E-2 2.58534076E-3
8.3537512 1.2500278E-3 4.12885193E-3 9.59080923E-3 2.58898735E-3
8.3512506 1.24995026E-3 0 7.70501979E-3 2.59317365E-3
8.3487511 1.25020719E-3 0 7.70343654E-3 2.59664003E-3
NO NO NO NO NO
8.5087509 1.24985829E-3 4.12941165E-3 9.59211029E-3 2.16609007E-3
8.5062504 1.25016749E-3 0 7.70368148E-3 2.16825935E-3
8.5037508 1.24978041E-3 4.1296687E-3 9.5927082E-3 2.17166403E-3
8.5012512 1.25008798E-3 0 7.70417089E-3 2.17390154E-3
8.4987507 1.25004735E-3 4.1287872E-3 9.59065929E-3 2.1767565E-3
8.4962511 1.25000603E-3 0 7.70467613E-3 2.17959285E-3
8.4937506 1.24996423E-3 0 7.70493411E-3 2.18241545E-3
8.491251 1.24992174E-3 0 7.70519581E-3 2.18525971E-3
8.4887505 1.25022512E-3 0 7.70332618E-3 2.1874886E-3
8.4862509 1.24983501E-3 8.25897697E-3 1.09774703E-2 2.19090492E-3
8.4837503 1.25013676E-3 0 7.70387053E-3 2.19307025E-3
8.4812508 1.24974595E-3 4.12978278E-3 9.5929727E-3 2.19645514E-3
8.4787512 1.25004607E-3 0 7.70442933E-3 2.19865446E-3
8.4762506 1.24999986E-3 0 7.70471431E-3 2.2014901E-3
8.4737511 1.24995294E-3 4.12909873E-3 9.59138293E-3 2.20434205E-3
8.4712505 1.2502505E-3 0 7.70316971E-3 2.20655766E-3
8.468751 1.24985736E-3 0 7.70559255E-3 2.20996328E-3
8.4662504 1.25015329E-3 0 7.70376856E-3 2.21212581E-3
8.4637508 1.24975957E-3 0 7.70619558E-3 2.21553654E-3
8.4612513 1.25005399E-3 1.23862959E-2 1.21240849E-2 2.21777498E-3
8.4587507 1.25000323E-3 4.12893249E-3 9.59099736E-3 2.22065509E-3
8.4562511 1.24995213E-3 0 7.70500861E-3 2.22354382E-3
8.4537506 1.25024375E-3 4.12813853E-3 9.58915241E-3 2.22578365E-3
8.451251 1.2498477E-3 4.12944658E-3 9.59219038E-3 2.22921837E-3
8.4487505 1.25013792E-3 4.12848778E-3 9.58996452E-3 2.23141653E-3
8.4462509 1.24974118E-3 8.25959723E-3 1.09782945E-2 2.23489385E-3
8.4437513 1.25002977E-3 1.65153798E-2 1.31274546E-2 2.23722379E-3
8.4412508 1.24997483E-3 1.23870801E-2 1.21248523E-2 2.24023825E-3
8.4387512 1.25026144E-3 1.65123194E-2 1.31250219E-2 2.24263105E-3
8.4362507 1.24986295E-3 4.12939629E-3 9.59207397E-3 2.24621524E-3
8.4337511 1.25014805E-3 8.25690851E-3 1.09747211E-2 2.24853284E-3
8.4312506 1.24974886E-3 0 7.70626217E-3 2.25208374E-3
8.428751 1.25003245E-3 1.65153444E-2 1.31274266E-2 2.25438969E-3
8.4262514 1.24997366E-3 1.65161211E-2 1.31280432E-2 2.25726049E-3
8.4237509 1.25025539E-3 8.25619977E-3 1.09737786E-2 2.25939695E-3
8.4212503 1.24985434E-3 2.06471235E-2 1.40314372E-2 2.26266775E-3
8.4187508 1.25013455E-3 1.23854969E-2 1.21233026E-2 2.26465613E-3
8.4162512 1.2497328E-3 8.25965218E-3 1.09783681E-2 2.26791459E-3
8.4137506 1.2500115E-3 2.47734319E-2 1.48561159E-2 2.26999889E-3
8.4112511 1.24994898E-3 1.23873353E-2 1.21251028E-2 2.27275235E-3
8.4087505 1.25022582E-3 1.23845926E-2 1.21224178E-2 2.27486854E-3
8.406251 1.24982221E-3 1.65181234E-2 1.31296348E-2 2.27819453E-3
8.4037514 1.25009753E-3 4.12862143E-3 9.59027465E-3 2.2802793E-3
8.4012508 1.25003245E-3 8.25767219E-3 1.09757362E-2 2.28299457E-3
8.3987513 1.24996679E-3 1.65162124E-2 1.31281158E-2 2.2857103E-3
8.3962507 1.24990067E-3 0 7.70532573E-3 2.28843791E-3
8.3937511 1.2501725E-3 4.12837369E-3 9.5896991E-3 2.29054992E-3
8.3912506 1.25010486E-3 4.12859721E-3 9.59021784E-3 2.29324237E-3
8.388751 1.24969846E-3 8.25987943E-3 1.09786699E-2 2.2965509E-3
8.3862505 1.25030614E-3 0 7.70282699E-3 2.2980154E-3
8.3837509 1.24989857E-3 1.23878345E-2 1.21255917E-2 2.30138493E-3
8.3812504 1.24982873E-3 8.25901795E-3 1.09775243E-2 2.30424153E-3
8.3787508 1.25009578E-3 0 7.70412292E-3 2.30667926E-3
8.3762512 1.25002454E-3 4.12886264E-3 9.59083438E-3 2.30994867E-3
8.3737507 1.24995259E-3 1.23872999E-2 1.21250674E-2 2.31335731E-3
8.3712511 1.24988018E-3 0 7.70545192E-3 2.31686491E-3
8.3687506 1.25014386E-3 4.12846822E-3 9.58991889E-3 2.31979205E-3
8.366251 1.25006994E-3 4.12871223E-3 9.59048513E-3 2.32332223E-3
8.3637505 1.24999555E-3 4.1289581E-3 9.59105603E-3 2.32679932E-3
8.3612509 1.24992058E-3 0 7.70520279E-3 2.33026012E-3
8.3587503 1.25018088E-3 0 7.70359812E-3 2.33307714E-3
8.3562508 1.24976889E-3 0 7.70613784E-3 2.33714608E-3
8.3537512 1.2500278E-3 4.12885193E-3 9.59080923E-3 2.33997195E-3
8.3512506 1.24995026E-3 4.12910758E-3 9.59140435E-3 2.34345137E-3
8.3487511 1.25020719E-3 0 7.70343654E-3 2.34627747E-3
