READ SERR 1 2
@MgXI_pow.pco
!
7.917501 2.50010751E-3 0 3.85219092E-3 6.06630417E-3
7.9125009 2.4999606E-3 4.12900839E-3 5.48809674E-3 6.08813576E-3
7.9075007 2.50010868E-3 1.23862913E-2 7.42780324E-3 6.12240611E-3
7.9025006 2.49995012E-3 1.85806155E-2 8.51095188E-3 6.15782058E-3
7.897501 2.49978621E-3 8.25859234E-3 6.56444486E-3 6.18777657E-3
7.8925009 2.50021555E-3 1.23857623E-2 7.42748566E-3 6.21354859E-3
7.8875008 2.50003953E-3 2.06443924E-3 4.79543535E-3 6.24078047E-3
7.8825006 2.49985792E-3 1.03229452E-2 7.01529952E-3 6.26798114E-3
7.877501 2.49996921E-3 1.23869823E-2 7.42821768E-3 6.2993872E-3
7.8725009 2.50007398E-3 4.12882119E-3 5.48784807E-3 6.33823266E-3
7.8675008 2.49987515E-3 4.12914949E-3 5.48828486E-3 6.3824621E-3
7.8625007 2.50026491E-3 2.68352889E-2 9.71870869E-3 6.42621517E-3
7.8575006 2.4997571E-3 1.85820498E-2 8.5116094E-3 6.47069328E-3
7.8525009 2.50013405E-3 1.6514888E-2 8.17082357E-3 6.51140884E-3
7.8475008 2.4999117E-3 1.4451812E-2 7.81199336E-3 6.54706405E-3
7.8425007 2.49997969E-3 2.68383492E-2 9.71981697E-3 6.56348234E-3
7.837501 2.50004139E-3 1.65155008E-2 8.17112625E-3 6.55417657E-3
7.8325009 2.50009657E-3 1.23863518E-2 7.4278391E-3 6.52032252E-3
7.8275008 2.49985117E-3 1.85813513E-2 8.51128902E-3 6.47220155E-3
7.8225007 2.50018854E-3 2.4771791E-2 9.43539757E-3 6.40881853E-3
7.8175006 2.49993149E-3 8.25811364E-3 6.56406349E-3 6.32432336E-3
NO NO NO NO NO
7.917501 2.50010751E-3 4.12876578E-3 5.4877745E-3 6.78715296E-3
7.9125009 2.4999606E-3 1.03225205E-2 7.01501127E-3 6.80161733E-3
7.9075007 2.50010868E-3 6.19314564E-3 6.06204057E-3 6.83581643E-3
7.9025006 2.49995012E-3 8.25805124E-3 6.56401413E-3 6.87578507E-3
7.897501 2.49978621E-3 2.06464808E-3 4.79592104E-3 6.91100676E-3
7.8925009 2.50021555E-3 6.19288115E-3 6.0617812E-3 6.94014318E-3
7.8875008 2.50003953E-3 1.23866349E-2 7.42800906E-3 6.97009312E-3
7.8825006 2.49985792E-3 4.12917789E-3 5.48832258E-3 6.99959323E-3
7.877501 2.49996921E-3 1.44514795E-2 7.81181362E-3 7.03243958E-3
7.8725009 2.50007398E-3 1.65152848E-2 8.17101914E-3 7.07485015E-3
7.8675008 2.49987515E-3 1.65165979E-2 8.17167014E-3 7.12519558E-3
7.8625007 2.50026491E-3 1.65140238E-2 8.17039609E-3 7.1762451E-3
7.8575006 2.4997571E-3 1.23880338E-2 7.42884772E-3 7.2290278E-3
7.8525009 2.50013405E-3 1.44505268E-2 7.81129859E-3 7.27785705E-3
7.8475008 2.4999117E-3 1.4451812E-2 7.81199336E-3 7.32516265E-3
7.8425007 2.49997969E-3 1.85803957E-2 8.5108513E-3 7.35710468E-3
7.837501 2.50004139E-3 2.06443761E-2 8.83314945E-3 7.36657903E-3
7.8325009 2.50009657E-3 1.23863518E-2 7.4278391E-3 7.3563233E-3
7.8275008 2.49985117E-3 8.25837813E-3 6.56427443E-3 7.34086661E-3
7.8225007 2.50018854E-3 1.65145267E-2 8.17064475E-3 7.32985884E-3
7.8175006 2.49993149E-3 1.85807552E-2 8.51101615E-3 7.32102152E-3
NO NO NO NO NO
7.9187508 1.25014712E-3 0 7.70380627E-3 2.56353221E-3
7.9162507 1.24996039E-3 4.12907405E-3 9.59132612E-3 2.56501581E-3
7.9137506 1.25007425E-3 4.12869779E-3 9.59045254E-3 2.57037836E-3
7.9112506 1.24988635E-3 0 7.70541374E-3 2.57978053E-3
7.9087505 1.24999869E-3 4.12894785E-3 9.59103275E-3 2.59013171E-3
7.9062505 1.25010998E-3 4.12857998E-3 9.5901778E-3 2.60028173E-3
7.9037504 1.24992023E-3 0 7.70520512E-3 2.60984967E-3
7.9012508 1.25003001E-3 4.12884401E-3 9.59079247E-3 2.61706463E-3
7.8987508 1.24983897E-3 4.12947498E-3 9.59225744E-3 2.62347492E-3
7.8962512 1.24994735E-3 0 7.70503841E-3 2.62843794E-3
7.8937511 1.25005457E-3 0 7.70437671E-3 2.63321702E-3
7.8912506 1.25016097E-3 4.12841188E-3 9.58978757E-3 2.63874419E-3
7.8887506 1.24996726E-3 0 7.70491501E-3 2.64628371E-3
7.8862505 1.25007215E-3 4.12870524E-3 9.5904693E-3 2.65378808E-3
7.8837504 1.24987727E-3 0 7.70546962E-3 2.66095786E-3
7.8812509 1.24998065E-3 0 7.70483306E-3 2.66610063E-3
7.8787508 1.25008298E-3 0 7.70420209E-3 2.67168274E-3
7.8762507 1.24988623E-3 4.12931899E-3 9.59189516E-3 2.68012634E-3
7.8737507 1.24998705E-3 8.25797208E-3 1.09761348E-2 2.68949824E-3
7.8712506 1.25008693E-3 1.23859681E-2 1.21237645E-2 2.69829994E-3
7.868751 1.24988833E-3 0 7.70540163E-3 2.70719919E-3
7.866251 1.2499867E-3 8.25797394E-3 1.09761376E-2 2.71748682E-3
7.8637509 1.25008414E-3 8.2573304E-3 1.09752817E-2 2.73052324E-3
7.8612504 1.25018065E-3 8.25669337E-3 1.09744351E-2 2.74417596E-3
7.8587503 1.24997937E-3 8.2580233E-3 1.09762019E-2 2.75705452E-3
7.8562508 1.24977774E-3 1.23890331E-2 1.21267643E-2 2.76864623E-3
7.8537507 1.25016866E-3 1.23851597E-2 1.21229729E-2 2.77921092E-3
7.8512506 1.24996551E-3 8.25811457E-3 1.09763239E-2 2.79195071E-3
7.8487506 1.25005806E-3 4.12875181E-3 9.59057733E-3 2.80452869E-3
7.8462505 1.24985375E-3 8.25885311E-3 1.09773055E-2 2.81646522E-3
7.843751 1.24994479E-3 8.25825147E-3 1.09765055E-2 2.82495539E-3
7.8412509 1.2500349E-3 1.23864841E-2 1.21242693E-2 2.82981759E-3
7.8387508 1.25012407E-3 0 7.7039483E-3 2.83114216E-3
7.8362508 1.2499172E-3 1.65168662E-2 1.31286364E-2 2.83028907E-3
7.8337507 1.25000498E-3 4.1289269E-3 9.59098432E-3 2.82721338E-3
7.8312507 1.25009171E-3 1.23859216E-2 1.21237189E-2 2.82282592E-3
7.8287506 1.24988297E-3 4.12933016E-3 9.5919203E-3 2.81843217E-3
7.826251 1.24996831E-3 4.12904844E-3 9.59126558E-3 2.81447009E-3
7.823751 1.25005259E-3 1.2386309E-2 1.21240979E-2 2.81229918E-3
7.8212504 1.25013606E-3 1.2385482E-2 1.21232886E-2 2.81032361E-3
7.8187504 1.24992477E-3 8.25838372E-3 1.09766815E-2 2.80796806E-3
NO NO NO NO NO
7.9187508 1.25014712E-3 0 7.70380627E-3 2.44383747E-3
7.9162507 1.24996039E-3 0 7.70495739E-3 2.44745472E-3
7.9137506 1.25007425E-3 8.25739559E-3 1.09753693E-2 2.45472207E-3
7.9112506 1.24988635E-3 8.25863704E-3 1.09770186E-2 2.46544438E-3
7.9087505 1.24999869E-3 1.65157914E-2 1.31277805E-2 2.47672293E-3
7.9062505 1.25010998E-3 0 7.70403538E-3 2.48766248E-3
7.9037504 1.24992023E-3 4.12920676E-3 9.59163439E-3 2.49793008E-3
7.9012508 1.25003001E-3 4.12884401E-3 9.59079247E-3 2.50590965E-3
7.8987508 1.24983897E-3 0 7.70570571E-3 2.51289597E-3
7.8962512 1.24994735E-3 0 7.70503841E-3 2.51826271E-3
7.8937511 1.25005457E-3 4.12876299E-3 9.59060341E-3 2.52334727E-3
7.8912506 1.25016097E-3 0 7.70372152E-3 2.52894405E-3
7.8887506 1.24996726E-3 8.25810246E-3 1.0976308E-2 2.53650243E-3
7.8862505 1.25007215E-3 4.12870524E-3 9.5904693E-3 2.54432065E-3
7.8837504 1.24987727E-3 4.12934879E-3 9.59196407E-3 2.55225715E-3
7.8812509 1.24998065E-3 0 7.70483306E-3 2.55850935E-3
7.8787508 1.25008298E-3 8.25733878E-3 1.09752929E-2 2.56481697E-3
7.8762507 1.24988623E-3 0 7.70541467E-3 2.57356116E-3
7.8737507 1.24998705E-3 8.25797208E-3 1.09761348E-2 2.58297636E-3
7.8712506 1.25008693E-3 0 7.70417741E-3 2.59167864E-3
7.868751 1.24988833E-3 4.129312E-3 9.59187932E-3 2.60002702E-3
7.866251 1.2499867E-3 1.23869618E-2 1.21247368E-2 2.6088797E-3
7.8637509 1.25008414E-3 0 7.70419464E-3 2.62008072E-3
7.8612504 1.25018065E-3 8.25669337E-3 1.09744351E-2 2.63174297E-3
7.8587503 1.24997937E-3 4.12901165E-3 9.59118083E-3 2.64289114E-3
7.8562508 1.24977774E-3 0 7.70608336E-3 2.65333685E-3
7.8537507 1.25016866E-3 0 7.70367403E-3 2.6633644E-3
7.8512506 1.24996551E-3 4.12905728E-3 9.591287E-3 2.67571653E-3
7.8487506 1.25005806E-3 1.65150072E-2 1.31271575E-2 2.68770056E-3
7.8462505 1.24985375E-3 2.06471328E-2 1.40314437E-2 2.69891159E-3
7.843751 1.24994479E-3 4.12912574E-3 9.59144626E-3 2.70678289E-3
7.8412509 1.2500349E-3 8.25765636E-3 1.09757148E-2 2.71134428E-3
7.8387508 1.25012407E-3 0 7.7039483E-3 2.71288329E-3
7.8362508 1.2499172E-3 1.23876501E-2 1.21254111E-2 2.71286862E-3
7.8337507 1.25000498E-3 8.2578538E-3 1.09759774E-2 2.71128141E-3
7.8312507 1.25009171E-3 0 7.70414807E-3 2.70908931E-3
7.8287506 1.24988297E-3 2.477598E-2 1.48576433E-2 2.7069666E-3
7.826251 1.24996831E-3 4.12904844E-3 9.59126558E-3 2.70507415E-3
7.823751 1.25005259E-3 4.12876951E-3 9.59061831E-3 2.70473282E-3
7.8212504 1.25013606E-3 4.1284943E-3 9.58997849E-3 2.70462199E-3
7.8187504 1.24992477E-3 8.25838372E-3 1.09766815E-2 2.70387926E-3
