READ SERR 1 2
@MgXI_He_pow+Hewind.pco
!
9.397501 2.50023045E-3 4.12856275E-3 5.48750488E-3 4.74275136E-3
9.3925009 2.49969121E-3 1.03236334E-2 7.01576797E-3 4.77289408E-3
9.3875008 2.49999622E-3 2.06447486E-3 4.79551824E-3 4.92578605E-3
9.3825006 2.5002961E-3 0 3.85190034E-3 5.28308982E-3
9.3775005 2.49974569E-3 6.19404484E-3 6.06292067E-3 5.82072744E-3
9.3725014 2.50003696E-3 4.1288822E-3 5.4879291E-3 6.41359854E-3
9.3675013 2.49990146E-3 4.12910618E-3 5.48822712E-3 6.97877957E-3
9.3625011 2.50018318E-3 1.23859225E-2 7.42758205E-3 7.50359986E-3
9.357501 2.50003906E-3 6.19331794E-3 6.06220914E-3 8.00873432E-3
9.3525009 2.49989121E-3 1.03228074E-2 7.01520639E-3 8.51677079E-3
9.3475008 2.5001592E-3 1.03217009E-2 7.01445434E-3 9.04637761E-3
9.3425007 2.50000274E-3 6.19340781E-3 6.06229715E-3 9.60903894E-3
9.3375006 2.49984255E-3 8.258407E-3 6.56429678E-3 1.01991799E-2
9.3325005 2.50009703E-3 1.44507401E-2 7.81141408E-3 1.07958121E-2
9.3275003 2.49992847E-3 1.23871844E-2 7.42833875E-3 1.13756666E-2
9.3225002 2.50017364E-3 8.25731363E-3 6.56342786E-3 1.19187739E-2
9.3175001 2.49999645E-3 8.2578985E-3 6.56389259E-3 1.24291694E-2
9.312501 2.49981578E-3 1.6516991E-2 8.17186385E-3 1.29137971E-2
9.3075008 2.50004744E-3 8.25772993E-3 6.56375894E-3 1.33942533E-2
9.3025007 2.49985815E-3 1.23875327E-2 7.42854737E-3 1.39216026E-2
9.2975006 2.50008074E-3 2.89016701E-2 9.9929031E-3 1.45239905E-2
9.2925014 2.4998833E-3 1.23874089E-2 7.42847333E-3 1.51741644E-2
9.2875013 2.50009657E-3 2.06439197E-2 8.83295387E-3 1.5759483E-2
9.2825012 2.49989075E-3 1.03228092E-2 7.01520778E-3 1.61728729E-2
9.2775011 2.50009494E-3 2.06439327E-2 8.83296039E-3 1.64273847E-2
9.272501 2.49988073E-3 2.27102712E-2 9.14155971E-3 1.66780483E-2
9.2675009 2.50007585E-3 1.65152717E-2 8.17101356E-3 1.70602314E-2
9.2625008 2.50026584E-3 1.23855127E-2 7.42733665E-3 1.7665673E-2
9.2575006 2.49962718E-3 8.2591176E-3 6.56486209E-3 1.85813941E-2
9.2525015 2.50022043E-3 1.23857381E-2 7.42747122E-3 1.98609866E-2
9.2475004 2.49998551E-3 2.8902771E-2 9.99328308E-3 2.15941239E-2
9.2425003 2.50015757E-3 2.06434168E-2 8.83273873E-3 2.39064898E-2
9.2375002 2.4999145E-3 2.06454229E-2 8.83359741E-3 2.68908124E-2
9.232501 2.50007748E-3 3.50949317E-2 1.0761912E-2 3.03703323E-2
9.2275009 2.49982625E-3 3.50984558E-2 1.07629932E-2 3.40335183E-2
9.2225008 2.49998039E-3 4.33542468E-2 1.1692619E-2 3.76545675E-2
9.2175007 2.5001294E-3 4.33516614E-2 1.16919214E-2 4.11426015E-2
9.2125006 2.49986583E-3 2.68395729E-2 9.72025935E-3 4.43974994E-2
9.2075014 2.500006E-3 3.71604003E-2 1.10038705E-2 4.69621122E-2
9.2025003 2.50014127E-3 4.95445207E-2 1.23343905E-2 4.80266698E-2
9.1975012 2.49986537E-3 6.40020669E-2 1.36979157E-2 4.7565084E-2
9.1925011 2.4999918E-3 5.16119599E-2 1.25405621E-2 4.68327776E-2
9.187501 2.50011357E-3 6.81244731E-2 1.40573299E-2 4.70134653E-2
9.1825008 2.49982532E-3 4.74861674E-2 1.21263107E-2 4.82534133E-2
9.1775007 2.49993801E-3 3.50968875E-2 1.07625118E-2 5.01563214E-2
9.1725016 2.50004628E-3 6.60618767E-2 1.38786947E-2 5.23906797E-2
9.1675005 2.50014942E-3 7.01878443E-2 1.42335026E-2 5.47778234E-2
9.1625013 2.49984465E-3 6.19380027E-2 1.35133611E-2 5.72117008E-2
9.1575012 2.49993918E-3 8.6709924E-2 1.55630857E-2 5.94737791E-2
9.1525011 2.50002882E-3 5.78045398E-2 1.31338164E-2 6.12297617E-2
9.147501 2.50011403E-3 5.16094379E-2 1.25399493E-2 6.17835931E-2
9.1425009 2.50019436E-3 6.60579577E-2 1.38778724E-2 5.97223863E-2
9.1375008 2.49986863E-3 5.36790863E-2 1.27426712E-2 5.39009199E-2
9.1325006 2.49994034E-3 4.74839807E-2 1.21257519E-2 4.52447049E-2
9.1275005 2.50000716E-3 3.71603817E-2 1.10038649E-2 3.6142882E-2
9.1225004 2.50006956E-3 2.68373862E-2 9.71946772E-3 2.812404E-2
9.1175003 2.50012707E-3 2.27080341E-2 9.14065912E-3 2.14445107E-2
9.1125011 2.49978085E-3 1.65172201E-2 8.17197748E-3 1.59578118E-2
9.107501 2.50022858E-3 6.19284902E-3 6.06175E-3 1.15719521E-2
9.1025009 2.49987398E-3 1.03228791E-2 7.01525481E-3 8.40457063E-3
9.0975008 2.49991356E-3 8.25817231E-3 6.56411052E-3 6.53542299E-3
9.0925007 2.49994872E-3 6.19354192E-3 6.06242847E-3 5.68627287E-3
9.0875015 2.49997899E-3 4.12897766E-3 5.48805622E-3 5.35341073E-3
9.0825014 2.50000483E-3 8.25787056E-3 6.5638707E-3 5.19651547E-3
9.0775013 2.50002602E-3 8.25780071E-3 6.56381529E-3 5.0969529E-3
9.0725012 2.50004255E-3 4.12887288E-3 5.48791699E-3 5.02136722E-3
9.0675011 2.50005443E-3 6.19327975E-3 6.06217189E-3 4.95621329E-3
NO NO NO NO NO
9.397501 2.50023045E-3 0 3.85200162E-3 1.72223686E-3
9.3925009 2.49969121E-3 0 3.8528326E-3 1.74269569E-3
9.3875008 2.49999622E-3 2.06447486E-3 4.79551824E-3 1.8032837E-3
9.3825006 2.5002961E-3 4.12845425E-3 5.48736053E-3 1.93607947E-3
9.3775005 2.49974569E-3 6.19404484E-3 6.06292067E-3 2.15121172E-3
9.3725014 2.50003696E-3 2.0644411E-3 4.79544001E-3 2.41351686E-3
9.3675013 2.49990146E-3 0 3.8525085E-3 2.6849038E-3
9.3625011 2.50018318E-3 4.12864098E-3 5.48760826E-3 2.95113889E-3
9.357501 2.50003906E-3 2.06443947E-3 4.79543628E-3 3.20728985E-3
9.3525009 2.49989121E-3 2.06456147E-3 4.79571987E-3 3.43811628E-3
9.3475008 2.5001592E-3 6.19302038E-3 6.06191764E-3 3.62981413E-3
9.3425007 2.50000274E-3 4.12893854E-3 5.48800407E-3 3.7885888E-3
9.3375006 2.49984255E-3 8.258407E-3 6.56429678E-3 3.92662082E-3
9.3325005 2.50009703E-3 4.12878301E-3 5.48779732E-3 4.04071016E-3
9.3275003 2.49992847E-3 2.06453074E-3 4.79564862E-3 4.12081089E-3
9.3225002 2.50017364E-3 2.06432841E-3 4.79517831E-3 4.15956276E-3
9.3175001 2.49999645E-3 4.12894925E-3 5.48801804E-3 4.15949896E-3
9.312501 2.49981578E-3 2.06462387E-3 4.79586469E-3 4.13469924E-3
9.3075008 2.50004744E-3 4.12886497E-3 5.48790628E-3 4.11582133E-3
9.3025007 2.49985815E-3 0 3.85257509E-3 4.14390024E-3
9.2975006 2.50008074E-3 6.19321503E-3 6.06210809E-3 4.24529985E-3
9.2925014 2.4998833E-3 4.12913645E-3 5.4882667E-3 4.41452302E-3
9.2875013 2.50009657E-3 0 3.85220791E-3 4.616349E-3
9.2825012 2.49989075E-3 2.06456194E-3 4.7957208E-3 4.8096627E-3
9.2775011 2.50009494E-3 2.06439337E-3 4.79532918E-3 4.95285075E-3
9.272501 2.49988073E-3 4.12914017E-3 5.48827229E-3 5.03317686E-3
9.2675009 2.50007585E-3 1.23864543E-2 7.42790103E-3 5.06850658E-3
9.2625008 2.50026584E-3 6.19275635E-3 6.06165966E-3 5.09863859E-3
9.2575006 2.49962718E-3 4.1295588E-3 5.48882876E-3 5.17091248E-3
9.2525015 2.50022043E-3 2.06428953E-3 4.79508843E-3 5.32992044E-3
9.2475004 2.49998551E-3 1.03224181E-2 7.01494142E-3 5.62901981E-3
9.2425003 2.50015757E-3 1.03217084E-2 7.014459E-3 6.11748034E-3
9.2375002 2.4999145E-3 4.12908476E-3 5.48819825E-3 6.85117859E-3
9.232501 2.50007748E-3 4.12881561E-3 5.48784062E-3 7.83740729E-3
9.2275009 2.49982625E-3 1.44523056E-2 7.81226018E-3 9.01285E-3
9.2225008 2.49998039E-3 6.19346369E-3 6.06235163E-3 1.02817705E-2
9.2175007 2.5001294E-3 1.65149178E-2 8.17083847E-3 1.1555112E-2
9.2125006 2.49986583E-3 1.23874946E-2 7.42852502E-3 1.27509115E-2
9.2075014 2.500006E-3 1.03223333E-2 7.01488415E-3 1.37670441E-2
9.2025003 2.50014127E-3 8.2574198E-3 6.56351261E-3 1.44177238E-2
9.1975012 2.49986537E-3 1.23874974E-2 7.42852641E-3 1.45981023E-2
9.1925011 2.4999918E-3 1.0322392E-2 7.01492373E-3 1.4561763E-2
9.187501 2.50011357E-3 8.257512E-3 6.56358572E-3 1.47399949E-2
9.1825008 2.49982532E-3 1.23876957E-2 7.42864562E-3 1.53814778E-2
9.1775007 2.49993801E-3 2.47742739E-2 9.43634287E-3 1.65627245E-2
9.1725016 2.50004628E-3 2.47732028E-2 9.43593495E-3 1.82676185E-2
9.1675005 2.50014942E-3 2.27078311E-2 9.1405781E-3 2.03469358E-2
9.1625013 2.49984465E-3 3.50982025E-2 1.07629141E-2 2.26095784E-2
9.1575012 2.49993918E-3 3.50968726E-2 1.07625071E-2 2.49207877E-2
9.1525011 2.50002882E-3 2.89022699E-2 9.99310985E-3 2.71314774E-2
9.147501 2.50011403E-3 3.50944176E-2 1.07617546E-2 2.88873576E-2
9.1425009 2.50019436E-3 2.47717351E-2 9.43537615E-3 2.94786412E-2
9.1375008 2.49986863E-3 2.68395431E-2 9.72024817E-3 2.8069213E-2
9.1325006 2.49994034E-3 2.47742515E-2 9.43633448E-3 2.46407278E-2
9.1275005 2.50000716E-3 2.6838053E-2 9.71970987E-3 2.03123279E-2
9.1225004 2.50006956E-3 1.23864859E-2 7.42791966E-3 1.61622781E-2
9.1175003 2.50012707E-3 1.03218341E-2 7.01454468E-3 1.25464015E-2
9.1125011 2.49978085E-3 4.12930502E-3 5.48849162E-3 9.49097704E-3
9.107501 2.50022858E-3 4.12856601E-3 5.48750907E-3 6.97549433E-3
9.1025009 2.49987398E-3 2.06457567E-3 4.79575293E-3 5.04570641E-3
9.0975008 2.49991356E-3 4.12908616E-3 5.48820011E-3 3.77935451E-3
9.0925007 2.49994872E-3 2.06451397E-3 4.79560951E-3 3.11460742E-3
9.0875015 2.49997899E-3 1.03224451E-2 7.01495958E-3 2.82161403E-3
9.0825014 2.50000483E-3 0 3.85234924E-3 2.69665802E-3
9.0775013 2.50002602E-3 2.06445018E-3 4.79546143E-3 2.64974195E-3
9.0725012 2.50004255E-3 2.06443644E-3 4.7954293E-3 2.64523039E-3
9.0675011 2.50005443E-3 0 3.85227264E-3 2.66383751E-3
NO NO NO NO NO
9.3987513 1.24981091E-3 0 7.70587893E-3 1.72746798E-3
9.3962507 1.25041942E-3 8.25511664E-3 1.09723397E-2 1.72978884E-3
9.3937511 1.2497541E-3 4.12975578E-3 9.59290937E-3 1.7343174E-3
9.3912506 1.24993699E-3 8.2583027E-3 1.09765735E-2 1.73907692E-3
9.388751 1.25011918E-3 0 7.70397903E-3 1.75043754E-3
9.3862505 1.24987704E-3 0 7.70547148E-3 1.78281649E-3
9.3837509 1.25005795E-3 0 7.70435575E-3 1.85332925E-3
9.3812504 1.25023816E-3 0 7.70324608E-3 1.96907669E-3
9.3787508 1.24999462E-3 4.12896089E-3 9.59106348E-3 2.11790972E-3
9.3762512 1.24975108E-3 8.25953204E-3 1.0978207E-2 2.27829255E-3
9.3737507 1.24992966E-3 4.12917603E-3 9.59156267E-3 2.43648863E-3
9.3712511 1.25010731E-3 0 7.70405168E-3 2.58820318E-3
9.3687515 1.24986249E-3 8.25879537E-3 1.09772291E-2 2.73411907E-3
9.366251 1.25003897E-3 8.25762935E-3 1.09756785E-2 2.87350919E-3
9.3637505 1.25021476E-3 4.128234E-3 9.589375E-3 3.00818565E-3
9.3612509 1.24996854E-3 1.23871425E-2 1.21249137E-2 3.14012752E-3
9.3587503 1.25014305E-3 0 7.70383189E-3 3.26824188E-3
9.3562508 1.24989601E-3 4.12928686E-3 9.59181972E-3 3.3958226E-3
9.3537502 1.25006947E-3 4.12871409E-3 9.59048979E-3 3.52125801E-3
9.3512506 1.24982174E-3 0 7.70581234E-3 3.64700542E-3
9.3487511 1.24999392E-3 0 7.70475063E-3 3.77082848E-3
9.3462505 1.25016528E-3 1.65135898E-2 1.31260306E-2 3.89460172E-3
9.343751 1.24991627E-3 4.1292198E-3 9.59166419E-3 4.02054377E-3
9.3412504 1.25008659E-3 4.12865775E-3 9.59035847E-3 4.1468055E-3
9.3387508 1.24983676E-3 8.25896487E-3 1.09774545E-2 4.27678041E-3
9.3362513 1.25000579E-3 1.23867719E-2 1.21245515E-2 4.40760003E-3
9.3337507 1.25017413E-3 0 7.7036405E-3 4.53923969E-3
9.3312502 1.24992302E-3 0 7.70518789E-3 4.67060972E-3
9.3287506 1.25009008E-3 0 7.70415785E-3 4.7961208E-3
9.326251 1.24983839E-3 0 7.7057099E-3 4.91739856E-3
9.3237505 1.25000428E-3 4.12892923E-3 9.59098991E-3 5.03014261E-3
9.3212509 1.25016936E-3 4.12838394E-3 9.58972331E-3 5.13499929E-3
9.3187504 1.24991627E-3 4.1292198E-3 9.59166419E-3 5.23370039E-3
9.3162508 1.2500803E-3 4.12867824E-3 9.5904069E-3 5.32392273E-3
9.3137503 1.24982651E-3 0 7.70578301E-3 5.41060138E-3
9.3112507 1.24998926E-3 4.12897905E-3 9.59110446E-3 5.49095683E-3
9.3087511 1.2501512E-3 8.25688802E-3 1.09746931E-2 5.56775928E-3
9.3062506 1.24989613E-3 8.25857278E-3 1.09769329E-2 5.6455317E-3
9.303751 1.25005702E-3 8.25751014E-3 1.09755201E-2 5.72629739E-3
9.3012505 1.24980125E-3 1.23888003E-2 1.21265361E-2 5.82207553E-3
9.2987509 1.24996097E-3 0 7.70495413E-3 5.93411084E-3
9.2962513 1.25011976E-3 4.12854785E-3 9.59010329E-3 6.06246665E-3
9.2937508 1.24986272E-3 4.12939675E-3 9.59207583E-3 6.20304933E-3
9.2912512 1.25002046E-3 4.12887568E-3 9.59086511E-3 6.34633936E-3
9.2887506 1.25017739E-3 8.25671479E-3 1.09744631E-2 6.48696348E-3
9.2862511 1.24991906E-3 8.25842097E-3 1.09767318E-2 6.61112601E-3
9.2837505 1.25007483E-3 1.23860883E-2 1.21238818E-2 6.69336412E-3
9.281251 1.2498158E-3 2.06477586E-2 1.40318694E-2 6.72941189E-3
9.2787514 1.24997052E-3 8.25808197E-3 1.09762801E-2 6.72885217E-3
9.2762508 1.2501243E-3 1.23855984E-2 1.21234022E-2 6.71783276E-3
9.2737513 1.24986412E-3 1.65175702E-2 1.31291952E-2 6.71489723E-3
9.2712517 1.25001674E-3 8.25777557E-3 1.0975874E-2 6.72406377E-3
9.2687511 1.25016866E-3 4.12838627E-3 9.58972797E-3 6.75214361E-3
9.2662506 1.24990719E-3 1.23877507E-2 1.21255089E-2 6.80544833E-3
9.263751 1.25005795E-3 1.23862559E-2 1.21240467E-2 6.88343262E-3
9.2612505 1.25020789E-3 4.12825681E-3 9.58942715E-3 6.9915317E-3
9.2587509 1.24994514E-3 4.12912481E-3 9.59144346E-3 7.13553606E-3
9.2562513 1.24968216E-3 8.25998653E-3 1.09788124E-2 7.31735956E-3
9.2537508 1.25024223E-3 1.65125728E-2 1.31252231E-2 7.5339633E-3
9.2512512 1.2499782E-3 8.25803075E-3 1.09762121E-2 7.79156247E-3
9.2487507 1.25012512E-3 1.238559E-2 1.21233938E-2 8.07926431E-3
9.2462511 1.24986039E-3 4.12940467E-3 9.59209353E-3 8.41224659E-3
9.2437506 1.25000626E-3 8.25784542E-3 1.09759662E-2 8.81096814E-3
9.241251 1.25015131E-3 1.23853311E-2 1.21231414E-2 9.3051577E-3
9.2387505 1.2498853E-3 4.12932225E-3 9.59190261E-3 9.9121863E-3
9.2362509 1.25002919E-3 2.06442345E-2 1.40294749E-2 1.06150396E-2
9.2337513 1.24976248E-3 8.25945567E-3 1.09781064E-2 1.13793211E-2
9.2312508 1.25031488E-3 1.23837106E-2 1.21215545E-2 1.21311275E-2
9.2287502 1.25004712E-3 2.06439383E-2 1.40292738E-2 1.28353881E-2
9.2262506 1.24977925E-3 1.23890182E-2 1.21267503E-2 1.34618264E-2
9.2237511 1.24992011E-3 4.12920723E-3 9.59163532E-3 1.40101248E-2
9.2212505 1.25006016E-3 1.23862335E-2 1.21240243E-2 1.45045882E-2
9.218751 1.25019951E-3 2.06414219E-2 1.40275629E-2 1.49655724E-2
9.2162504 1.24992989E-3 1.23875253E-2 1.21252881E-2 1.54102715E-2
9.2137508 1.25006808E-3 2.89010294E-2 1.56225841E-2 1.58336572E-2
9.2112503 1.24979776E-3 4.12961142E-3 9.59257502E-3 1.62480511E-2
9.2087507 1.2499349E-3 1.65166352E-2 1.31284511E-2 1.66376419E-2
9.2062511 1.25007122E-3 1.6514834E-2 1.31270196E-2 1.69663671E-2
9.2037506 1.25020673E-3 1.23847816E-2 1.21226031E-2 1.71259753E-2
9.201251 1.24993466E-3 4.12915926E-3 9.59152449E-3 1.70065779E-2
9.1987505 1.25006912E-3 2.0643577E-2 1.4029027E-2 1.66112389E-2
9.1962509 1.24979625E-3 2.06480809E-2 1.40320892E-2 1.61214191E-2
9.1937513 1.24992966E-3 1.65167022E-2 1.3128506E-2 1.5726395E-2
9.1912508 1.25006225E-3 0 7.70432968E-3 1.55344466E-2
9.1887512 1.25019404E-3 8.25660489E-3 1.09743178E-2 1.55589664E-2
9.1862507 1.24991953E-3 8.25841818E-3 1.09767281E-2 1.57646202E-2
9.1837511 1.25005015E-3 1.23863323E-2 1.21241212E-2 1.60919446E-2
9.1812506 1.24977506E-3 2.06484329E-2 1.40323276E-2 1.65143199E-2
9.178751 1.24990463E-3 2.47755498E-2 1.48573862E-2 1.69972554E-2
9.1762514 1.2500335E-3 8.25766567E-3 1.09757269E-2 1.75294355E-2
9.1737509 1.25016156E-3 1.65136401E-2 1.31260706E-2 1.80944465E-2
9.1712513 1.2498846E-3 4.12932448E-2 1.76682211E-2 1.86838508E-2
9.1687508 1.25001161E-3 2.06445251E-2 1.40296714E-2 1.9274611E-2
9.1662512 1.25013781E-3 3.3027906E-2 1.63407214E-2 1.98651087E-2
9.1637506 1.24985969E-3 1.23882201E-2 1.21259689E-2 2.0457508E-2
9.1612511 1.24998484E-3 2.06449665E-2 1.40299723E-2 2.10373886E-2
9.1587505 1.25010917E-3 1.23857474E-2 1.21235484E-2 2.16066372E-2
9.156251 1.24982989E-3 2.47770324E-2 1.48582747E-2 2.2164477E-2
9.1537504 1.25035585E-3 2.8894376E-2 1.56189883E-2 2.2683328E-2
9.1512508 1.24967296E-3 1.23900715E-2 1.21277804E-2 2.31972225E-2
9.1487513 1.25019753E-3 1.65131651E-2 1.31256934E-2 2.36537978E-2
9.1462507 1.2499165E-3 1.65168773E-2 1.31286448E-2 2.40556803E-2
9.1437511 1.25003711E-3 1.65152829E-2 1.31273773E-2 2.42556762E-2
9.1412506 1.25015713E-3 2.06421223E-2 1.40280388E-2 2.40058452E-2
9.138751 1.24987483E-3 1.65174268E-2 1.31290816E-2 2.30524726E-2
9.1362505 1.24999369E-3 2.4773784E-2 1.48563264E-2 2.13747341E-2
9.1337509 1.25011185E-3 1.65142957E-2 1.31265922E-2 1.92752462E-2
9.1312504 1.24982849E-3 2.064755E-2 1.40317278E-2 1.71162169E-2
9.1287508 1.24994549E-3 1.23873698E-2 1.21251363E-2 1.50852129E-2
9.1262512 1.25006179E-3 1.23862177E-2 1.21240085E-2 1.32561885E-2
9.1237507 1.25017727E-3 1.65134314E-2 1.31259048E-2 1.16245635E-2
9.1212511 1.24989217E-3 4.12929943E-3 9.59184952E-3 1.01676239E-2
9.1187506 1.25000672E-3 1.23867635E-2 1.21245431E-2 8.85051955E-3
9.116251 1.25012035E-3 0 7.70397158E-3 7.65586924E-3
9.1137505 1.2498342E-3 1.23884734E-2 1.21262167E-2 6.5702796E-3
9.1112509 1.24994677E-3 8.25823843E-3 1.09764878E-2 5.57560474E-3
9.1087513 1.25005865E-3 4.12874948E-3 9.59057175E-3 4.6627773E-3
9.1062508 1.25016982E-3 8.25676508E-3 1.09745301E-2 3.83161334E-3
9.1037502 1.24988193E-3 0 7.70544121E-3 3.10601713E-3
9.1012506 1.24999206E-3 0 7.70476274E-3 2.53216247E-3
9.0987511 1.25010137E-3 0 7.70408893E-3 2.15177028E-3
9.0962505 1.24981231E-3 0 7.70587055E-3 1.9528229E-3
9.093751 1.24992058E-3 8.25841166E-3 1.09767187E-2 1.87196047E-3
9.0912514 1.25002814E-3 0 7.70454016E-3 1.84632931E-3
9.0887508 1.2501349E-3 4.12849756E-3 9.58998688E-3 1.83966686E-3
9.0862513 1.24984421E-3 4.12945822E-3 9.59221832E-3 1.83780782E-3
9.0837507 1.24994991E-3 0 7.70502212E-3 1.8360297E-3
9.0812511 1.25005492E-3 0 7.70437485E-3 1.83400395E-3
9.0787506 1.25015923E-3 0 7.70373223E-3 1.83123245E-3
9.076251 1.24986679E-3 4.12938325E-3 9.59204417E-3 1.82848878E-3
9.0737514 1.24997005E-3 4.12904238E-3 9.59125254E-3 1.8249806E-3
9.0712509 1.2500725E-3 0 7.70426635E-3 1.82143005E-3
9.0687504 1.25017425E-3 0 7.7036391E-3 1.81767612E-3
NO NO NO NO NO
9.3987513 1.24981091E-3 0 7.70587893E-3 1.32951071E-3
9.3962507 1.25041942E-3 0 7.70212896E-3 1.35485292E-3
9.3937511 1.2497541E-3 0 7.70622957E-3 1.38159585E-3
9.3912506 1.24993699E-3 4.12915135E-3 9.59150586E-3 1.40962261E-3
9.388751 1.25011918E-3 0 7.70397903E-3 1.44598424E-3
9.3862505 1.24987704E-3 8.25869944E-3 1.09771006E-2 1.50195137E-3
9.3837509 1.25005795E-3 8.25750362E-3 1.09755117E-2 1.59011676E-3
9.3812504 1.25023816E-3 4.12815716E-3 9.58919525E-3 1.7144552E-3
9.3787508 1.24999462E-3 0 7.70474644E-3 1.86324783E-3
9.3762512 1.24975108E-3 0 7.7062482E-3 2.01721746E-3
9.3737507 1.24992966E-3 0 7.70514738E-3 2.16408726E-3
9.3712511 1.25010731E-3 0 7.70405168E-3 2.30207969E-3
9.3687515 1.24986249E-3 0 7.70556135E-3 2.43324158E-3
9.366251 1.25003897E-3 4.12881467E-3 9.59072355E-3 2.55769771E-3
9.3637505 1.25021476E-3 4.128234E-3 9.589375E-3 2.67763389E-3
9.3612509 1.24996854E-3 0 7.70490756E-3 2.79502547E-3
9.3587503 1.25014305E-3 4.12847102E-3 9.58992448E-3 2.90878769E-3
9.3562508 1.24989601E-3 0 7.70535413E-3 3.02151823E-3
9.3537502 1.25006947E-3 0 7.70428544E-3 3.13182315E-3
9.3512506 1.24982174E-3 8.25906452E-3 1.09775867E-2 3.24237673E-3
9.3487511 1.24999392E-3 1.23868901E-2 1.21246669E-2 3.35161621E-3
9.3462505 1.25016528E-3 0 7.70369451E-3 3.46111762E-3
9.343751 1.24991627E-3 0 7.70522933E-3 3.57264467E-3
9.3412504 1.25008659E-3 0 7.7041802E-3 3.68441292E-3
9.3387508 1.24983676E-3 4.12948243E-3 9.59227514E-3 3.79929063E-3
9.3362513 1.25000579E-3 0 7.70467753E-3 3.91460583E-3
9.3337507 1.25017413E-3 0 7.7036405E-3 4.03044233E-3
9.3312502 1.24992302E-3 0 7.70518789E-3 4.14623599E-3
9.3287506 1.25009008E-3 4.12864564E-3 9.59033053E-3 4.25712578E-3
9.326251 1.24983839E-3 0 7.7057099E-3 4.36436431E-3
9.3237505 1.25000428E-3 8.25785846E-3 1.09759839E-2 4.46425239E-3
9.3212509 1.25016936E-3 4.12838394E-3 9.58972331E-3 4.55794437E-3
9.3187504 1.24991627E-3 0 7.70522933E-3 4.64713387E-3
9.3162508 1.2500803E-3 0 7.70421885E-3 4.72913636E-3
9.3137503 1.24982651E-3 0 7.70578301E-3 4.80765849E-3
9.3112507 1.24998926E-3 1.65159162E-2 1.31278802E-2 4.8801275E-3
9.3087511 1.2501512E-3 4.12844401E-3 9.58986208E-3 4.9490151E-3
9.3062506 1.24989613E-3 4.12928639E-3 9.59181879E-3 5.01824496E-3
9.303751 1.25005702E-3 4.12875507E-3 9.59058478E-3 5.08901989E-3
9.3012505 1.24980125E-3 8.25919956E-3 1.09777665E-2 5.17176557E-3
9.2987509 1.24996097E-3 4.12907265E-3 9.59132239E-3 5.26822219E-3
9.2962513 1.25011976E-3 0 7.70397484E-3 5.3794561E-3
9.2937508 1.24986272E-3 1.23881903E-2 1.21259391E-2 5.5025029E-3
9.2912512 1.25002046E-3 0 7.70458719E-3 5.62830549E-3
9.2887506 1.25017739E-3 1.23850722E-2 1.21228872E-2 5.75119164E-3
9.2862511 1.24991906E-3 0 7.70521211E-3 5.85982064E-3
9.2837505 1.25007483E-3 0 7.70425191E-3 5.9319064E-3
9.281251 1.2498158E-3 8.25910363E-3 1.0977638E-2 5.96339256E-3
9.2787514 1.24997052E-3 4.12904099E-3 9.59124882E-3 5.96191594E-3
9.2762508 1.2501243E-3 1.23855984E-2 1.21234022E-2 5.95141714E-3
9.2737513 1.24986412E-3 4.12939256E-3 9.59206559E-3 5.95026696E-3
9.2712517 1.25001674E-3 4.12888778E-3 9.59089398E-3 5.96133294E-3
9.2687511 1.25016866E-3 8.25677253E-3 1.09745404E-2 5.98893641E-3
9.2662506 1.24990719E-3 8.25850014E-3 1.09768361E-2 6.03643153E-3
9.263751 1.25005795E-3 4.12875228E-3 9.59057827E-3 6.10252004E-3
9.2612505 1.25020789E-3 1.65130273E-2 1.31255835E-2 6.19329419E-3
9.2587509 1.24994514E-3 1.23873744E-2 1.21251401E-2 6.31605973E-3
9.2562513 1.24968216E-3 8.25998653E-3 1.09788124E-2 6.47331681E-3
9.2537508 1.25024223E-3 4.12814319E-3 9.58916359E-3 6.66185608E-3
9.2512512 1.2499782E-3 8.25803075E-3 1.09762121E-2 6.88790437E-3
9.2487507 1.25012512E-3 0 7.70394225E-3 7.14235893E-3
9.2462511 1.24986039E-3 1.23882135E-2 1.21259624E-2 7.43616279E-3
9.2437506 1.25000626E-3 4.12892271E-3 9.59097501E-3 7.78658409E-3
9.241251 1.25015131E-3 8.25688802E-3 1.09746931E-2 8.22094176E-3
9.2387505 1.2498853E-3 4.12932225E-3 9.59190261E-3 8.75700358E-3
9.2362509 1.25002919E-3 0 7.70453364E-3 9.38236155E-3
9.2337513 1.24976248E-3 4.12972784E-3 9.5928451E-3 1.00732576E-2
9.2312508 1.25031488E-3 1.65116135E-2 1.31244613E-2 1.07790083E-2
9.2287502 1.25004712E-3 2.4772726E-2 1.48556931E-2 1.14846621E-2
9.2262506 1.24977925E-3 8.25934578E-3 1.09779602E-2 1.21780802E-2
9.2237511 1.24992011E-3 1.65168289E-2 1.31286066E-2 1.28609128E-2
9.2212505 1.25006016E-3 4.12874436E-3 9.59056057E-3 1.35425776E-2
9.218751 1.25019951E-3 4.12828429E-3 9.58949141E-3 1.42236389E-2
9.2162504 1.24992989E-3 8.25835019E-3 1.09766368E-2 1.49101373E-2
9.2137508 1.25006808E-3 1.23861553E-2 1.2123948E-2 1.55952387E-2
9.2112503 1.24979776E-3 1.65184457E-2 1.31298918E-2 1.62891187E-2
9.2087507 1.2499349E-3 1.65166352E-2 1.31284511E-2 1.69602707E-2
9.2062511 1.25007122E-3 8.25741701E-3 1.09753963E-2 1.75471976E-2
9.2037506 1.25020673E-3 1.65130422E-2 1.31255966E-2 1.7926693E-2
9.201251 1.24993466E-3 3.30332741E-2 1.63433775E-2 1.79693755E-2
9.1987505 1.25006912E-3 8.25743005E-3 1.09754149E-2 1.76617857E-2
9.1962509 1.24979625E-3 1.65184662E-2 1.31299067E-2 1.71887167E-2
9.1937513 1.24992966E-3 4.12917556E-3 9.59156267E-3 1.67647023E-2
9.1912508 1.25006225E-3 1.65149514E-2 1.31271137E-2 1.65267233E-2
9.1887512 1.25019404E-3 8.25660489E-3 1.09743178E-2 1.64930895E-2
9.1862507 1.24991953E-3 8.25841818E-3 1.09767281E-2 1.66342668E-2
9.1837511 1.25005015E-3 2.47726645E-2 1.48556558E-2 1.68927312E-2
9.1812506 1.24977506E-3 8.25937372E-3 1.09779965E-2 1.72398183E-2
9.178751 1.24990463E-3 2.47755498E-2 1.48573862E-2 1.76344607E-2
9.1762514 1.2500335E-3 1.2386498E-2 1.21242832E-2 1.80611908E-2
9.1737509 1.25016156E-3 8.25682003E-3 1.09746028E-2 1.85078625E-2
9.1712513 1.2498846E-3 1.23879733E-2 1.21257277E-2 1.89745538E-2
9.1687508 1.25001161E-3 1.2386715E-2 1.21244956E-2 1.94457825E-2
9.1662512 1.25013781E-3 8.25697649E-3 1.09748105E-2 1.99261922E-2
9.1637506 1.24985969E-3 2.8905848E-2 1.56251881E-2 2.04240698E-2
9.1612511 1.24998484E-3 2.47739609E-2 1.48564326E-2 2.09278185E-2
9.1587505 1.25010917E-3 8.25716555E-3 1.09750619E-2 2.14369036E-2
9.156251 1.24982989E-3 2.47770324E-2 1.48582747E-2 2.1946175E-2
9.1537504 1.25035585E-3 2.06388403E-2 1.40258083E-2 2.24216897E-2
9.1512508 1.24967296E-3 1.65200941E-2 1.31312022E-2 2.28922609E-2
9.1487513 1.25019753E-3 1.23848729E-2 1.21226925E-2 2.33031474E-2
9.1462507 1.2499165E-3 2.47753151E-2 1.48572456E-2 2.36462578E-2
9.1437511 1.25003711E-3 2.47729234E-2 1.48558104E-2 2.3771245E-2
9.1412506 1.25015713E-3 3.30273956E-2 1.63404699E-2 2.34515071E-2
9.138751 1.24987483E-3 8.25871341E-3 1.09771201E-2 2.24498641E-2
9.1362505 1.24999369E-3 1.2386892E-2 1.21246688E-2 2.07494535E-2
9.1337509 1.25011185E-3 8.25714786E-3 1.09750386E-2 1.86499767E-2
9.1312504 1.24982849E-3 2.064755E-2 1.40317278E-2 1.65185053E-2
9.1287508 1.24994549E-3 1.65164936E-2 1.31283393E-2 1.45463785E-2
9.1262512 1.25006179E-3 1.6514957E-2 1.31271183E-2 1.27812019E-2
9.1237507 1.25017727E-3 1.65134314E-2 1.31259048E-2 1.12046422E-2
9.1212511 1.24989217E-3 1.23878978E-2 1.21256532E-2 9.79255699E-3
9.1187506 1.25000672E-3 1.65156852E-2 1.31276967E-2 8.51392373E-3
9.116251 1.25012035E-3 8.25709105E-3 1.09749641E-2 7.35255703E-3
9.1137505 1.2498342E-3 4.12949128E-3 9.59229469E-3 6.29551429E-3
9.1112509 1.24994677E-3 8.25823843E-3 1.09764878E-2 5.3274231E-3
9.1087513 1.25005865E-3 4.12874948E-3 9.59057175E-3 4.44371812E-3
9.1062508 1.25016982E-3 0 7.70366658E-3 3.64707061E-3
9.1037502 1.24988193E-3 4.12933342E-3 9.59192868E-3 2.95907934E-3
9.1012506 1.24999206E-3 0 7.70476274E-3 2.41926126E-3
9.0987511 1.25010137E-3 0 7.70408893E-3 2.06473959E-3
9.0962505 1.24981231E-3 1.23886904E-2 1.2126429E-2 1.88387546E-3
9.093751 1.24992058E-3 0 7.70520279E-3 1.81569322E-3
9.0912514 1.25002814E-3 1.23865511E-2 1.21243354E-2 1.79690181E-3
9.0887508 1.2501349E-3 0 7.70388171E-3 1.79228815E-3
9.0862513 1.24984421E-3 0 7.70567404E-3 1.79139781E-3
9.0837507 1.24994991E-3 0 7.70502212E-3 1.7906127E-3
9.0812511 1.25005492E-3 0 7.70437485E-3 1.79001177E-3
9.0787506 1.25015923E-3 4.12841747E-3 9.58980061E-3 1.78963761E-3
9.076251 1.24986679E-3 8.25876649E-3 1.09771909E-2 1.79030222E-3
9.0737514 1.24997005E-3 0 7.70489778E-3 1.79102074E-3
9.0712509 1.2500725E-3 4.12870385E-3 9.59046558E-3 1.79213891E-3
9.0687504 1.25017425E-3 0 7.7036391E-3 1.7933026E-3
