READ SERR 1 2
@MgXII_windprof.pco
!
8.5075006 2.50002579E-3 4.12890082E-3 5.48795378E-3 8.99688821E-5
8.5025005 2.49986839E-3 6.19374122E-3 6.06262311E-3 1.19308024E-4
8.4975004 2.50005326E-3 6.19328301E-3 6.06217468E-3 1.704475E-4
8.4925013 2.49988586E-3 6.19369745E-3 6.06258074E-3 2.73451267E-4
8.4875011 2.50006001E-3 1.03221107E-2 7.01473234E-3 4.99278947E-4
8.482501 2.4998826E-3 8.25827476E-3 6.56419154E-3 9.26739362E-4
8.4775009 2.50004604E-3 8.25773459E-3 6.56376313E-3 1.55639532E-3
8.4725008 2.50020344E-3 1.23858219E-2 7.42752152E-3 2.32346612E-3
8.4675007 2.50001065E-3 1.23867765E-2 7.42809428E-3 3.19194188E-3
8.4625006 2.49981345E-3 8.25850293E-3 6.56437315E-3 4.17875778E-3
8.4575014 2.49995524E-3 1.03225429E-2 7.01502617E-3 5.32723498E-3
8.4525013 2.50009145E-3 1.44507727E-2 7.81143177E-3 6.70113694E-3
8.4475012 2.49987911E-3 1.03228576E-2 7.01524038E-3 8.3874464E-3
8.4425011 2.5000046E-3 1.44512756E-2 7.81170325E-3 1.04907304E-2
8.437501 2.50012451E-3 2.27080584E-2 9.14066937E-3 1.30925048E-2
8.4325008 2.4998968E-3 1.65164545E-2 8.17159843E-3 1.61242075E-2
8.4275007 2.50000623E-3 2.47735996E-2 9.43608675E-3 1.93061493E-2
8.4225006 2.50010984E-3 2.47725714E-2 9.4356956E-3 2.23081E-2
8.4175005 2.49986723E-3 2.68395562E-2 9.72025376E-3 2.48961635E-2
8.4125013 2.4999606E-3 3.9225582E-2 1.12393619E-2 2.69005615E-2
8.4075012 2.50004791E-3 3.71597782E-2 1.10036852E-2 2.79852506E-2
8.4025011 2.50012986E-3 3.30298319E-2 1.0513139E-2 2.73350086E-2
8.397501 2.49986746E-3 2.68395543E-2 9.72025283E-3 2.4323944E-2
8.3925009 2.50027748E-3 2.68351547E-2 9.71865933E-3 1.96740925E-2
8.3875008 2.5000046E-3 2.47736145E-2 9.43609234E-3 1.49374688E-2
8.3825006 2.4997273E-3 2.06469689E-2 8.83425865E-3 1.0973582E-2
8.3775005 2.50012032E-3 1.65149793E-2 8.17086827E-3 7.82811549E-3
8.3725014 2.49983277E-3 1.65168773E-2 8.17180797E-3 5.34183253E-3
8.3675013 2.50021392E-3 1.44500658E-2 7.81104947E-3 3.3815084E-3
8.3625011 2.49991613E-3 1.0322704E-2 7.01513607E-3 1.91020279E-3
8.357501 2.49994989E-3 6.19353913E-3 6.06242567E-3 9.5937599E-4
8.3525009 2.49997806E-3 2.06448976E-3 4.79555316E-3 4.79818409E-4
8.3475008 2.50000064E-3 4.12894227E-3 5.48800919E-3 2.84573645E-4
NO NO NO NO NO
8.5075006 2.50002579E-3 0 3.85231711E-3 8.87989736E-5
8.5025005 2.49986839E-3 1.23874824E-2 7.4285171E-3 1.12217065E-4
8.4975004 2.50005326E-3 4.12885519E-3 5.48789324E-3 1.49326836E-4
8.4925013 2.49988586E-3 8.25826358E-3 6.56418316E-3 2.24588017E-4
8.4875011 2.50006001E-3 6.19326625E-3 6.06215838E-3 4.09591477E-4
8.482501 2.4998826E-3 8.25827476E-3 6.56419154E-3 8.09919205E-4
8.4775009 2.50004604E-3 4.12886729E-3 5.48790954E-3 1.46351394E-3
8.4725008 2.50020344E-3 8.25721491E-3 6.56334916E-3 2.30454141E-3
8.4675007 2.50001065E-3 6.19338825E-3 6.06227806E-3 3.26906657E-3
8.4625006 2.49981345E-3 1.44523801E-2 7.81230023E-3 4.35863202E-3
8.4575014 2.49995524E-3 4.12901724E-3 5.48810838E-3 5.61098289E-3
8.4525013 2.50009145E-3 2.27083582E-2 9.14078951E-3 7.08838645E-3
8.4475012 2.49987911E-3 1.85811445E-2 8.51119403E-3 8.88620038E-3
8.4425011 2.5000046E-3 1.23868072E-2 7.42811244E-3 1.11348554E-2
8.437501 2.50012451E-3 2.4772428E-2 9.43563972E-3 1.39709096E-2
8.4325008 2.4998968E-3 1.85810123E-2 8.51113349E-3 1.73983388E-2
8.4275007 2.50000623E-3 4.12893333E-2 1.14685595E-2 2.11608596E-2
8.4225006 2.50010984E-3 3.09657156E-2 1.02571389E-2 2.48701926E-2
8.4175005 2.49986723E-3 1.85812302E-2 8.51123407E-3 2.82285754E-2
8.4125013 2.4999606E-3 3.09675653E-2 1.02577517E-2 3.10513247E-2
8.4075012 2.50004791E-3 4.95463684E-2 1.23348515E-2 3.30380835E-2
8.4025011 2.50012986E-3 3.92229222E-2 1.12386001E-2 3.3334069E-2
8.397501 2.49986746E-3 4.74853665E-2 1.21261058E-2 3.09099257E-2
8.3925009 2.50027748E-3 2.47709118E-2 9.4350623E-3 2.60149371E-2
8.3875008 2.5000046E-3 2.89025512E-2 9.99320764E-3 2.03638673E-2
8.3825006 2.4997273E-3 1.6517574E-2 8.17215256E-3 1.53194657E-2
8.3775005 2.50012032E-3 1.85793508E-2 8.5103726E-3 1.11807073E-2
8.3725014 2.49983277E-3 8.25843867E-3 6.56432239E-3 7.85089843E-3
8.3675013 2.50021392E-3 2.06429511E-2 8.83253943E-3 5.19228959E-3
8.3625011 2.49991613E-3 1.44517859E-2 7.81197939E-3 3.13275144E-3
8.357501 2.49994989E-3 8.25805217E-3 6.56401506E-3 1.69789675E-3
8.3525009 2.49997806E-3 6.19346974E-3 6.06235722E-3 8.80484411E-4
8.3475008 2.50000064E-3 4.12894227E-3 5.48800919E-3 4.99121961E-4
NO NO NO NO NO
8.5087509 1.24985829E-3 4.12941165E-3 9.59211029E-3 2.3056798E-6
8.5062504 1.25016749E-3 0 7.70368148E-3 2.59066042E-6
8.5037508 1.24978041E-3 8.2593374E-3 1.09779499E-2 2.93306789E-6
8.5012512 1.25008798E-3 1.23859579E-2 1.21237542E-2 3.34332117E-6
8.4987507 1.25004735E-3 0 7.70442188E-3 3.84287023E-6
8.4962511 1.25000603E-3 0 7.70467613E-3 4.48193441E-6
8.4937506 1.24996423E-3 0 7.70493411E-3 5.55725228E-6
8.491251 1.24992174E-3 0 7.70519581E-3 8.69192172E-6
8.4887505 1.25022512E-3 0 7.70332618E-3 1.98947328E-5
8.4862509 1.24983501E-3 4.12948849E-3 9.59228911E-3 5.25385549E-5
8.4837503 1.25013676E-3 4.12849197E-3 9.58997291E-3 1.21711251E-4
8.4812508 1.24974595E-3 0 7.70627987E-3 2.31119426E-4
8.4787512 1.25004607E-3 0 7.70442933E-3 3.69424233E-4
8.4762506 1.24999986E-3 0 7.70471431E-3 5.22341521E-4
8.4737511 1.24995294E-3 0 7.70500302E-3 6.8272237E-4
8.4712505 1.2502505E-3 0 7.70316971E-3 8.4874843E-4
8.468751 1.24985736E-3 4.12941445E-3 9.59211681E-3 1.02243805E-3
8.4662504 1.25015329E-3 1.23853106E-2 1.21231209E-2 1.20485725E-3
8.4637508 1.24975957E-3 0 7.70619558E-3 1.39985373E-3
8.4612513 1.25005399E-3 0 7.7043809E-3 1.60887686E-3
8.4587507 1.25000323E-3 4.12893249E-3 9.59099736E-3 1.83582271E-3
8.4562511 1.24995213E-3 0 7.70500861E-3 2.0827807E-3
8.4537506 1.25024375E-3 1.23844147E-2 1.21222446E-2 2.35157739E-3
8.451251 1.2498477E-3 4.12944658E-3 9.59219038E-3 2.64743785E-3
8.4487505 1.25013792E-3 8.25697556E-3 1.09748105E-2 2.9725458E-3
8.4462509 1.24974118E-3 4.12979862E-3 9.59300902E-3 3.33706848E-3
8.4437513 1.25002977E-3 8.25768989E-3 1.09757595E-2 3.74698499E-3
8.4412508 1.24997483E-3 8.2580531E-3 1.09762428E-2 4.21776576E-3
8.4387512 1.25026144E-3 4.12807986E-3 9.58901644E-3 4.761572E-3
8.4362507 1.24986295E-3 8.25879257E-3 1.09772244E-2 5.39173605E-3
8.4337511 1.25014805E-3 8.25690851E-3 1.09747211E-2 6.09713281E-3
8.4312506 1.24974886E-3 8.25954694E-3 1.09782275E-2 6.860069E-3
8.428751 1.25003245E-3 0 7.70451315E-3 7.63894292E-3
8.4262514 1.24997366E-3 1.65161211E-2 1.31280432E-2 8.40761792E-3
8.4237509 1.25025539E-3 8.25619977E-3 1.09737786E-2 9.14012268E-3
8.4212503 1.24985434E-3 1.65176988E-2 1.31292967E-2 9.83299315E-3
8.4187508 1.25013455E-3 2.06424948E-2 1.40282921E-2 1.04723424E-2
8.4162512 1.2497328E-3 1.23894783E-2 1.21272001E-2 1.10701164E-2
8.4137506 1.2500115E-3 1.65156219E-2 1.31276464E-2 1.16171697E-2
8.4112511 1.24994898E-3 1.23873353E-2 1.21251028E-2 1.21251E-2
8.4087505 1.25022582E-3 1.65127907E-2 1.31253963E-2 1.25859845E-2
8.406251 1.24982221E-3 4.12953086E-3 9.59238689E-3 1.29875699E-2
8.4037514 1.25009753E-3 2.47717276E-2 1.48550933E-2 1.32244155E-2
8.4012508 1.25003245E-3 2.06441805E-2 1.40294377E-2 1.31160021E-2
8.3987513 1.24996679E-3 2.89033707E-2 1.56238498E-2 1.24795642E-2
8.3962507 1.24990067E-3 1.23878149E-2 1.21255722E-2 1.13440109E-2
8.3937511 1.2501725E-3 1.65134948E-2 1.31259551E-2 9.95148998E-3
8.3912506 1.25010486E-3 4.12859721E-3 9.59021784E-3 8.56777653E-3
8.388751 1.24969846E-3 4.12993971E-3 9.59333684E-3 7.31925014E-3
8.3862505 1.25030614E-3 0 7.70282699E-3 6.23030774E-3
8.3837509 1.24989857E-3 4.12927847E-3 9.59180016E-3 5.29440958E-3
8.3812504 1.24982873E-3 1.65180359E-2 1.31295659E-2 4.47923504E-3
8.3787508 1.25009578E-3 4.12862701E-3 9.59028769E-3 3.7638417E-3
8.3762512 1.25002454E-3 0 7.70456251E-3 3.13283387E-3
8.3737507 1.24995259E-3 0 7.70500535E-3 2.57101515E-3
8.3712511 1.24988018E-3 2.0646695E-2 1.40311467E-2 2.06756103E-3
8.3687506 1.25014386E-3 0 7.70382676E-3 1.61385967E-3
8.366251 1.25006994E-3 4.12871223E-3 9.59048513E-3 1.2051902E-3
8.3637505 1.24999555E-3 0 7.70474086E-3 8.39941611E-4
8.3612509 1.24992058E-3 4.12920536E-3 9.59163159E-3 5.27463562E-4
8.3587503 1.25018088E-3 8.25669151E-3 1.09744323E-2 2.87650124E-4
8.3562508 1.24976889E-3 8.25941376E-3 1.09780505E-2 1.34115253E-4
8.3537512 1.2500278E-3 4.12885193E-3 9.59080923E-3 5.59769578E-5
8.3512506 1.24995026E-3 0 7.70501979E-3 2.43230825E-5
8.3487511 1.25020719E-3 0 7.70343654E-3 1.36182907E-5
NO NO NO NO NO
8.5087509 1.24985829E-3 4.12941165E-3 9.59211029E-3 2.23106963E-6
8.5062504 1.25016749E-3 0 7.70368148E-3 2.51483493E-6
8.5037508 1.24978041E-3 4.1296687E-3 9.5927082E-3 2.85921033E-6
8.5012512 1.25008798E-3 0 7.70417089E-3 3.2791304E-6
8.4987507 1.25004735E-3 4.1287872E-3 9.59065929E-3 3.80756501E-6
8.4962511 1.25000603E-3 0 7.70467613E-3 4.5355464E-6
8.4937506 1.24996423E-3 0 7.70493411E-3 5.96420887E-6
8.491251 1.24992174E-3 0 7.70519581E-3 1.03728526E-5
8.4887505 1.25022512E-3 0 7.70332618E-3 2.40854042E-5
8.4862509 1.24983501E-3 8.25897697E-3 1.09774703E-2 5.87417599E-5
8.4837503 1.25013676E-3 0 7.70387053E-3 1.27646257E-4
8.4812508 1.24974595E-3 4.12978278E-3 9.5929727E-3 2.33690196E-4
8.4787512 1.25004607E-3 0 7.70442933E-3 3.65735759E-4
8.4762506 1.24999986E-3 0 7.70471431E-3 5.09510282E-4
8.4737511 1.24995294E-3 4.12909873E-3 9.59138293E-3 6.5776956E-4
8.4712505 1.2502505E-3 0 7.70316971E-3 8.0995285E-4
8.468751 1.24985736E-3 0 7.70559255E-3 9.68520239E-4
8.4662504 1.25015329E-3 0 7.70376856E-3 1.1344786E-3
8.4637508 1.24975957E-3 0 7.70619558E-3 1.31098088E-3
8.4612513 1.25005399E-3 1.23862959E-2 1.21240849E-2 1.49876124E-3
8.4587507 1.25000323E-3 4.12893249E-3 9.59099736E-3 1.70121819E-3
8.4562511 1.24995213E-3 0 7.70500861E-3 1.92069926E-3
8.4537506 1.25024375E-3 4.12813853E-3 9.58915241E-3 2.15985696E-3
8.451251 1.2498477E-3 4.12944658E-3 9.59219038E-3 2.42456701E-3
8.4487505 1.25013792E-3 4.12848778E-3 9.58996452E-3 2.71753618E-3
8.4462509 1.24974118E-3 8.25959723E-3 1.09782945E-2 3.04850703E-3
8.4437513 1.25002977E-3 1.65153798E-2 1.31274546E-2 3.42335622E-3
8.4412508 1.24997483E-3 1.23870801E-2 1.21248523E-2 3.85589479E-3
8.4387512 1.25026144E-3 1.65123194E-2 1.31250219E-2 4.35569929E-3
8.4362507 1.24986295E-3 4.12939629E-3 9.59207397E-3 4.93323989E-3
8.4337511 1.25014805E-3 8.25690851E-3 1.09747211E-2 5.57749951E-3
8.4312506 1.24974886E-3 0 7.70626217E-3 6.2718438E-3
8.428751 1.25003245E-3 1.65153444E-2 1.31274266E-2 6.97733834E-3
8.4262514 1.24997366E-3 1.65161211E-2 1.31280432E-2 7.6693329E-3
8.4237509 1.25025539E-3 8.25619977E-3 1.09737786E-2 8.32465664E-3
8.4212503 1.24985434E-3 2.06471235E-2 1.40314372E-2 8.94186273E-3
8.4187508 1.25013455E-3 1.23854969E-2 1.21233026E-2 9.51011572E-3
8.4162512 1.2497328E-3 8.25965218E-3 1.09783681E-2 1.00414753E-2
8.4137506 1.2500115E-3 2.47734319E-2 1.48561159E-2 1.05282338E-2
8.4112511 1.24994898E-3 1.23873353E-2 1.21251028E-2 1.0980757E-2
8.4087505 1.25022582E-3 1.23845926E-2 1.21224178E-2 1.13883372E-2
8.406251 1.24982221E-3 1.65181234E-2 1.31296348E-2 1.17280902E-2
8.4037514 1.25009753E-3 4.12862143E-3 9.59027465E-3 1.189881E-2
8.4012508 1.25003245E-3 8.25767219E-3 1.09757362E-2 1.17536066E-2
8.3987513 1.24996679E-3 1.65162124E-2 1.31281158E-2 1.11386329E-2
8.3962507 1.24990067E-3 0 7.70532573E-3 1.00818044E-2
8.3937511 1.2501725E-3 4.12837369E-3 9.5896991E-3 8.80258158E-3
8.3912506 1.25010486E-3 4.12859721E-3 9.59021784E-3 7.55082536E-3
8.388751 1.24969846E-3 8.25987943E-3 1.09786699E-2 6.44310191E-3
8.3862505 1.25030614E-3 0 7.70282699E-3 5.48295071E-3
8.3837509 1.24989857E-3 1.23878345E-2 1.21255917E-2 4.6576187E-3
8.3812504 1.24982873E-3 8.25901795E-3 1.09775243E-2 3.93737806E-3
8.3787508 1.25009578E-3 0 7.70412292E-3 3.30403144E-3
8.3762512 1.25002454E-3 4.12886264E-3 9.59083438E-3 2.74473289E-3
8.3737507 1.24995259E-3 1.23872999E-2 1.21250674E-2 2.24666204E-3
8.3712511 1.24988018E-3 0 7.70545192E-3 1.80051557E-3
8.3687506 1.25014386E-3 4.12846822E-3 9.58991889E-3 1.39861112E-3
8.366251 1.25006994E-3 4.12871223E-3 9.59048513E-3 1.0370143E-3
8.3637505 1.24999555E-3 4.1289581E-3 9.59105603E-3 7.15638394E-4
8.3612509 1.24992058E-3 0 7.70520279E-3 4.42683551E-4
8.3587503 1.25018088E-3 0 7.70359812E-3 2.34829626E-4
8.3562508 1.24976889E-3 0 7.70613784E-3 1.0383247E-4
8.3537512 1.2500278E-3 4.12885193E-3 9.59080923E-3 4.00682839E-5
8.3512506 1.24995026E-3 4.12910758E-3 9.59140435E-3 1.70649564E-5
8.3487511 1.25020719E-3 0 7.70343654E-3 1.03237689E-5
