READ SERR 1 2
@NeX_10_pow.pco
!
10.347501 2.50007352E-3 2.06441083E-3 4.79537016E-3 5.90413762E-3
10.342501 2.49971519E-3 1.44529482E-2 7.81260803E-3 5.92081621E-3
10.337501 2.50038109E-3 0 3.85176949E-3 5.9343609E-3
10.3325 2.50001578E-3 8.25783424E-3 6.5638423E-3 5.94899012E-3
10.327501 2.4996479E-3 4.12952481E-3 5.48878359E-3 5.96177392E-3
10.322501 2.50030169E-3 2.06422247E-3 4.79493244E-3 5.96983545E-3
10.317501 2.49992707E-3 4.1290638E-3 5.48817078E-3 5.97821828E-3
10.312501 2.50006095E-3 4.12884261E-3 5.48787694E-3 5.98473195E-3
10.307501 2.4996805E-3 4.12947126E-3 5.48871234E-3 5.99374995E-3
10.302501 2.50031753E-3 6.19262876E-3 6.0615344E-3 6.00236747E-3
10.297501 2.49993009E-3 6.19358802E-3 6.06247317E-3 6.01488864E-3
10.2925 2.50004954E-3 6.19329279E-3 6.06218399E-3 6.02702703E-3
10.287501 2.49965629E-3 8.25902261E-3 6.56478619E-3 6.04148395E-3
10.282501 2.50027678E-3 1.03212157E-2 7.01412419E-3 6.0544908E-3
10.277501 2.49987701E-3 6.1937198E-3 6.06260216E-3 6.07009325E-3
10.272501 2.49998178E-3 6.19346043E-3 6.06234837E-3 6.08436717E-3
10.267501 2.5000826E-3 4.12880676E-3 5.48782898E-3 6.09849673E-3
10.262501 2.50017969E-3 2.06432329E-3 4.7951662E-3 6.11164374E-3
10.257501 2.49976735E-3 8.25865474E-3 6.56449422E-3 6.1253137E-3
10.252501 2.49985792E-3 1.23875346E-2 7.42854876E-3 6.13848725E-3
10.247501 2.50044907E-3 1.03205051E-2 7.0136413E-3 6.15156582E-3
10.242501 2.49952264E-3 2.06486601E-2 8.83498229E-3 6.16896711E-3
10.237501 2.50010611E-3 1.23863043E-2 7.42781069E-3 6.18264917E-3
10.232501 2.50018132E-3 1.85788982E-2 8.51016492E-3 6.1977501E-3
10.227501 2.49975012E-3 1.03233904E-2 7.01560266E-3 6.21519936E-3
10.222501 2.50032078E-3 2.47704834E-2 9.43489932E-3 6.23107562E-3
10.217501 2.49988283E-3 1.85811166E-2 8.51118099E-3 6.2490399E-3
10.212501 2.49994383E-3 1.85806621E-2 8.5109733E-3 6.26459019E-3
10.207501 2.50000111E-3 1.23868249E-2 7.42812315E-3 6.27918402E-3
10.202501 2.50005443E-3 1.85798407E-2 8.51059705E-3 6.29320368E-3
10.197501 2.50010425E-3 2.68370137E-2 9.71933268E-3 6.30669342E-3
10.192501 2.50015012E-3 1.65147819E-2 8.17077048E-3 6.31991401E-3
10.187501 2.49969354E-3 8.25889874E-3 6.56468794E-3 6.33451296E-3
10.182501 2.50023138E-3 1.44499652E-2 7.81099498E-3 6.34657219E-3
10.177501 2.49976828E-3 1.03233149E-2 7.01555144E-3 6.36143284E-3
10.172501 2.5002975E-3 4.12845192E-3 5.48735727E-3 6.37427019E-3
10.1675 2.49982812E-3 8.2584545E-3 6.56433497E-3 6.38934784E-3
10.162501 2.4998528E-3 6.19377987E-3 6.0626613E-3 6.40222803E-3
10.157501 2.49987352E-3 6.19372819E-3 6.06261054E-3 6.41420437E-3
10.152501 2.50038598E-3 8.25661141E-3 6.56287E-3 6.42439257E-3
10.147501 2.49990379E-3 0 3.85250477E-3 6.43720245E-3
NO NO NO NO NO
10.347501 2.50007352E-3 0 3.8522433E-3 4.86625498E-3
10.342501 2.49971519E-3 8.25882796E-3 6.56463159E-3 4.89209499E-3
10.337501 2.50038109E-3 8.25662818E-3 6.56288303E-3 4.91327886E-3
10.3325 2.50001578E-3 4.12891712E-3 5.48797566E-3 4.93415818E-3
10.327501 2.4996479E-3 1.23885749E-2 7.42917228E-3 4.9547567E-3
10.322501 2.50030169E-3 0 3.85189173E-3 4.97437734E-3
10.317501 2.49992707E-3 2.0645319E-3 4.79565095E-3 4.99678962E-3
10.312501 2.50006095E-3 6.19326392E-3 6.06215606E-3 5.0175339E-3
10.307501 2.4996805E-3 1.03236781E-2 7.01579778E-3 5.03715081E-3
10.302501 2.50031753E-3 6.19262876E-3 6.0615344E-3 5.05286548E-3
10.297501 2.49993009E-3 4.12905868E-3 5.48816379E-3 5.06999297E-3
10.2925 2.50004954E-3 4.12886171E-3 5.48790209E-3 5.08501707E-3
10.287501 2.49965629E-3 4.1295113E-3 5.48876496E-3 5.09963091E-3
10.282501 2.50027678E-3 1.65139437E-2 8.17035697E-3 5.11138886E-3
10.277501 2.49987701E-3 1.0322866E-2 7.01524643E-3 5.12486417E-3
10.272501 2.49998178E-3 4.12897347E-3 5.48805064E-3 5.1372801E-3
10.267501 2.5000826E-3 2.06440338E-3 4.79535246E-3 5.14939334E-3
10.262501 2.50017969E-3 1.03216162E-2 7.0143966E-3 5.16004954E-3
10.257501 2.49976735E-3 6.19399128E-3 6.06286805E-3 5.17060701E-3
10.252501 2.49985792E-3 1.44521231E-2 7.81216146E-3 5.17951557E-3
10.247501 2.50044907E-3 1.03205051E-2 7.0136413E-3 5.18619129E-3
10.242501 2.49952264E-3 4.12973203E-3 5.48905879E-3 5.19569637E-3
10.237501 2.50010611E-3 1.23863043E-2 7.42781069E-3 5.20254578E-3
10.232501 2.50018132E-3 1.03216097E-2 7.01439241E-3 5.209642E-3
10.227501 2.49975012E-3 1.44527471E-2 7.8124986E-3 5.21582738E-3
10.222501 2.50032078E-3 1.03210341E-2 7.01400125E-3 5.21753682E-3
10.217501 2.49988283E-3 1.03228418E-2 7.01522967E-3 5.21835778E-3
10.212501 2.49994383E-3 1.85806621E-2 8.5109733E-3 5.21440618E-3
10.207501 2.50000111E-3 1.03223538E-2 7.01489812E-3 5.20678656E-3
10.202501 2.50005443E-3 1.85798407E-2 8.51059705E-3 5.19621279E-3
10.197501 2.50010425E-3 1.44507E-2 7.81139219E-3 5.18278824E-3
10.192501 2.50015012E-3 1.23860864E-2 7.42768031E-3 5.16633037E-3
10.187501 2.49969354E-3 8.25889874E-3 6.56468794E-3 5.1490725E-3
10.182501 2.50023138E-3 2.06428068E-3 4.79506748E-3 5.13137644E-3
10.177501 2.49976828E-3 6.19398896E-3 6.06286572E-3 5.12020662E-3
10.172501 2.5002975E-3 6.19267812E-3 6.06158283E-3 5.11090225E-3
10.1675 2.49982812E-3 1.03230681E-2 7.01538334E-3 5.1074042E-3
10.162501 2.4998528E-3 4.12918674E-3 5.48833376E-3 5.10909688E-3
10.157501 2.49987352E-3 4.12915228E-3 5.48828812E-3 5.11548715E-3
10.152501 2.50038598E-3 4.12830571E-3 5.48716309E-3 5.11942152E-3
10.147501 2.49990379E-3 6.19365321E-3 6.06253743E-3 5.12105972E-3
NO NO NO NO NO
10.348751 1.25008146E-3 0 7.7042114E-3 1.98504585E-3
10.346251 1.24999217E-3 0 7.70476181E-3 1.98718696E-3
10.343751 1.24990253E-3 1.23877963E-2 1.21255536E-2 1.98963005E-3
10.341251 1.24981254E-3 4.12956253E-3 9.59246047E-3 1.99217978E-3
10.338751 1.25023606E-3 8.25632736E-3 1.09739481E-2 1.993777E-3
10.33625 1.25014503E-3 4.12846403E-3 9.58990958E-3 1.99594558E-3
10.333751 1.25005376E-3 4.12876578E-3 9.59060993E-3 1.99799216E-3
10.33125 1.24996202E-3 4.12906846E-3 9.59131308E-3 2.0001689E-3
10.328751 1.24987017E-3 4.12937254E-3 9.59201902E-3 2.00260268E-3
10.326251 1.24977785E-3 1.23890322E-2 1.21267634E-2 2.00525066E-3
10.323751 1.25019753E-3 4.12829081E-3 9.58950724E-3 2.00717431E-3
10.321251 1.25010416E-3 0 7.70407123E-3 2.0099103E-3
10.31875 1.25001045E-3 4.12890874E-3 9.59094148E-3 2.01258506E-3
10.316251 1.2499165E-3 0 7.70522794E-3 2.01523351E-3
10.313751 1.24982221E-3 0 7.70580908E-3 2.01787404E-3
10.311251 1.25023862E-3 4.1281553E-3 9.58919153E-3 2.01956625E-3
10.308751 1.24963257E-3 0 7.70697882E-3 2.02266756E-3
10.306252 1.25004782E-3 0 7.70441862E-3 2.02393136E-3
10.303751 1.24995189E-3 0 7.70501001E-3 2.02603033E-3
10.301251 1.25036563E-3 0 7.70246051E-3 2.02742754E-3
10.298751 1.24975876E-3 0 7.7062007E-3 2.03069649E-3
10.296251 1.25017134E-3 0 7.70365726E-3 2.03257357E-3
10.293751 1.25007366E-3 0 7.7042589E-3 2.03553657E-3
10.291251 1.24997576E-3 4.12902376E-3 9.59120877E-3 2.03869189E-3
10.288751 1.24987739E-3 0 7.70546868E-3 2.04203487E-3
10.286251 1.2497789E-3 4.12967382E-3 9.59271938E-3 2.04555783E-3
10.283751 1.25018822E-3 8.25664308E-3 1.09743681E-2 2.04838114E-3
10.281251 1.25008856E-3 0 7.70416716E-3 2.05206894E-3
10.278751 1.24998868E-3 4.12898092E-3 9.59111005E-3 2.05567689E-3
10.276251 1.24988833E-3 0 7.70540163E-3 2.05916911E-3
10.273751 1.25029508E-3 0 7.70289497E-3 2.06181221E-3
10.271251 1.2496867E-3 4.12997836E-3 9.59342718E-3 2.06632027E-3
10.268751 1.25009229E-3 0 7.70414434E-3 2.06937548E-3
10.266251 1.24999043E-3 0 7.70477252E-3 2.07327306E-3
10.263751 1.2498881E-3 8.25862586E-3 1.09770037E-2 2.07686308E-3
10.26125 1.25029171E-3 0 7.70291593E-3 2.07920279E-3
10.258751 1.24968251E-3 0 7.70667102E-3 2.08297023E-3
10.256251 1.25008496E-3 0 7.70418998E-3 2.08512973E-3
10.253751 1.249981E-3 4.12900606E-3 9.59116779E-3 2.08850019E-3
10.251251 1.2498768E-3 0 7.70547288E-3 2.09219544E-3
10.248751 1.25027716E-3 4.12802817E-3 9.5888963E-3 2.09503528E-3
10.246251 1.25017192E-3 4.12837556E-3 9.58970375E-3 2.09842669E-3
10.243751 1.2495619E-3 0 7.70741422E-3 2.10244907E-3
10.241251 1.24996062E-3 0 7.70495599E-3 2.10475712E-3
10.238751 1.2503583E-3 0 7.70250522E-3 2.10699486E-3
10.236251 1.24974782E-3 4.12977673E-3 9.59295779E-3 2.11073039E-3
10.233751 1.25014444E-3 0 7.7038235E-3 2.11257441E-3
10.231251 1.25003688E-3 4.12882166E-3 9.59073938E-3 2.11517629E-3
10.228751 1.24992908E-3 0 7.70515064E-3 2.11784616E-3
10.226252 1.24982093E-3 8.25907011E-3 1.09775933E-2 2.12078774E-3
10.223751 1.25021487E-3 8.25646706E-3 1.09741343E-2 2.12306785E-3
10.221251 1.25010579E-3 0 7.70406146E-3 2.12597614E-3
10.218751 1.24999625E-3 0 7.7047362E-3 2.12833565E-3
10.21625 1.24988658E-3 4.12931805E-3 9.59189329E-3 2.13032449E-3
10.213751 1.24977645E-3 4.12968174E-3 9.592738E-3 2.13232171E-3
10.211251 1.25016726E-3 4.12839092E-3 9.58973914E-3 2.13353406E-3
10.208751 1.2500562E-3 4.12875786E-3 9.5905913E-3 2.13547493E-3
10.206251 1.24994479E-3 0 7.70505378E-3 2.13729567E-3
10.203752 1.24983315E-3 1.23884836E-2 1.21262269E-2 2.13930057E-3
10.201251 1.25022128E-3 1.23846373E-2 1.21224616E-2 2.14081816E-3
10.19875 1.25010859E-3 4.12858464E-3 9.59018897E-3 2.14342354E-3
10.196251 1.24999555E-3 8.2579162E-3 1.09760603E-2 2.14598747E-3
10.193751 1.24988228E-3 4.12933249E-3 9.59192589E-3 2.14829668E-3
10.191251 1.25026784E-3 8.25611781E-3 1.09736696E-2 2.14941357E-3
10.188751 1.24965457E-3 8.26017E-3 1.09790554E-2 2.15208204E-3
10.186251 1.25003909E-3 0 7.70447263E-3 2.15317123E-3
10.183751 1.24992419E-3 0 7.70518091E-3 2.1554986E-3
10.181251 1.25030708E-3 4.12792899E-3 9.58866626E-3 2.15737685E-3
10.178751 1.24969322E-3 8.25991388E-3 1.09787155E-2 2.16136104E-3
10.176251 1.25007506E-3 0 7.70425051E-3 2.16394663E-3
10.173751 1.24995853E-3 4.1290801E-3 9.59134009E-3 2.16769101E-3
10.171251 1.25033897E-3 0 7.70262443E-3 2.17091269E-3
10.168751 1.24972442E-3 0 7.70641258E-3 2.17635534E-3
10.166251 1.2501037E-3 0 7.70407403E-3 2.18055514E-3
10.163751 1.24998554E-3 0 7.70480232E-3 2.1858681E-3
10.161251 1.24986714E-3 4.12938232E-3 9.5920423E-3 2.19098572E-3
10.158751 1.25024444E-3 0 7.70320697E-3 2.1947003E-3
10.156251 1.24962919E-3 4.13016882E-3 9.59386863E-3 2.19960907E-3
10.153751 1.25000544E-3 4.1289255E-3 9.5909806E-3 2.20249314E-3
10.151251 1.25038065E-3 4.12768638E-3 9.58810281E-3 2.20535579E-3
10.148751 1.24976481E-3 0 7.70616345E-3 2.20995233E-3
NO NO NO NO NO
10.348751 1.25008146E-3 0 7.7042114E-3 5.95943013E-4
10.346251 1.24999217E-3 0 7.70476181E-3 5.95263438E-4
10.343751 1.24990253E-3 0 7.70531408E-3 5.92971395E-4
10.341251 1.24981254E-3 0 7.70586869E-3 5.88535797E-4
10.338751 1.25023606E-3 0 7.70325819E-3 5.80924097E-4
10.33625 1.25014503E-3 0 7.70381931E-3 5.69499971E-4
10.333751 1.25005376E-3 4.12876578E-3 9.59060993E-3 5.53977268E-4
10.33125 1.24996202E-3 0 7.70494714E-3 5.36745822E-4
10.328751 1.24987017E-3 0 7.70551385E-3 5.21089009E-4
10.326251 1.24977785E-3 0 7.70608289E-3 5.08960744E-4
10.323751 1.25019753E-3 0 7.70349614E-3 5.00674476E-4
10.321251 1.25010416E-3 0 7.70407123E-3 4.97018744E-4
10.31875 1.25001045E-3 0 7.70464865E-3 4.97609435E-4
10.316251 1.2499165E-3 0 7.70522794E-3 5.01446193E-4
10.313751 1.24982221E-3 0 7.70580908E-3 5.07541234E-4
10.311251 1.25023862E-3 0 7.70324236E-3 5.15588676E-4
10.308751 1.24963257E-3 4.13015764E-3 9.59384255E-3 5.26372634E-4
10.306252 1.25004782E-3 0 7.70441862E-3 5.38649096E-4
10.303751 1.24995189E-3 0 7.70501001E-3 5.5230828E-4
10.301251 1.25036563E-3 0 7.70246051E-3 5.66732371E-4
10.298751 1.24975876E-3 0 7.7062007E-3 5.83469344E-4
10.296251 1.25017134E-3 4.12837742E-3 9.58970748E-3 6.03121589E-4
10.293751 1.25007366E-3 4.12870012E-3 9.59045719E-3 6.26435794E-4
10.291251 1.24997576E-3 0 7.70486286E-3 6.51000184E-4
10.288751 1.24987739E-3 0 7.70546868E-3 6.74024399E-4
10.286251 1.2497789E-3 4.12967382E-3 9.59271938E-3 6.94154063E-4
10.283751 1.25018822E-3 0 7.70355295E-3 7.10753608E-4
10.281251 1.25008856E-3 0 7.70416716E-3 7.24068959E-4
10.278751 1.24998868E-3 4.12898092E-3 9.59111005E-3 7.32997549E-4
10.276251 1.24988833E-3 0 7.70540163E-3 7.36423128E-4
10.273751 1.25029508E-3 0 7.70289497E-3 7.33599067E-4
10.271251 1.2496867E-3 0 7.70664494E-3 7.26988073E-4
10.268751 1.25009229E-3 0 7.70414434E-3 7.1874907E-4
10.266251 1.24999043E-3 0 7.70477252E-3 7.13095069E-4
10.263751 1.2498881E-3 0 7.70540303E-3 7.11530098E-4
10.26125 1.25029171E-3 0 7.70291593E-3 7.1452331E-4
10.258751 1.24968251E-3 0 7.70667102E-3 7.23927107E-4
10.256251 1.25008496E-3 0 7.70418998E-3 7.3838653E-4
10.253751 1.249981E-3 0 7.70483026E-3 7.55529269E-4
10.251251 1.2498768E-3 0 7.70547288E-3 7.70117273E-4
10.248751 1.25027716E-3 0 7.70300534E-3 7.79981841E-4
10.246251 1.25017192E-3 0 7.703654E-3 7.88147445E-4
10.243751 1.2495619E-3 0 7.70741422E-3 7.98146706E-4
10.241251 1.24996062E-3 0 7.70495599E-3 8.10401805E-4
10.238751 1.2503583E-3 0 7.70250522E-3 8.25479743E-4
10.236251 1.24974782E-3 0 7.70626822E-3 8.44064343E-4
10.233751 1.25014444E-3 4.12846636E-3 9.58991423E-3 8.65064736E-4
10.231251 1.25003688E-3 0 7.70448614E-3 8.89285409E-4
10.228751 1.24992908E-3 0 7.70515064E-3 9.15471988E-4
10.226252 1.24982093E-3 4.12953505E-3 9.59239621E-3 9.4248302E-4
10.223751 1.25021487E-3 0 7.70338904E-3 9.68503009E-4
10.221251 1.25010579E-3 0 7.70406146E-3 9.93732247E-4
10.218751 1.24999625E-3 0 7.7047362E-3 1.01864932E-3
10.21625 1.24988658E-3 0 7.70541281E-3 1.04362261E-3
10.213751 1.24977645E-3 4.12968174E-3 9.592738E-3 1.06733781E-3
10.211251 1.25016726E-3 4.12839092E-3 9.58973914E-3 1.08751061E-3
10.208751 1.2500562E-3 0 7.70436693E-3 1.10413099E-3
10.206251 1.24994479E-3 0 7.70505378E-3 1.11677346E-3
10.203752 1.24983315E-3 0 7.70574203E-3 1.12561206E-3
10.201251 1.25022128E-3 8.25642515E-3 1.09740775E-2 1.13092293E-3
10.19875 1.25010859E-3 4.12858464E-3 9.59018897E-3 1.13488908E-3
10.196251 1.24999555E-3 4.1289581E-3 9.59105603E-3 1.13800901E-3
10.193751 1.24988228E-3 0 7.70543935E-3 1.14016852E-3
10.191251 1.25026784E-3 0 7.70306261E-3 1.14032382E-3
10.188751 1.24965457E-3 4.130085E-3 9.59367398E-3 1.1398088E-3
10.186251 1.25003909E-3 0 7.70447263E-3 1.13721215E-3
10.183751 1.24992419E-3 8.25838838E-3 1.09766871E-2 1.13403564E-3
10.181251 1.25030708E-3 4.12792899E-3 9.58866626E-3 1.12894026E-3
10.178751 1.24969322E-3 0 7.7066049E-3 1.12302683E-3
10.176251 1.25007506E-3 4.12869547E-3 9.59044602E-3 1.11524703E-3
10.173751 1.24995853E-3 0 7.70496856E-3 1.10822951E-3
10.171251 1.25033897E-3 0 7.70262443E-3 1.10180594E-3
10.168751 1.24972442E-3 0 7.70641258E-3 1.09709846E-3
10.166251 1.2501037E-3 0 7.70407403E-3 1.09206047E-3
10.163751 1.24998554E-3 0 7.70480232E-3 1.08774321E-3
10.161251 1.24986714E-3 8.25876463E-3 1.09771881E-2 1.08368124E-3
10.158751 1.25024444E-3 0 7.70320697E-3 1.07936922E-3
10.156251 1.24962919E-3 0 7.70699978E-3 1.07604766E-3
10.153751 1.25000544E-3 4.1289255E-3 9.5909806E-3 1.07290875E-3
10.151251 1.25038065E-3 4.12768638E-3 9.58810281E-3 1.07350398E-3
10.148751 1.24976481E-3 0 7.70616345E-3 1.08135201E-3
