READ SERR 1 2
@NeX_9_pow.pco
!
9.7975006 2.50024977E-3 4.12853109E-3 5.48746251E-3 4.41033905E-3
9.7925005 2.5000032E-3 0 3.85235157E-3 4.41757403E-3
9.7875013 2.49975361E-3 2.06467509E-3 4.79598343E-3 4.4243224E-3
9.7825012 2.49996083E-3 1.03225205E-2 7.01501081E-3 4.42875596E-3
9.7775011 2.50016339E-3 6.19301014E-3 6.06190786E-3 4.43173107E-3
9.772501 2.49990262E-3 1.03227608E-2 7.01517425E-3 4.43409057E-3
9.7675009 2.50009703E-3 8.25756602E-3 6.56362902E-3 4.43479884E-3
9.7625008 2.49982905E-3 0 3.85262026E-3 4.43622982E-3
9.7575016 2.50001531E-3 4.12891805E-3 5.4879766E-3 4.43628058E-3
9.7525015 2.50019715E-3 2.06430885E-3 4.79513314E-3 4.43465356E-3
9.7475014 2.49991799E-3 1.03226965E-2 7.01513095E-3 4.43138136E-3
9.7425013 2.50009191E-3 2.06439593E-3 4.79533523E-3 4.42521134E-3
9.7375011 2.49980553E-3 8.25852901E-3 6.56439411E-3 4.41894447E-3
9.732501 2.49997131E-3 4.12899069E-3 5.48807345E-3 4.41127783E-3
9.7275009 2.50013266E-3 6.1930865E-3 6.06198236E-3 4.4009774E-3
9.7225008 2.50028959E-3 1.44496281E-2 7.81081291E-3 4.3846094E-3
9.7175007 2.4999883E-3 8.25792551E-3 6.56391447E-3 4.36152564E-3
9.7125006 2.49968399E-3 6.19419804E-3 6.06307061E-3 4.33202181E-3
9.7075005 2.50028213E-3 4.12847754E-3 5.48739126E-3 4.295066E-3
9.7025003 2.49996991E-3 2.06449651E-3 4.795569E-3 4.2544296E-3
9.6975012 2.49965466E-3 1.03237852E-2 7.01587042E-3 4.21575597E-3
9.6925011 2.50023906E-3 8.25709663E-3 6.56325603E-3 4.18954017E-3
9.687501 2.49991589E-3 2.06454098E-3 4.79567237E-3 4.18349728E-3
9.6825008 2.50004022E-3 6.19331514E-3 6.06220635E-3 4.19084448E-3
9.6775007 2.50016036E-3 2.06433935E-3 4.79520392E-3 4.20819083E-3
9.6725006 2.49982625E-3 8.25846009E-3 6.56433962E-3 4.23654681E-3
9.6675014 2.49993848E-3 0 3.85245145E-3 4.27588681E-3
9.6625013 2.50004628E-3 8.25773366E-3 6.5637622E-3 4.32741269E-3
9.6575012 2.50014965E-3 4.12869593E-3 5.48768183E-3 4.39150119E-3
9.6525011 2.49980111E-3 2.06463598E-3 4.79589263E-3 4.47003637E-3
9.647501 2.4998968E-3 2.06455681E-3 4.79570916E-3 4.5607537E-3
9.6425009 2.5004351E-3 1.03205619E-2 7.01368041E-3 4.65672463E-3
9.6375008 2.49962858E-3 4.12955694E-3 5.48882596E-3 4.74996958E-3
9.6325006 2.50015827E-3 8.25736392E-3 6.56346837E-3 4.82929079E-3
9.6275015 2.49979133E-3 2.06464413E-3 4.79591172E-3 4.90162103E-3
9.6225014 2.50031124E-3 2.06421455E-3 4.79491381E-3 4.96742316E-3
9.6175003 2.49993685E-3 6.19357126E-3 6.06245734E-3 5.03016263E-3
NO NO NO NO NO
9.7975006 2.50024977E-3 2.06426554E-3 4.79503209E-3 4.40203538E-3
9.7925005 2.5000032E-3 2.06446904E-3 4.79550473E-3 4.35904367E-3
9.7875013 2.49975361E-3 8.25870037E-3 6.56453008E-3 4.31264797E-3
9.7825012 2.49996083E-3 0 3.85241699E-3 4.26026713E-3
9.7775011 2.50016339E-3 4.12867358E-3 5.48765203E-3 4.19785222E-3
9.772501 2.49990262E-3 4.12910432E-3 5.48822433E-3 4.12822422E-3
9.7675009 2.50009703E-3 8.25756602E-3 6.56362902E-3 4.0601478E-3
9.7625008 2.49982905E-3 6.19383855E-3 6.06271857E-3 4.00274666E-3
9.7575016 2.50001531E-3 4.12891805E-3 5.4879766E-3 3.95502476E-3
9.7525015 2.50019715E-3 4.1286177E-3 5.48757752E-3 3.9165765E-3
9.7475014 2.49991799E-3 2.06453935E-3 4.79566865E-3 3.88863101E-3
9.7425013 2.50009191E-3 2.06439593E-3 4.79533523E-3 3.8705247E-3
9.7375011 2.49980553E-3 2.06463225E-3 4.79588425E-3 3.8625577E-3
9.732501 2.49997131E-3 2.06449535E-3 4.7955662E-3 3.86016909E-3
9.7275009 2.50013266E-3 8.25744867E-3 6.56353543E-3 3.86383943E-3
9.7225008 2.50028959E-3 6.19269768E-3 6.06160192E-3 3.87879065E-3
9.7175007 2.4999883E-3 6.19344413E-3 6.06233254E-3 3.90715105E-3
9.7125006 2.49968399E-3 2.06473283E-3 4.79611754E-3 3.93992942E-3
9.7075005 2.50028213E-3 8.25695507E-3 6.56314287E-3 3.96653125E-3
9.7025003 2.49996991E-3 8.25798605E-3 6.5639629E-3 3.98702314E-3
9.6975012 2.49965466E-3 4.1295141E-3 5.48876869E-3 4.00001137E-3
9.6925011 2.50023906E-3 1.85784679E-2 8.50996841E-3 4.00329661E-3
9.687501 2.49991589E-3 6.19362341E-3 6.06250763E-3 3.99856502E-3
9.6825008 2.50004022E-3 1.03221918E-2 7.01478776E-3 3.98016442E-3
9.6775007 2.50016036E-3 1.03216963E-2 7.01445155E-3 3.94219114E-3
9.6725006 2.49982625E-3 6.19384553E-3 6.06272509E-3 3.88452481E-3
9.6675014 2.49993848E-3 6.19356753E-3 6.06245315E-3 3.81725142E-3
9.6625013 2.50004628E-3 8.25773366E-3 6.5637622E-3 3.75455036E-3
9.6575012 2.50014965E-3 4.12869593E-3 5.48768183E-3 3.70150316E-3
9.6525011 2.49980111E-3 8.25854391E-3 6.56440575E-3 3.66113428E-3
9.647501 2.4998968E-3 4.12911363E-3 5.4882369E-3 3.63834668E-3
9.6425009 2.5004351E-3 4.12822515E-3 5.48705552E-3 3.63671407E-3
9.6375008 2.49962858E-3 4.12955694E-3 5.48882596E-3 3.65291373E-3
9.6325006 2.50015827E-3 4.12868196E-3 5.48766321E-3 3.67113343E-3
9.6275015 2.49979133E-3 8.2585765E-3 6.56443136E-3 3.68251512E-3
9.6225014 2.50031124E-3 4.12842911E-3 5.487327E-3 3.6757316E-3
9.6175003 2.49993685E-3 0 3.85245401E-3 3.65236891E-3
NO NO NO NO NO
9.7987509 1.24998239E-3 4.12900141E-3 9.59115755E-3 1.68643391E-3
9.7962513 1.25026726E-3 0 7.70306634E-3 1.68812694E-3
9.7937508 1.25009031E-3 0 7.70415692E-3 1.69051334E-3
9.7912502 1.24991301E-3 0 7.70524982E-3 1.69303908E-3
9.7887506 1.24973559E-3 4.12981724E-3 9.59305186E-3 1.69580418E-3
9.7862511 1.25001813E-3 8.25776719E-3 1.09758619E-2 1.69821491E-3
9.7837505 1.25029986E-3 8.2559064E-3 1.09733883E-2 1.70079654E-3
9.781251 1.24966097E-3 0 7.70680374E-3 1.7045323E-3
9.7787514 1.25040137E-3 4.12761793E-3 9.58794355E-3 1.70597224E-3
9.7762508 1.24976202E-3 0 7.70618021E-3 1.70875853E-3
9.7737513 1.25004142E-3 0 7.70445773E-3 1.70990604E-3
9.7712507 1.24986109E-3 4.12940234E-3 9.59208794E-3 1.7116149E-3
9.7687511 1.2501392E-3 0 7.70385563E-3 1.71285996E-3
9.7662506 1.24995783E-3 0 7.70497322E-3 1.7150339E-3
9.763751 1.25023455E-3 8.25633761E-3 1.0973962E-2 1.71689689E-3
9.7612505 1.2495945E-3 0 7.70721398E-3 1.72030739E-3
9.7587509 1.25032791E-3 0 7.70269241E-3 1.72205863E-3
9.7562513 1.2496874E-3 0 7.70664075E-3 1.72583724E-3
9.7537508 1.25041907E-3 0 7.70213129E-3 1.72762608E-3
9.7512503 1.24977808E-3 0 7.70608103E-3 1.73107395E-3
9.7487507 1.25005119E-3 4.12877416E-3 9.59062949E-3 1.73309888E-3
9.7462511 1.24986679E-3 4.12938325E-3 9.59204417E-3 1.73591601E-3
9.7437506 1.25013851E-3 0 7.70385936E-3 1.73838099E-3
9.741251 1.24995329E-3 8.25819559E-3 1.0976431E-2 1.74163724E-3
9.7387505 1.25022361E-3 0 7.70333502E-3 1.74414425E-3
9.7362509 1.24958192E-3 4.13032481E-3 9.59423184E-3 1.74763217E-3
9.7337513 1.25030673E-3 4.12793038E-3 9.58866905E-3 1.74888573E-3
9.7312508 1.24966458E-3 8.26010294E-3 1.0978967E-2 1.75181858E-3
9.7287512 1.25038764E-3 0 7.70232501E-3 1.75266236E-3
9.7262506 1.24974502E-3 4.12978558E-3 9.59297922E-3 1.75534736E-3
9.7237511 1.25001185E-3 0 7.70464027E-3 1.75675924E-3
9.7212505 1.25027774E-3 1.23840785E-2 1.21219149E-2 1.75823609E-3
9.718751 1.24963478E-3 0 7.70696532E-3 1.76103681E-3
9.7162514 1.25035353E-3 4.12777625E-3 9.5883105E-3 1.76199106E-3
9.7137508 1.2497101E-3 0 7.70650059E-3 1.76498888E-3
9.7112513 1.24997378E-3 4.12902981E-3 9.59122367E-3 1.76681695E-3
9.7087507 1.25023653E-3 4.12816228E-3 9.58920829E-3 1.76863594E-3
9.7062502 1.25004561E-3 0 7.70443259E-3 1.77090662E-3
9.7037506 1.24985445E-3 0 7.70561071E-3 1.77300721E-3
9.701251 1.25011546E-3 4.12856229E-3 9.59013682E-3 1.77441607E-3
9.6987505 1.24992337E-3 0 7.70518556E-3 1.77649106E-3
9.6962509 1.24973117E-3 0 7.70637067E-3 1.77856057E-3
9.6937513 1.250442E-3 0 7.70198973E-3 1.77931308E-3
9.6912508 1.24979706E-3 8.2592275E-3 1.09778028E-2 1.7820145E-3
9.6887512 1.25005492E-3 4.12876206E-3 9.59060062E-3 1.78357656E-3
9.6862507 1.24986097E-3 0 7.7055702E-3 1.78607239E-3
9.6837511 1.25011755E-3 4.1285553E-3 9.59012005E-3 1.78820651E-3
9.6812506 1.24992279E-3 4.12919838E-3 9.59161483E-3 1.79117359E-3
9.678751 1.25017797E-3 4.12835553E-3 9.58965719E-3 1.79353007E-3
9.6762505 1.24998228E-3 4.12900187E-3 9.59115848E-3 1.79646479E-3
9.6737509 1.24978647E-3 0 7.70603027E-3 1.79924432E-3
9.6712513 1.2500399E-3 0 7.70446751E-3 1.80113001E-3
9.6687508 1.24984316E-3 0 7.70568009E-3 1.80331431E-3
9.6662512 1.25009532E-3 0 7.70412618E-3 1.80450932E-3
9.6637516 1.24989776E-3 0 7.70534389E-3 1.80620537E-3
9.6612511 1.25014852E-3 4.12845286E-3 9.58988257E-3 1.80735195E-3
9.6587515 1.24995015E-3 0 7.70502072E-3 1.80937781E-3
9.656251 1.25019962E-3 4.12828429E-3 9.58949141E-3 1.81094732E-3
9.6537504 1.25000032E-3 0 7.70471152E-3 1.8132861E-3
9.6512508 1.24980079E-3 4.12960118E-3 9.59255081E-3 1.81572151E-3
9.6487513 1.25004863E-3 4.12878301E-3 9.59064905E-3 1.81767729E-3
9.6462507 1.24984828E-3 0 7.70564843E-3 1.82056054E-3
9.6437511 1.25009473E-3 4.12863027E-3 9.59029514E-3 1.82305218E-3
9.6412506 1.25034025E-3 4.12781956E-3 9.58841201E-3 1.82563043E-3
9.638751 1.24969194E-3 0 7.70661235E-3 1.82936864E-3
9.6362514 1.24993664E-3 8.25830456E-3 1.09765772E-2 1.83141266E-3
9.6337509 1.25018053E-3 0 7.70360092E-3 1.8328497E-3
9.6312513 1.24997762E-3 0 7.70485122E-3 1.83439557E-3
9.6287508 1.24977459E-3 0 7.70610292E-3 1.83580304E-3
9.6262512 1.25001674E-3 0 7.70461047E-3 1.83679466E-3
9.6237507 1.25025795E-3 0 7.70312361E-3 1.83807686E-3
9.6212511 1.25005341E-3 0 7.70438416E-3 1.84016197E-3
9.6187506 1.24984863E-3 4.12944332E-3 9.59218387E-3 1.84229424E-3
NO NO NO NO NO
9.7987509 1.24998239E-3 0 7.70482188E-3 1.40339695E-3
9.7962513 1.25026726E-3 0 7.70306634E-3 1.39506487E-3
9.7937508 1.25009031E-3 4.12864517E-3 9.5903296E-3 1.38732058E-3
9.7912502 1.24991301E-3 0 7.70524982E-3 1.37986592E-3
9.7887506 1.24973559E-3 0 7.70634366E-3 1.37230114E-3
9.7862511 1.25001813E-3 4.12888359E-3 9.59088281E-3 1.36270374E-3
9.7837505 1.25029986E-3 0 7.70286564E-3 1.3494835E-3
9.781251 1.24966097E-3 4.13006358E-3 9.59362462E-3 1.33270281E-3
9.7787514 1.25040137E-3 0 7.70224025E-3 1.31159066E-3
9.7762508 1.24976202E-3 0 7.70618021E-3 1.29209366E-3
9.7737513 1.25004142E-3 0 7.70445773E-3 1.27411366E-3
9.7712507 1.24986109E-3 8.25880468E-3 1.09772412E-2 1.26034615E-3
9.7687511 1.2501392E-3 0 7.70385563E-3 1.25094876E-3
9.7662506 1.24995783E-3 0 7.70497322E-3 1.24787656E-3
9.763751 1.25023455E-3 0 7.70326797E-3 1.2494761E-3
9.7612505 1.2495945E-3 0 7.70721398E-3 1.25472201E-3
9.7587509 1.25032791E-3 4.12786053E-3 9.588507E-3 1.25860772E-3
9.7562513 1.2496874E-3 4.12997603E-3 9.59342159E-3 1.26220635E-3
9.7537508 1.25041907E-3 0 7.70213129E-3 1.26120285E-3
9.7512503 1.24977808E-3 0 7.70608103E-3 1.25671632E-3
9.7487507 1.25005119E-3 0 7.70439766E-3 1.24600122E-3
9.7462511 1.24986679E-3 0 7.70553434E-3 1.23255688E-3
9.7437506 1.25013851E-3 0 7.70385936E-3 1.21915236E-3
9.741251 1.24995329E-3 0 7.70500116E-3 1.20950397E-3
9.7387505 1.25022361E-3 0 7.70333502E-3 1.20386644E-3
9.7362509 1.24958192E-3 8.26064963E-3 1.09796934E-2 1.20443862E-3
9.7337513 1.25030673E-3 4.12793038E-3 9.58866905E-3 1.21015438E-3
9.7312508 1.24966458E-3 4.13005147E-3 9.59359668E-3 1.22357125E-3
9.7287512 1.25038764E-3 4.12766356E-3 9.58804879E-3 1.2393276E-3
9.7262506 1.24974502E-3 4.12978558E-3 9.59297922E-3 1.25636242E-3
9.7237511 1.25001185E-3 4.12890408E-3 9.59093124E-3 1.2701212E-3
9.7212505 1.25027774E-3 0 7.70300208E-3 1.28132885E-3
9.718751 1.24963478E-3 0 7.70696532E-3 1.29172846E-3
9.7162514 1.25035353E-3 0 7.70253502E-3 1.29935727E-3
9.7137508 1.2497101E-3 0 7.70650059E-3 1.30720588E-3
9.7112513 1.24997378E-3 0 7.70487497E-3 1.3129618E-3
9.7087507 1.25023653E-3 4.12816228E-3 9.58920829E-3 1.31785369E-3
9.7062502 1.25004561E-3 4.12879279E-3 9.59067233E-3 1.32261566E-3
9.7037506 1.24985445E-3 4.12942423E-3 9.59213916E-3 1.32708671E-3
9.701251 1.25011546E-3 4.12856229E-3 9.59013682E-3 1.33111607E-3
9.6987505 1.24992337E-3 4.12919652E-3 9.59161017E-3 1.3356742E-3
9.6962509 1.24973117E-3 0 7.70637067E-3 1.34007121E-3
9.6937513 1.250442E-3 4.12748381E-3 9.58763156E-3 1.34318531E-3
9.6912508 1.24979706E-3 4.12961375E-3 9.59257968E-3 1.34758477E-3
9.6887512 1.25005492E-3 4.12876206E-3 9.59060062E-3 1.3509175E-3
9.6862507 1.24986097E-3 0 7.7055702E-3 1.35448878E-3
9.6837511 1.25011755E-3 4.1285553E-3 9.59012005E-3 1.35712128E-3
9.6812506 1.24992279E-3 8.25839676E-3 1.09766992E-2 1.35973096E-3
9.678751 1.25017797E-3 0 7.70361675E-3 1.36132375E-3
9.6762505 1.24998228E-3 4.12900187E-3 9.59115848E-3 1.36288838E-3
9.6737509 1.24978647E-3 4.12964914E-3 9.59266163E-3 1.36413716E-3
9.6712513 1.2500399E-3 0 7.70446751E-3 1.36484893E-3
9.6687508 1.24984316E-3 4.12946148E-3 9.59222578E-3 1.36595429E-3
9.6662512 1.25009532E-3 4.12862841E-3 9.59029142E-3 1.36639643E-3
9.6637516 1.24989776E-3 0 7.70534389E-3 1.36731577E-3
9.6612511 1.25014852E-3 8.25690571E-3 1.09747164E-2 1.36786257E-3
9.6587515 1.24995015E-3 0 7.70502072E-3 1.3687748E-3
9.656251 1.25019962E-3 0 7.7034831E-3 1.36867294E-3
9.6537504 1.25000032E-3 0 7.70471152E-3 1.36846199E-3
9.6512508 1.24980079E-3 0 7.70594133E-3 1.36776024E-3
9.6487513 1.25004863E-3 0 7.70441396E-3 1.36628654E-3
9.6462507 1.24984828E-3 0 7.70564843E-3 1.36508723E-3
9.6437511 1.25009473E-3 0 7.70412944E-3 1.36298407E-3
9.6412506 1.25034025E-3 4.12781956E-3 9.58841201E-3 1.36013911E-3
9.638751 1.24969194E-3 0 7.70661235E-3 1.35691394E-3
9.6362514 1.24993664E-3 0 7.70510361E-3 1.35088363E-3
9.6337509 1.25018053E-3 4.12834715E-3 9.58963763E-3 1.34247262E-3
9.6312513 1.24997762E-3 4.12901724E-3 9.59119387E-3 1.33166148E-3
9.6287508 1.24977459E-3 0 7.70610292E-3 1.31796882E-3
9.6262512 1.25001674E-3 0 7.70461047E-3 1.30200747E-3
9.6237507 1.25025795E-3 0 7.70312361E-3 1.28568849E-3
9.6212511 1.25005341E-3 0 7.70438416E-3 1.27035822E-3
9.6187506 1.24984863E-3 0 7.7056461E-3 1.25576276E-3
