READ SERR 1 2
@NeX_9_pow+windprof.pco
!
9.7975006 2.50024977E-3 4.12853109E-3 5.48746251E-3 4.42880346E-3
9.7925005 2.5000032E-3 0 3.85235157E-3 4.44431882E-3
9.7875013 2.49975361E-3 2.06467509E-3 4.79598343E-3 4.46839212E-3
9.7825012 2.49996083E-3 1.03225205E-2 7.01501081E-3 4.50974889E-3
9.7775011 2.50016339E-3 6.19301014E-3 6.06190786E-3 4.57780156E-3
9.772501 2.49990262E-3 1.03227608E-2 7.01517425E-3 4.67285328E-3
9.7675009 2.50009703E-3 8.25756602E-3 6.56362902E-3 4.78968211E-3
9.7625008 2.49982905E-3 0 3.85262026E-3 4.93135583E-3
9.7575016 2.50001531E-3 4.12891805E-3 5.4879766E-3 5.10174595E-3
9.7525015 2.50019715E-3 2.06430885E-3 4.79513314E-3 5.31081902E-3
9.7475014 2.49991799E-3 1.03226965E-2 7.01513095E-3 5.57271484E-3
9.7425013 2.50009191E-3 2.06439593E-3 4.79533523E-3 5.9022964E-3
9.7375011 2.49980553E-3 8.25852901E-3 6.56439411E-3 6.31443365E-3
9.732501 2.49997131E-3 4.12899069E-3 5.48807345E-3 6.77918643E-3
9.7275009 2.50013266E-3 6.1930865E-3 6.06198236E-3 7.20332749E-3
9.7225008 2.50028959E-3 1.44496281E-2 7.81081291E-3 7.49471225E-3
9.7175007 2.4999883E-3 8.25792551E-3 6.56391447E-3 7.64700444E-3
9.7125006 2.49968399E-3 6.19419804E-3 6.06307061E-3 7.7068829E-3
9.7075005 2.50028213E-3 4.12847754E-3 5.48739126E-3 7.70926103E-3
9.7025003 2.49996991E-3 2.06449651E-3 4.795569E-3 7.67654134E-3
9.6975012 2.49965466E-3 1.03237852E-2 7.01587042E-3 7.6197437E-3
9.6925011 2.50023906E-3 8.25709663E-3 6.56325603E-3 7.54502742E-3
9.687501 2.49991589E-3 2.06454098E-3 4.79567237E-3 7.41326343E-3
9.6825008 2.50004022E-3 6.19331514E-3 6.06220635E-3 7.11753964E-3
9.6775007 2.50016036E-3 2.06433935E-3 4.79520392E-3 6.63615391E-3
9.6725006 2.49982625E-3 8.25846009E-3 6.56433962E-3 6.09970884E-3
9.6675014 2.49993848E-3 0 3.85245145E-3 5.6475657E-3
9.6625013 2.50004628E-3 8.25773366E-3 6.5637622E-3 5.3215567E-3
9.6575012 2.50014965E-3 4.12869593E-3 5.48768183E-3 5.1016747E-3
9.6525011 2.49980111E-3 2.06463598E-3 4.79589263E-3 4.96379705E-3
9.647501 2.4998968E-3 2.06455681E-3 4.79570916E-3 4.88686329E-3
9.6425009 2.5004351E-3 1.03205619E-2 7.01368041E-3 4.85433545E-3
9.6375008 2.49962858E-3 4.12955694E-3 5.48882596E-3 4.85760905E-3
9.6325006 2.50015827E-3 8.25736392E-3 6.56346837E-3 4.88485675E-3
9.6275015 2.49979133E-3 2.06464413E-3 4.79591172E-3 4.9332981E-3
9.6225014 2.50031124E-3 2.06421455E-3 4.79491381E-3 4.98904614E-3
9.6175003 2.49993685E-3 6.19357126E-3 6.06245734E-3 5.04660886E-3
NO NO NO NO NO
9.7975006 2.50024977E-3 2.06426554E-3 4.79503209E-3 4.4149966E-3
9.7925005 2.5000032E-3 2.06446904E-3 4.79550473E-3 4.376397E-3
9.7875013 2.49975361E-3 8.25870037E-3 6.56453008E-3 4.33935458E-3
9.7825012 2.49996083E-3 0 3.85241699E-3 4.30954713E-3
9.7775011 2.50016339E-3 4.12867358E-3 5.48765203E-3 4.292381E-3
9.772501 2.49990262E-3 4.12910432E-3 5.48822433E-3 4.29265061E-3
9.7675009 2.50009703E-3 8.25756602E-3 6.56362902E-3 4.31463355E-3
9.7625008 2.49982905E-3 6.19383855E-3 6.06271857E-3 4.36562486E-3
9.7575016 2.50001531E-3 4.12891805E-3 5.4879766E-3 4.4478788E-3
9.7525015 2.50019715E-3 4.1286177E-3 5.48757752E-3 4.5683994E-3
9.7475014 2.49991799E-3 2.06453935E-3 4.79566865E-3 4.74029547E-3
9.7425013 2.50009191E-3 2.06439593E-3 4.79533523E-3 4.97935759E-3
9.7375011 2.49980553E-3 2.06463225E-3 4.79588425E-3 5.3041121E-3
9.732501 2.49997131E-3 2.06449535E-3 4.7955662E-3 5.70513774E-3
9.7275009 2.50013266E-3 8.25744867E-3 6.56353543E-3 6.12498121E-3
9.7225008 2.50028959E-3 6.19269768E-3 6.06160192E-3 6.48592645E-3
9.7175007 2.4999883E-3 6.19344413E-3 6.06233254E-3 6.75745681E-3
9.7125006 2.49968399E-3 2.06473283E-3 4.79611754E-3 6.95261313E-3
9.7075005 2.50028213E-3 8.25695507E-3 6.56314287E-3 7.08771404E-3
9.7025003 2.49996991E-3 8.25798605E-3 6.5639629E-3 7.18178926E-3
9.6975012 2.49965466E-3 4.1295141E-3 5.48876869E-3 7.24030193E-3
9.6925011 2.50023906E-3 1.85784679E-2 8.50996841E-3 7.25607108E-3
9.687501 2.49991589E-3 6.19362341E-3 6.06250763E-3 7.19871186E-3
9.6825008 2.50004022E-3 1.03221918E-2 7.01478776E-3 6.9737751E-3
9.6775007 2.50016036E-3 1.03216963E-2 7.01445155E-3 6.5149786E-3
9.6725006 2.49982625E-3 6.19384553E-3 6.06272509E-3 5.90605382E-3
9.6675014 2.49993848E-3 6.19356753E-3 6.06245315E-3 5.31501183E-3
9.6625013 2.50004628E-3 8.25773366E-3 6.5637622E-3 4.83548874E-3
9.6575012 2.50014965E-3 4.12869593E-3 5.48768183E-3 4.46851877E-3
9.6525011 2.49980111E-3 8.25854391E-3 6.56440575E-3 4.19407431E-3
9.647501 2.4998968E-3 4.12911363E-3 5.4882369E-3 3.99598526E-3
9.6425009 2.5004351E-3 4.12822515E-3 5.48705552E-3 3.86300636E-3
9.6375008 2.49962858E-3 4.12955694E-3 5.48882596E-3 3.78510146E-3
9.6325006 2.50015827E-3 4.12868196E-3 5.48766321E-3 3.74391349E-3
9.6275015 2.49979133E-3 8.2585765E-3 6.56443136E-3 3.72412847E-3
9.6225014 2.50031124E-3 4.12842911E-3 5.487327E-3 3.70259047E-3
9.6175003 2.49993685E-3 0 3.85245401E-3 3.67162703E-3
NO NO NO NO NO
9.7987509 1.24998239E-3 4.12900141E-3 9.59115755E-3 1.68681471E-3
9.7962513 1.25026726E-3 0 7.70306634E-3 1.68855989E-3
9.7937508 1.25009031E-3 0 7.70415692E-3 1.69101043E-3
9.7912502 1.24991301E-3 0 7.70524982E-3 1.69363164E-3
9.7887506 1.24973559E-3 4.12981724E-3 9.59305186E-3 1.69663201E-3
9.7862511 1.25001813E-3 8.25776719E-3 1.09758619E-2 1.69986195E-3
9.7837505 1.25029986E-3 8.2559064E-3 1.09733883E-2 1.70500798E-3
9.781251 1.24966097E-3 0 7.70680374E-3 1.71473599E-3
9.7787514 1.25040137E-3 4.12761793E-3 9.58794355E-3 1.72660197E-3
9.7762508 1.24976202E-3 0 7.70618021E-3 1.74388033E-3
9.7737513 1.25004142E-3 0 7.70445773E-3 1.76231074E-3
9.7712507 1.24986109E-3 4.12940234E-3 9.59208794E-3 1.78326678E-3
9.7687511 1.2501392E-3 0 7.70385563E-3 1.80536124E-3
9.7662506 1.24995783E-3 0 7.70497322E-3 1.83013128E-3
9.763751 1.25023455E-3 8.25633761E-3 1.0973962E-2 1.85652392E-3
9.7612505 1.2495945E-3 0 7.70721398E-3 1.88688724E-3
9.7587509 1.25032791E-3 0 7.70269241E-3 1.91811356E-3
9.7562513 1.2496874E-3 0 7.70664075E-3 1.95475062E-3
9.7537508 1.25041907E-3 0 7.70213129E-3 1.9928487E-3
9.7512503 1.24977808E-3 0 7.70608103E-3 2.03727698E-3
9.7487507 1.25005119E-3 4.12877416E-3 9.59062949E-3 2.08534789E-3
9.7462511 1.24986679E-3 4.12938325E-3 9.59204417E-3 2.14079861E-3
9.7437506 1.25013851E-3 0 7.70385936E-3 2.20369082E-3
9.741251 1.24995329E-3 8.25819559E-3 1.0976431E-2 2.27736449E-3
9.7387505 1.25022361E-3 0 7.70333502E-3 2.3622883E-3
9.7362509 1.24958192E-3 4.13032481E-3 9.59423184E-3 2.46347836E-3
9.7337513 1.25030673E-3 4.12793038E-3 9.58866905E-3 2.57736538E-3
9.7312508 1.24966458E-3 8.26010294E-3 1.0978967E-2 2.70445296E-3
9.7287512 1.25038764E-3 0 7.70232501E-3 2.82561569E-3
9.7262506 1.24974502E-3 4.12978558E-3 9.59297922E-3 2.9316023E-3
9.7237511 1.25001185E-3 0 7.70464027E-3 3.00973211E-3
9.7212505 1.25027774E-3 1.23840785E-2 1.21219149E-2 3.06496862E-3
9.718751 1.24963478E-3 0 7.70696532E-3 3.10646067E-3
9.7162514 1.25035353E-3 4.12777625E-3 9.5883105E-3 3.13477963E-3
9.7137508 1.2497101E-3 0 7.70650059E-3 3.16071161E-3
9.7112513 1.24997378E-3 4.12902981E-3 9.59122367E-3 3.18063074E-3
9.7087507 1.25023653E-3 4.12816228E-3 9.58920829E-3 3.19775427E-3
9.7062502 1.25004561E-3 0 7.70443259E-3 3.21362284E-3
9.7037506 1.24985445E-3 0 7.70561071E-3 3.22757754E-3
9.701251 1.25011546E-3 4.12856229E-3 9.59013682E-3 3.23898369E-3
9.6987505 1.24992337E-3 0 7.70518556E-3 3.25054559E-3
9.6962509 1.24973117E-3 0 7.70637067E-3 3.26120574E-3
9.6937513 1.250442E-3 0 7.70198973E-3 3.26865166E-3
9.6912508 1.24979706E-3 8.2592275E-3 1.09778028E-2 3.27871414E-3
9.6887512 1.25005492E-3 4.12876206E-3 9.59060062E-3 3.28414864E-3
9.6862507 1.24986097E-3 0 7.7055702E-3 3.28208716E-3
9.6837511 1.25011755E-3 4.1285553E-3 9.59012005E-3 3.25325271E-3
9.6812506 1.24992279E-3 4.12919838E-3 9.59161483E-3 3.17843352E-3
9.678751 1.25017797E-3 4.12835553E-3 9.58965719E-3 3.04988865E-3
9.6762505 1.24998228E-3 4.12900187E-3 9.59115848E-3 2.89030257E-3
9.6737509 1.24978647E-3 0 7.70603027E-3 2.72900378E-3
9.6712513 1.2500399E-3 0 7.70446751E-3 2.58326158E-3
9.6687508 1.24984316E-3 0 7.70568009E-3 2.46039359E-3
9.6662512 1.25009532E-3 0 7.70412618E-3 2.35673576E-3
9.6637516 1.24989776E-3 0 7.70534389E-3 2.27047293E-3
9.6612511 1.25014852E-3 4.12845286E-3 9.58988257E-3 2.19689403E-3
9.6587515 1.24995015E-3 0 7.70502072E-3 2.13515642E-3
9.656251 1.25019962E-3 4.12828429E-3 9.58949141E-3 2.08164356E-3
9.6537504 1.25000032E-3 0 7.70471152E-3 2.0362162E-3
9.6512508 1.24980079E-3 4.12960118E-3 9.59255081E-3 1.99685269E-3
9.6487513 1.25004863E-3 4.12878301E-3 9.59064905E-3 1.96195557E-3
9.6462507 1.24984828E-3 0 7.70564843E-3 1.93227897E-3
9.6437511 1.25009473E-3 4.12863027E-3 9.59029514E-3 1.90584001E-3
9.6412506 1.25034025E-3 4.12781956E-3 9.58841201E-3 1.88295566E-3
9.638751 1.24969194E-3 0 7.70661235E-3 1.86524319E-3
9.6362514 1.24993664E-3 8.25830456E-3 1.09765772E-2 1.85098301E-3
9.6337509 1.25018053E-3 0 7.70360092E-3 1.84203638E-3
9.6312513 1.24997762E-3 0 7.70485122E-3 1.83830434E-3
9.6287508 1.24977459E-3 0 7.70610292E-3 1.83756452E-3
9.6262512 1.25001674E-3 0 7.70461047E-3 1.83782564E-3
9.6237507 1.25025795E-3 0 7.70312361E-3 1.83885987E-3
9.6212511 1.25005341E-3 0 7.70438416E-3 1.84081914E-3
9.6187506 1.24984863E-3 4.12944332E-3 9.59218387E-3 1.84286083E-3
NO NO NO NO NO
9.7987509 1.24998239E-3 0 7.70482188E-3 1.40369218E-3
9.7962513 1.25026726E-3 0 7.70306634E-3 1.39540248E-3
9.7937508 1.25009031E-3 4.12864517E-3 9.5903296E-3 1.38771371E-3
9.7912502 1.24991301E-3 0 7.70524982E-3 1.38035358E-3
9.7887506 1.24973559E-3 0 7.70634366E-3 1.37305132E-3
9.7862511 1.25001813E-3 4.12888359E-3 9.59088281E-3 1.36428874E-3
9.7837505 1.25029986E-3 0 7.70286564E-3 1.35329901E-3
9.781251 1.24966097E-3 4.13006358E-3 9.59362462E-3 1.34132663E-3
9.7787514 1.25040137E-3 0 7.70224025E-3 1.32826506E-3
9.7762508 1.24976202E-3 0 7.70618021E-3 1.31970656E-3
9.7737513 1.25004142E-3 0 7.70445773E-3 1.31451711E-3
9.7712507 1.24986109E-3 8.25880468E-3 1.09772412E-2 1.31473783E-3
9.7687511 1.2501392E-3 0 7.70385563E-3 1.32043229E-3
9.7662506 1.24995783E-3 0 7.70497322E-3 1.3338892E-3
9.763751 1.25023455E-3 0 7.70326797E-3 1.35368551E-3
9.7612505 1.2495945E-3 0 7.70721398E-3 1.37910096E-3
9.7587509 1.25032791E-3 4.12786053E-3 9.588507E-3 1.40503224E-3
9.7562513 1.2496874E-3 4.12997603E-3 9.59342159E-3 1.43298833E-3
9.7537508 1.25041907E-3 0 7.70213129E-3 1.45835953E-3
9.7512503 1.24977808E-3 0 7.70608103E-3 1.4826851E-3
9.7487507 1.25005119E-3 0 7.70439766E-3 1.50313159E-3
9.7462511 1.24986679E-3 0 7.70553434E-3 1.52440346E-3
9.7437506 1.25013851E-3 0 7.70385936E-3 1.55071926E-3
9.741251 1.24995329E-3 0 7.70500116E-3 1.58806331E-3
9.7387505 1.25022361E-3 0 7.70333502E-3 1.63874822E-3
9.7362509 1.24958192E-3 8.26064963E-3 1.09796934E-2 1.70801976E-3
9.7337513 1.25030673E-3 4.12793038E-3 9.58866905E-3 1.79526373E-3
9.7312508 1.24966458E-3 4.13005147E-3 9.59359668E-3 1.90131145E-3
9.7287512 1.25038764E-3 4.12766356E-3 9.58804879E-3 2.00951658E-3
9.7262506 1.24974502E-3 4.12978558E-3 9.59297922E-3 2.10787961E-3
9.7237511 1.25001185E-3 4.12890408E-3 9.59093124E-3 2.18340475E-3
9.7212505 1.25027774E-3 0 7.70300208E-3 2.23884289E-3
9.718751 1.24963478E-3 0 7.70696532E-3 2.2822544E-3
9.7162514 1.25035353E-3 0 7.70253502E-3 2.31439737E-3
9.7137508 1.2497101E-3 0 7.70650059E-3 2.3430218E-3
9.7112513 1.24997378E-3 0 7.70487497E-3 2.36529578E-3
9.7087507 1.25023653E-3 4.12816228E-3 9.58920829E-3 2.3841355E-3
9.7062502 1.25004561E-3 4.12879279E-3 9.59067233E-3 2.40131933E-3
9.7037506 1.24985445E-3 4.12942423E-3 9.59213916E-3 2.41686031E-3
9.701251 1.25011546E-3 4.12856229E-3 9.59013682E-3 2.43069185E-3
9.6987505 1.24992337E-3 4.12919652E-3 9.59161017E-3 2.44473363E-3
9.6962509 1.24973117E-3 0 7.70637067E-3 2.45782896E-3
9.6937513 1.250442E-3 4.12748381E-3 9.58763156E-3 2.46794685E-3
9.6912508 1.24979706E-3 4.12961375E-3 9.59257968E-3 2.47950177E-3
9.6887512 1.25005492E-3 4.12876206E-3 9.59060062E-3 2.4862804E-3
9.6862507 1.24986097E-3 0 7.7055702E-3 2.48469389E-3
9.6837511 1.25011755E-3 4.1285553E-3 9.59012005E-3 2.46101758E-3
9.6812506 1.24992279E-3 8.25839676E-3 1.09766992E-2 2.40194146E-3
9.678751 1.25017797E-3 0 7.70361675E-3 2.3021528E-3
9.6762505 1.24998228E-3 4.12900187E-3 9.59115848E-3 2.17868411E-3
9.6737509 1.24978647E-3 4.12964914E-3 9.59266163E-3 2.0544529E-3
9.6712513 1.2500399E-3 0 7.70446751E-3 1.94416766E-3
9.6687508 1.24984316E-3 4.12946148E-3 9.59222578E-3 1.85225194E-3
9.6662512 1.25009532E-3 4.12862841E-3 9.59029142E-3 1.77491223E-3
9.6637516 1.24989776E-3 0 7.70534389E-3 1.71059486E-3
9.6612511 1.25014852E-3 8.25690571E-3 1.09747164E-2 1.65571459E-3
9.6587515 1.24995015E-3 0 7.70502072E-3 1.60927617E-3
9.656251 1.25019962E-3 0 7.7034831E-3 1.56816805E-3
9.6537504 1.25000032E-3 0 7.70471152E-3 1.53231318E-3
9.6512508 1.24980079E-3 0 7.70594133E-3 1.50038721E-3
9.6487513 1.25004863E-3 0 7.70441396E-3 1.47140014E-3
9.6462507 1.24984828E-3 0 7.70564843E-3 1.44593779E-3
9.6437511 1.25009473E-3 0 7.70412944E-3 1.42236904E-3
9.6412506 1.25034025E-3 4.12781956E-3 9.58841201E-3 1.40080915E-3
9.638751 1.24969194E-3 0 7.70661235E-3 1.38198852E-3
9.6362514 1.24993664E-3 0 7.70510361E-3 1.36422995E-3
9.6337509 1.25018053E-3 4.12834715E-3 9.58963763E-3 1.34846487E-3
9.6312513 1.24997762E-3 4.12901724E-3 9.59119387E-3 1.3340544E-3
9.6287508 1.24977459E-3 0 7.70610292E-3 1.31903635E-3
9.6262512 1.25001674E-3 0 7.70461047E-3 1.30267721E-3
9.6237507 1.25025795E-3 0 7.70312361E-3 1.28621981E-3
9.6212511 1.25005341E-3 0 7.70438416E-3 1.27081049E-3
9.6187506 1.24984863E-3 0 7.7056461E-3 1.2561545E-3
