READ SERR 1 2
@NeX_10_pow+windprof.pco
!
10.347501 2.50007352E-3 2.06441083E-3 4.79537016E-3 5.92417223E-3
10.342501 2.49971519E-3 1.44529482E-2 7.81260803E-3 5.945615E-3
10.337501 2.50038109E-3 0 3.85176949E-3 5.96650178E-3
10.3325 2.50001578E-3 8.25783424E-3 6.5638423E-3 5.99446474E-3
10.327501 2.4996479E-3 4.12952481E-3 5.48878359E-3 6.03377726E-3
10.322501 2.50030169E-3 2.06422247E-3 4.79493244E-3 6.10379595E-3
10.317501 2.49992707E-3 4.1290638E-3 5.48817078E-3 6.24777237E-3
10.312501 2.50006095E-3 4.12884261E-3 5.48787694E-3 6.47603581E-3
10.307501 2.4996805E-3 4.12947126E-3 5.48871234E-3 6.75829127E-3
10.302501 2.50031753E-3 6.19262876E-3 6.0615344E-3 7.05116382E-3
10.297501 2.49993009E-3 6.19358802E-3 6.06247317E-3 7.34710833E-3
10.2925 2.50004954E-3 6.19329279E-3 6.06218399E-3 7.6445709E-3
10.287501 2.49965629E-3 8.25902261E-3 6.56478619E-3 7.95233902E-3
10.282501 2.50027678E-3 1.03212157E-2 7.01412419E-3 8.27031955E-3
10.277501 2.49987701E-3 6.1937198E-3 6.06260216E-3 8.60869046E-3
10.272501 2.49998178E-3 6.19346043E-3 6.06234837E-3 8.96723103E-3
10.267501 2.5000826E-3 4.12880676E-3 5.48782898E-3 9.35352873E-3
10.262501 2.50017969E-3 2.06432329E-3 4.7951662E-3 9.77383833E-3
10.257501 2.49976735E-3 8.25865474E-3 6.56449422E-3 1.02404496E-2
10.252501 2.49985792E-3 1.23875346E-2 7.42854876E-3 1.07633825E-2
10.247501 2.50044907E-3 1.03205051E-2 7.0136413E-3 1.13542788E-2
10.242501 2.49952264E-3 2.06486601E-2 8.83498229E-3 1.20274741E-2
10.237501 2.50010611E-3 1.23863043E-2 7.42781069E-3 1.27634536E-2
10.232501 2.50018132E-3 1.85788982E-2 8.51016492E-3 1.35545097E-2
10.227501 2.49975012E-3 1.03233904E-2 7.01560266E-3 1.43680545E-2
10.222501 2.50032078E-3 2.47704834E-2 9.43489932E-3 1.5126925E-2
10.217501 2.49988283E-3 1.85811166E-2 8.51118099E-3 1.56901442E-2
10.212501 2.49994383E-3 1.85806621E-2 8.5109733E-3 1.5841892E-2
10.207501 2.50000111E-3 1.23868249E-2 7.42812315E-3 1.5506695E-2
10.202501 2.50005443E-3 1.85798407E-2 8.51059705E-3 1.48062911E-2
10.197501 2.50010425E-3 2.68370137E-2 9.71933268E-3 1.39061362E-2
10.192501 2.50015012E-3 1.65147819E-2 8.17077048E-3 1.2901905E-2
10.187501 2.49969354E-3 8.25889874E-3 6.56468794E-3 1.1843292E-2
10.182501 2.50023138E-3 1.44499652E-2 7.81099498E-3 1.07538812E-2
10.177501 2.49976828E-3 1.03233149E-2 7.01555144E-3 9.67181381E-3
10.172501 2.5002975E-3 4.12845192E-3 5.48735727E-3 8.6287139E-3
10.1675 2.49982812E-3 8.2584545E-3 6.56433497E-3 7.71630416E-3
10.162501 2.4998528E-3 6.19377987E-3 6.0626613E-3 7.05766492E-3
10.157501 2.49987352E-3 6.19372819E-3 6.06261054E-3 6.70639938E-3
10.152501 2.50038598E-3 8.25661141E-3 6.56287E-3 6.57029171E-3
10.147501 2.49990379E-3 0 3.85250477E-3 6.52935589E-3
NO NO NO NO NO
10.347501 2.50007352E-3 0 3.8522433E-3 4.88052564E-3
10.342501 2.49971519E-3 8.25882796E-3 6.56463159E-3 4.90924716E-3
10.337501 2.50038109E-3 8.25662818E-3 6.56288303E-3 4.93437238E-3
10.3325 2.50001578E-3 4.12891712E-3 5.48797566E-3 4.96146083E-3
10.327501 2.4996479E-3 1.23885749E-2 7.42917228E-3 4.99378284E-3
10.322501 2.50030169E-3 0 3.85189173E-3 5.04339393E-3
10.317501 2.49992707E-3 2.0645319E-3 4.79565095E-3 5.14424872E-3
10.312501 2.50006095E-3 6.19326392E-3 6.06215606E-3 5.31679532E-3
10.307501 2.4996805E-3 1.03236781E-2 7.01579778E-3 5.54732839E-3
10.302501 2.50031753E-3 6.19262876E-3 6.0615344E-3 5.79629978E-3
10.297501 2.49993009E-3 4.12905868E-3 5.48816379E-3 6.05036877E-3
10.2925 2.50004954E-3 4.12886171E-3 5.48790209E-3 6.30410528E-3
10.287501 2.49965629E-3 4.1295113E-3 5.48876496E-3 6.56219479E-3
10.282501 2.50027678E-3 1.65139437E-2 8.17035697E-3 6.82482496E-3
10.277501 2.49987701E-3 1.0322866E-2 7.01524643E-3 7.10165733E-3
10.272501 2.49998178E-3 4.12897347E-3 5.48805064E-3 7.39295362E-3
10.267501 2.5000826E-3 2.06440338E-3 4.79535246E-3 7.7041015E-3
10.262501 2.50017969E-3 1.03216162E-2 7.0143966E-3 8.03895853E-3
10.257501 2.49976735E-3 6.19399128E-3 6.06286805E-3 8.40705819E-3
10.252501 2.49985792E-3 1.44521231E-2 7.81216146E-3 8.81510321E-3
10.247501 2.50044907E-3 1.03205051E-2 7.0136413E-3 9.27228946E-3
10.242501 2.49952264E-3 4.12973203E-3 5.48905879E-3 9.79589485E-3
10.237501 2.50010611E-3 1.23863043E-2 7.42781069E-3 1.03771351E-2
10.232501 2.50018132E-3 1.03216097E-2 7.01439241E-3 1.10136066E-2
10.227501 2.49975012E-3 1.44527471E-2 7.8124986E-3 1.16850073E-2
10.222501 2.50032078E-3 1.03210341E-2 7.01400125E-3 1.23448381E-2
10.217501 2.49988283E-3 1.03228418E-2 7.01522967E-3 1.29055027E-2
10.212501 2.49994383E-3 1.85806621E-2 8.5109733E-3 1.31886788E-2
10.207501 2.50000111E-3 1.03223538E-2 7.01489812E-3 1.3068527E-2
10.202501 2.50005443E-3 1.85798407E-2 8.51059705E-3 1.25872223E-2
10.197501 2.50010425E-3 1.44507E-2 7.81139219E-3 1.18831331E-2
10.192501 2.50015012E-3 1.23860864E-2 7.42768031E-3 1.10561354E-2
10.187501 2.49969354E-3 8.25889874E-3 6.56468794E-3 1.01631125E-2
10.182501 2.50023138E-3 2.06428068E-3 4.79506748E-3 9.238014E-3
10.177501 2.49976828E-3 6.19398896E-3 6.06286572E-3 8.31654295E-3
10.172501 2.5002975E-3 6.19267812E-3 6.06158283E-3 7.41408439E-3
10.1675 2.49982812E-3 1.03230681E-2 7.01538334E-3 6.58579962E-3
10.162501 2.4998528E-3 4.12918674E-3 5.48833376E-3 5.92735317E-3
10.157501 2.49987352E-3 4.12915228E-3 5.48828812E-3 5.51879406E-3
10.152501 2.50038598E-3 4.12830571E-3 5.48716309E-3 5.32209314E-3
10.147501 2.49990379E-3 6.19365321E-3 6.06253743E-3 5.23749087E-3
NO NO NO NO NO
10.348751 1.25008146E-3 0 7.7042114E-3 1.9853625E-3
10.346251 1.24999217E-3 0 7.70476181E-3 1.98754808E-3
10.343751 1.24990253E-3 1.23877963E-2 1.21255536E-2 1.99004309E-3
10.341251 1.24981254E-3 4.12956253E-3 9.59246047E-3 1.99265359E-3
10.338751 1.25023606E-3 8.25632736E-3 1.09739481E-2 1.99432182E-3
10.33625 1.25014503E-3 4.12846403E-3 9.58990958E-3 1.99657376E-3
10.333751 1.25005376E-3 4.12876578E-3 9.59060993E-3 1.9987179E-3
10.33125 1.24996202E-3 4.12906846E-3 9.59131308E-3 2.00101058E-3
10.328751 1.24987017E-3 4.12937254E-3 9.59201902E-3 2.00359174E-3
10.326251 1.24977785E-3 1.23890322E-2 1.21267634E-2 2.00650445E-3
10.323751 1.25019753E-3 4.12829081E-3 9.58950724E-3 2.00931448E-3
10.321251 1.25010416E-3 0 7.70407123E-3 2.01556529E-3
10.31875 1.25001045E-3 4.12890874E-3 9.59094148E-3 2.02932674E-3
10.316251 1.2499165E-3 0 7.70522794E-3 2.05679541E-3
10.313751 1.24982221E-3 0 7.70580908E-3 2.09965953E-3
10.311251 1.25023862E-3 4.1281553E-3 9.58919153E-3 2.15183641E-3
10.308751 1.24963257E-3 0 7.70697882E-3 2.20843265E-3
10.306252 1.25004782E-3 0 7.70441862E-3 2.26196065E-3
10.303751 1.24995189E-3 0 7.70501001E-3 2.31432426E-3
10.301251 1.25036563E-3 0 7.70246051E-3 2.36427365E-3
10.298751 1.24975876E-3 0 7.7062007E-3 2.41554761E-3
10.296251 1.25017134E-3 0 7.70365726E-3 2.46485276E-3
10.293751 1.25007366E-3 0 7.7042589E-3 2.51552556E-3
10.291251 1.24997576E-3 4.12902376E-3 9.59120877E-3 2.56680418E-3
10.288751 1.24987739E-3 0 7.70546868E-3 2.61893286E-3
10.286251 1.2497789E-3 4.12967382E-3 9.59271938E-3 2.67212605E-3
10.283751 1.25018822E-3 8.25664308E-3 1.09743681E-2 2.72541773E-3
10.281251 1.25008856E-3 0 7.70416716E-3 2.78106355E-3
10.278751 1.24998868E-3 4.12898092E-3 9.59111005E-3 2.83801649E-3
10.276251 1.24988833E-3 0 7.70540163E-3 2.89642462E-3
10.273751 1.25029508E-3 0 7.70289497E-3 2.95545137E-3
10.271251 1.2496867E-3 4.12997836E-3 9.59342718E-3 3.01922392E-3
10.268751 1.25009229E-3 0 7.70414434E-3 3.08320159E-3
10.266251 1.24999043E-3 0 7.70477252E-3 3.15102749E-3
10.263751 1.2498881E-3 8.25862586E-3 1.09770037E-2 3.22134118E-3
10.26125 1.25029171E-3 0 7.70291593E-3 3.29304161E-3
10.258751 1.24968251E-3 0 7.70667102E-3 3.3708415E-3
10.256251 1.25008496E-3 0 7.70418998E-3 3.45046679E-3
10.253751 1.249981E-3 4.12900606E-3 9.59116779E-3 3.53719643E-3
10.251251 1.2498768E-3 0 7.70547288E-3 3.63039458E-3
10.248751 1.25027716E-3 4.12802817E-3 9.5888963E-3 3.72877647E-3
10.246251 1.25017192E-3 4.12837556E-3 9.58970375E-3 3.83548858E-3
10.243751 1.2495619E-3 0 7.70741422E-3 3.95122077E-3
10.241251 1.24996062E-3 0 7.70495599E-3 4.07163659E-3
10.238751 1.2503583E-3 0 7.70250522E-3 4.19948436E-3
10.236251 1.24974782E-3 4.12977673E-3 9.59295779E-3 4.33749706E-3
10.233751 1.25014444E-3 0 7.7038235E-3 4.47813328E-3
10.231251 1.25003688E-3 4.12882166E-3 9.59073938E-3 4.62606363E-3
10.228751 1.24992908E-3 0 7.70515064E-3 4.77909576E-3
10.226252 1.24982093E-3 8.25907011E-3 1.09775933E-2 4.93688928E-3
10.223751 1.25021487E-3 8.25646706E-3 1.09741343E-2 5.09623811E-3
10.221251 1.25010579E-3 0 7.70406146E-3 5.25808381E-3
10.218751 1.24999625E-3 0 7.7047362E-3 5.41296974E-3
10.21625 1.24988658E-3 4.12931805E-3 9.59189329E-3 5.54379914E-3
10.213751 1.24977645E-3 4.12968174E-3 9.592738E-3 5.62414248E-3
10.211251 1.25016726E-3 4.12839092E-3 9.58973914E-3 5.63162612E-3
10.208751 1.2500562E-3 4.12875786E-3 9.5905913E-3 5.5725351E-3
10.206251 1.24994479E-3 0 7.70505378E-3 5.464633E-3
10.203752 1.24983315E-3 1.23884836E-2 1.21262269E-2 5.32799354E-3
10.201251 1.25022128E-3 1.23846373E-2 1.21224616E-2 5.1730345E-3
10.19875 1.25010859E-3 4.12858464E-3 9.59018897E-3 5.00950264E-3
10.196251 1.24999555E-3 8.2579162E-3 1.09760603E-2 4.83740494E-3
10.193751 1.24988228E-3 4.12933249E-3 9.59192589E-3 4.65805922E-3
10.191251 1.25026784E-3 8.25611781E-3 1.09736696E-2 4.47095092E-3
10.188751 1.24965457E-3 8.26017E-3 1.09790554E-2 4.28298255E-3
10.186251 1.25003909E-3 0 7.70447263E-3 4.08874918E-3
10.183751 1.24992419E-3 0 7.70518091E-3 3.89462989E-3
10.181251 1.25030708E-3 4.12792899E-3 9.58866626E-3 3.69811151E-3
10.178751 1.24969322E-3 8.25991388E-3 1.09787155E-2 3.50406184E-3
10.176251 1.25007506E-3 0 7.70425051E-3 3.30704171E-3
10.173751 1.24995853E-3 4.1290801E-3 9.59134009E-3 3.11158528E-3
10.171251 1.25033897E-3 0 7.70262443E-3 2.91593303E-3
10.168751 1.24972442E-3 0 7.70641258E-3 2.72648642E-3
10.166251 1.2501037E-3 0 7.70407403E-3 2.54729739E-3
10.163751 1.24998554E-3 0 7.70480232E-3 2.39800313E-3
10.161251 1.24986714E-3 4.12938232E-3 9.5920423E-3 2.29380652E-3
10.158751 1.25024444E-3 0 7.70320697E-3 2.23636837E-3
10.156251 1.24962919E-3 4.13016882E-3 9.59386863E-3 2.21491419E-3
10.153751 1.25000544E-3 4.1289255E-3 9.5909806E-3 2.20873929E-3
10.151251 1.25038065E-3 4.12768638E-3 9.58810281E-3 2.20906246E-3
10.148751 1.24976481E-3 0 7.70616345E-3 2.21280055E-3
NO NO NO NO NO
10.348751 1.25008146E-3 0 7.7042114E-3 5.9605774E-4
10.346251 1.24999217E-3 0 7.70476181E-3 5.95394056E-4
10.343751 1.24990253E-3 0 7.70531408E-3 5.93120756E-4
10.341251 1.24981254E-3 0 7.70586869E-3 5.8870716E-4
10.338751 1.25023606E-3 0 7.70325819E-3 5.81121072E-4
10.33625 1.25014503E-3 0 7.70381931E-3 5.69727155E-4
10.333751 1.25005376E-3 4.12876578E-3 9.59060993E-3 5.54240309E-4
10.33125 1.24996202E-3 0 7.70494714E-3 5.37052518E-4
10.328751 1.24987017E-3 0 7.70551385E-3 5.21454262E-4
10.326251 1.24977785E-3 0 7.70608289E-3 5.09438163E-4
10.323751 1.25019753E-3 0 7.70349614E-3 5.01512666E-4
10.321251 1.25010416E-3 0 7.70407123E-3 4.99053334E-4
10.31875 1.25001045E-3 0 7.70464865E-3 5.02812851E-4
10.316251 1.2499165E-3 0 7.70522794E-3 5.13297389E-4
10.313751 1.24982221E-3 0 7.70580908E-3 5.30047226E-4
10.311251 1.25023862E-3 0 7.70324236E-3 5.51695004E-4
10.308751 1.24963257E-3 4.13015764E-3 9.59384255E-3 5.7736825E-4
10.306252 1.25004782E-3 0 7.70441862E-3 6.0474471E-4
10.303751 1.24995189E-3 0 7.70501001E-3 6.33655582E-4
10.301251 1.25036563E-3 0 7.70246051E-3 6.63709478E-4
10.298751 1.24975876E-3 0 7.7062007E-3 6.97035983E-4
10.296251 1.25017134E-3 4.12837742E-3 9.58970748E-3 7.34630739E-4
10.293751 1.25007366E-3 4.12870012E-3 9.59045719E-3 7.77598238E-4
10.291251 1.24997576E-3 0 7.70486286E-3 8.23149632E-4
10.288751 1.24987739E-3 0 7.70546868E-3 8.67912488E-4
10.286251 1.2497789E-3 4.12967382E-3 9.59271938E-3 9.10174975E-4
10.283751 1.25018822E-3 0 7.70355295E-3 9.48982255E-4
10.281251 1.25008856E-3 0 7.70416716E-3 9.8447327E-4
10.278751 1.24998868E-3 4.12898092E-3 9.59111005E-3 1.01493404E-3
10.276251 1.24988833E-3 0 7.70540163E-3 1.03854598E-3
10.273751 1.25029508E-3 0 7.70289497E-3 1.05398137E-3
10.271251 1.2496867E-3 0 7.70664494E-3 1.06456666E-3
10.268751 1.25009229E-3 0 7.70414434E-3 1.07334449E-3
10.266251 1.24999043E-3 0 7.70477252E-3 1.08660816E-3
10.263751 1.2498881E-3 0 7.70540303E-3 1.10694882E-3
10.26125 1.25029171E-3 0 7.70291593E-3 1.13563158E-3
10.258751 1.24968251E-3 0 7.70667102E-3 1.17628509E-3
10.256251 1.25008496E-3 0 7.70418998E-3 1.22735696E-3
10.253751 1.249981E-3 0 7.70483026E-3 1.28543191E-3
10.251251 1.2498768E-3 0 7.70547288E-3 1.34217308E-3
10.248751 1.25027716E-3 0 7.70300534E-3 1.3942247E-3
10.246251 1.25017192E-3 0 7.703654E-3 1.44712138E-3
10.243751 1.2495619E-3 0 7.70741422E-3 1.50740636E-3
10.241251 1.24996062E-3 0 7.70495599E-3 1.57607091E-3
10.238751 1.2503583E-3 0 7.70250522E-3 1.65460748E-3
10.236251 1.24974782E-3 0 7.70626822E-3 1.74492004E-3
10.233751 1.25014444E-3 4.12846636E-3 9.58991423E-3 1.84518425E-3
10.231251 1.25003688E-3 0 7.70448614E-3 1.9573716E-3
10.228751 1.24992908E-3 0 7.70515064E-3 2.07900326E-3
10.226252 1.24982093E-3 4.12953505E-3 9.59239621E-3 2.20754673E-3
10.223751 1.25021487E-3 0 7.70338904E-3 2.33843643E-3
10.221251 1.25010579E-3 0 7.70406146E-3 2.47082021E-3
10.218751 1.24999625E-3 0 7.7047362E-3 2.60177744E-3
10.21625 1.24988658E-3 0 7.70541281E-3 2.72321654E-3
10.213751 1.24977645E-3 4.12968174E-3 9.592738E-3 2.81774392E-3
10.211251 1.25016726E-3 4.12839092E-3 9.58973914E-3 2.86836899E-3
10.208751 1.2500562E-3 0 7.70436693E-3 2.87501235E-3
10.206251 1.24994479E-3 0 7.70505378E-3 2.84606079E-3
10.203752 1.24983315E-3 0 7.70574203E-3 2.79241637E-3
10.201251 1.25022128E-3 8.25642515E-3 1.09740775E-2 2.72099418E-3
10.19875 1.25010859E-3 4.12858464E-3 9.59018897E-3 2.64005922E-3
10.196251 1.24999555E-3 4.1289581E-3 9.59105603E-3 2.55244481E-3
10.193751 1.24988228E-3 0 7.70543935E-3 2.45915586E-3
10.191251 1.25026784E-3 0 7.70306261E-3 2.35893996E-3
10.188751 1.24965457E-3 4.130085E-3 9.59367398E-3 2.25542649E-3
10.186251 1.25003909E-3 0 7.70447263E-3 2.14664568E-3
10.183751 1.24992419E-3 8.25838838E-3 1.09766871E-2 2.03641737E-3
10.181251 1.25030708E-3 4.12792899E-3 9.58866626E-3 1.92302733E-3
10.178751 1.24969322E-3 0 7.7066049E-3 1.80893089E-3
10.176251 1.25007506E-3 4.12869547E-3 9.59044602E-3 1.69282616E-3
10.173751 1.24995853E-3 0 7.70496856E-3 1.57928246E-3
10.171251 1.25033897E-3 0 7.70262443E-3 1.46866497E-3
10.168751 1.24972442E-3 0 7.70641258E-3 1.36416627E-3
10.166251 1.2501037E-3 0 7.70407403E-3 1.26730732E-3
10.163751 1.24998554E-3 0 7.70480232E-3 1.18685304E-3
10.161251 1.24986714E-3 8.25876463E-3 1.09771881E-2 1.12982362E-3
10.158751 1.25024444E-3 0 7.70320697E-3 1.09671452E-3
10.156251 1.24962919E-3 0 7.70699978E-3 1.08190358E-3
10.153751 1.25000544E-3 4.1289255E-3 9.5909806E-3 1.07541541E-3
10.151251 1.25038065E-3 4.12768638E-3 9.58810281E-3 1.07514218E-3
10.148751 1.24976481E-3 0 7.70616345E-3 1.08266552E-3
