READ SERR 1 2
@NeX_windprof.pco
!
12.177502 2.50014896E-3 2.06434866E-3 4.79522534E-3 5.43978624E-3
12.172501 2.50023301E-3 4.12855856E-3 5.48749883E-3 6.0697319E-3
12.167501 2.49960297E-3 6.19439874E-3 6.06326666E-3 6.75443001E-3
12.162501 2.50039366E-3 1.23848794E-2 7.42695667E-3 7.49972556E-3
12.157501 2.49975943E-3 8.25868174E-3 6.56451518E-3 8.3275158E-3
12.152501 2.4998337E-3 1.44522628E-2 7.8122369E-3 9.25538037E-3
12.147502 2.49990541E-3 1.65163986E-2 8.17157049E-3 1.03302598E-2
12.142502 2.49997433E-3 1.85804348E-2 8.51086993E-3 1.16328401E-2
12.137502 2.50004069E-3 1.4451067E-2 7.81159056E-3 1.33100525E-2
12.132502 2.50010425E-3 1.23863136E-2 7.42781674E-3 1.54660782E-2
12.127501 2.50016502E-3 2.47720256E-2 9.43548698E-3 1.78978089E-2
12.122501 2.500223E-3 1.44500118E-2 7.81102059E-3 2.00962853E-2
12.117501 2.49957293E-3 1.23889465E-2 7.42939534E-3 2.16250941E-2
12.112501 2.50033196E-3 3.30271609E-2 1.05122905E-2 2.23300476E-2
12.107501 2.49967747E-3 3.51005457E-2 1.0763634E-2 2.23193076E-2
12.102501 2.50042998E-3 4.12823334E-2 1.14666158E-2 2.17167623E-2
12.097501 2.4997713E-3 2.68405862E-2 9.72062722E-3 2.06864383E-2
12.092502 2.49981461E-3 2.89047472E-2 9.99396667E-3 1.93214715E-2
12.087502 2.49985512E-3 2.06459146E-2 8.83380696E-3 1.77146159E-2
12.082501 2.50059436E-3 2.8895732E-2 9.99084953E-3 1.59272533E-2
12.0775 2.49992753E-3 1.65162515E-2 8.17149784E-3 1.40240947E-2
12.072501 2.49996013E-3 1.2387028E-2 7.42824469E-3 1.20331831E-2
12.067501 2.49998993E-3 1.44513594E-2 7.81174889E-3 9.99148376E-3
12.062501 2.50001717E-3 1.65156592E-2 8.17120541E-3 7.92956073E-3
12.057501 2.50004185E-3 8.25774856E-3 6.56377338E-3 5.88971423E-3
12.052501 2.50006397E-3 8.25767592E-3 6.5637161E-3 3.94948339E-3
12.047502 2.49938574E-3 6.19493704E-3 6.06379379E-3 2.28385068E-3
12.042501 2.50010053E-3 2.06438871E-3 4.79531847E-3 1.11664797E-3
12.037501 2.5001145E-3 4.12875414E-3 5.48775913E-3 5.04645577E-4
12.032501 2.50012614E-3 0 3.85216251E-3 2.6138252E-4
12.027501 2.50013499E-3 4.12872061E-3 5.48771443E-3 1.6966142E-4
NO NO NO NO NO
12.177502 2.50014896E-3 6.19304599E-3 6.06194278E-3 4.96471114E-3
12.172501 2.50023301E-3 8.25711712E-3 6.5632714E-3 5.54300519E-3
12.167501 2.49960297E-3 2.06479942E-3 4.79627261E-3 6.16010325E-3
12.162501 2.50039366E-3 6.1924397E-3 6.06134953E-3 6.81999372E-3
12.157501 2.49975943E-3 8.25868174E-3 6.56451518E-3 7.54261902E-3
12.152501 2.4998337E-3 1.23876538E-2 7.42862001E-3 8.3404677E-3
12.147502 2.49990541E-3 4.12909966E-3 5.48821827E-3 9.24522243E-3
12.142502 2.49997433E-3 1.65159423E-2 8.17134511E-3 1.03171775E-2
12.137502 2.50004069E-3 2.06443816E-2 8.83315131E-3 1.16859619E-2
12.132502 2.50010425E-3 2.06438564E-2 8.83292686E-3 1.35100875E-2
12.127501 2.50016502E-3 3.09650321E-2 1.02569126E-2 1.57509521E-2
12.122501 2.500223E-3 1.65142994E-2 8.17053206E-3 1.8018879E-2
12.117501 2.49957293E-3 2.89075412E-2 9.99493245E-3 1.98246352E-2
12.112501 2.50033196E-3 3.09629645E-2 1.0256228E-2 2.08932161E-2
12.107501 2.49967747E-3 2.47768555E-2 9.43732727E-3 2.12459322E-2
12.102501 2.50042998E-3 2.27052849E-2 9.13955271E-3 2.09691413E-2
12.097501 2.4997713E-3 1.44526241E-2 7.81243201E-3 2.02214569E-2
12.092502 2.49981461E-3 2.0646248E-2 8.83395039E-3 1.9103108E-2
12.087502 2.49985512E-3 3.30334604E-2 1.05142957E-2 1.7711632E-2
12.082501 2.50059436E-3 1.03199044E-2 7.01323338E-3 1.61155593E-2
12.0775 2.49992753E-3 2.06453148E-2 8.83355085E-3 1.43838795E-2
12.072501 2.49996013E-3 1.8580541E-2 8.51091836E-3 1.25442939E-2
12.067501 2.49998993E-3 1.44513594E-2 7.81174889E-3 1.06352735E-2
12.062501 2.50001717E-3 1.03222867E-2 7.01485248E-3 8.68515298E-3
12.057501 2.50004185E-3 1.03221852E-2 7.01478356E-3 6.72250101E-3
12.052501 2.50006397E-3 6.19325694E-3 6.06214907E-3 4.79780184E-3
12.047502 2.49938574E-3 4.12995787E-3 5.48935914E-3 3.03952862E-3
12.042501 2.50010053E-3 8.25755484E-3 6.56361971E-3 1.66248763E-3
12.037501 2.5001145E-3 4.12875414E-3 5.48775913E-3 8.16696847E-4
12.032501 2.50012614E-3 2.06436752E-3 4.79526957E-3 4.13631409E-4
12.027501 2.50013499E-3 4.12872061E-3 5.48771443E-3 2.40936512E-4
NO NO NO NO NO
12.178752 1.24997471E-3 1.2387081E-2 1.21248532E-2 1.97350211E-3
12.176251 1.25017425E-3 0 7.7036391E-3 2.08569714E-3
12.173752 1.24966097E-3 0 7.70680327E-3 2.20246613E-3
12.171251 1.25057204E-3 4.12705448E-3 9.58663505E-3 2.32034316E-3
12.168751 1.2500583E-3 8.25750176E-3 1.0975509E-2 2.44496181E-3
12.166251 1.24954479E-3 4.13044775E-3 9.59451683E-3 2.57430435E-3
12.163751 1.25045388E-3 0 7.70191662E-3 2.70564412E-3
12.161251 1.2499399E-3 0 7.70508405E-3 2.84543098E-3
12.158751 1.24942616E-3 8.26167967E-3 1.09810624E-2 2.99151312E-3
12.156252 1.25033327E-3 0 7.70265982E-3 3.14116827E-3
12.153751 1.24981906E-3 0 7.70582911E-3 3.30191758E-3
12.151252 1.25001476E-3 0 7.70462258E-3 3.46896425E-3
12.148751 1.25020999E-3 4.12824983E-3 9.58941132E-3 3.64526222E-3
12.146252 1.24969543E-3 4.12994949E-3 9.59335919E-3 3.83487088E-3
12.143751 1.25059893E-3 8.253932E-3 1.09707639E-2 4.03424632E-3
12.141252 1.2493754E-3 0 7.70856487E-3 4.26046178E-3
12.138751 1.25027774E-3 4.12802584E-3 9.58889164E-3 4.51183319E-3
12.136251 1.24976283E-3 1.65189076E-2 1.31302588E-2 4.82497131E-3
12.133752 1.24995585E-3 1.23872673E-2 1.21250367E-2 5.22299996E-3
12.131251 1.25014829E-3 1.23853609E-2 1.21231694E-2 5.72251808E-3
12.128751 1.25034025E-3 4.12782002E-3 9.58841294E-3 6.2989993E-3
12.126251 1.24982477E-3 0 7.70579372E-3 6.89850841E-3
12.123751 1.25001615E-3 8.25778022E-3 1.09758796E-2 7.45194638E-3
12.121251 1.25020696E-3 1.23847798E-2 1.21226013E-2 7.92046078E-3
12.118751 1.24969136E-3 8.25992599E-3 1.09787323E-2 8.29035416E-3
12.116251 1.24988158E-3 1.65173374E-2 1.31290108E-2 8.55172426E-3
12.113751 1.25007133E-3 4.12870757E-3 9.59047489E-3 8.7173013E-3
12.111251 1.25026051E-3 8.25616624E-3 1.09737338E-2 8.798155E-3
12.108751 1.24974444E-3 8.25957581E-3 1.09782657E-2 8.81033204E-3
12.106252 1.24993303E-3 8.25832877E-3 1.09766088E-2 8.75365175E-3
12.103751 1.25012116E-3 1.23856291E-2 1.21234329E-2 8.64154007E-3
12.101251 1.25030871E-3 1.23837711E-2 1.21216141E-2 8.48163478E-3
12.098751 1.24979217E-3 8.2592601E-3 1.09778466E-2 8.28582793E-3
12.096251 1.24997913E-3 1.23870363E-2 1.21248104E-2 8.05082452E-3
12.093751 1.25016563E-3 0 7.70369265E-3 7.78629351E-3
12.091251 1.24964886E-3 4.13010363E-3 9.59371682E-3 7.50059215E-3
12.088752 1.24983478E-3 0 7.70573178E-3 7.18903402E-3
12.086252 1.25002023E-3 8.25775322E-3 1.09758433E-2 6.85949344E-3
12.083752 1.2502051E-3 4.12826613E-3 9.5894495E-3 6.5148077E-3
12.081251 1.25038938E-3 1.2382973E-2 1.21208327E-2 6.15747087E-3
12.078751 1.24987192E-3 8.25873297E-3 1.09771462E-2 5.79295633E-3
12.076251 1.25005562E-3 0 7.70437019E-3 5.41624753E-3
12.073751 1.24953827E-3 4.13046917E-3 9.59456619E-3 5.03473636E-3
12.071251 1.25042186E-3 8.25510081E-3 1.09723182E-2 4.64080228E-3
12.068751 1.24990393E-3 8.25852156E-3 1.0976865E-2 4.24643792E-3
12.066251 1.25008612E-3 1.23859774E-2 1.21237729E-2 3.84518318E-3
12.063751 1.24956819E-3 4.13036998E-3 9.59433615E-3 3.44284019E-3
12.061252 1.2504491E-3 0 7.70194642E-3 3.03450273E-3
12.058751 1.2499307E-3 4.1291723E-3 9.59155429E-3 2.62820022E-3
12.056251 1.25011127E-3 8.25715158E-3 1.09750442E-2 2.21954938E-3
12.053751 1.24959287E-3 8.26057699E-3 1.09795965E-2 1.81210809E-3
12.051251 1.25047099E-3 4.12738835E-3 9.58740991E-3 1.40510569E-3
12.048751 1.24995213E-3 4.12910152E-3 9.59138945E-3 1.01082644E-3
12.046251 1.24943361E-3 4.13081516E-3 9.59536992E-3 6.50623231E-4
12.043752 1.25030975E-3 0 7.70280464E-3 3.60459177E-4
12.041251 1.24979077E-3 0 7.70600326E-3 1.67528851E-4
12.038752 1.24996866E-3 4.12904704E-3 9.59126279E-3 6.56696211E-5
12.036251 1.25014596E-3 0 7.70381372E-3 2.34786312E-5
12.033751 1.25032279E-3 0 7.70272454E-3 9.58541204E-6
12.031251 1.24980335E-3 0 7.70592596E-3 5.77589253E-6
12.028751 1.2499796E-3 4.12901072E-3 9.59117897E-3 4.52678205E-6
NO NO NO NO NO
12.178752 1.24997471E-3 0 7.70486938E-3 0
12.176251 1.25017425E-3 0 7.7036391E-3 0
12.173752 1.24966097E-3 0 7.70680327E-3 0
12.171251 1.25057204E-3 0 7.70118879E-3 0
12.168751 1.2500583E-3 0 7.70435436E-3 0
12.166251 1.24954479E-3 0 7.70752039E-3 0
12.163751 1.25045388E-3 0 7.70191662E-3 0
12.161251 1.2499399E-3 0 7.70508405E-3 0
12.158751 1.24942616E-3 0 7.70825241E-3 0
12.156252 1.25033327E-3 0 7.70265982E-3 0
12.153751 1.24981906E-3 0 7.70582911E-3 0
12.151252 1.25001476E-3 0 7.70462258E-3 0
12.148751 1.25020999E-3 0 7.70341931E-3 0
12.146252 1.24969543E-3 0 7.70659093E-3 0
12.143751 1.25059893E-3 0 7.70102348E-3 0
12.141252 1.2493754E-3 0 7.70856487E-3 0
12.138751 1.25027774E-3 0 7.70300161E-3 0
12.136251 1.24976283E-3 0 7.70617556E-3 0
12.133752 1.24995585E-3 0 7.70498533E-3 0
12.131251 1.25014829E-3 0 7.70379929E-3 0
12.128751 1.25034025E-3 0 7.70261697E-3 0
12.126251 1.24982477E-3 0 7.70579372E-3 0
12.123751 1.25001615E-3 0 7.70461373E-3 0
12.121251 1.25020696E-3 0 7.70343794E-3 0
12.118751 1.24969136E-3 0 7.70661654E-3 0
12.116251 1.24988158E-3 0 7.70544307E-3 0
12.113751 1.25007133E-3 0 7.7042738E-3 0
12.111251 1.25026051E-3 0 7.70310778E-3 0
12.108751 1.24974444E-3 0 7.70628918E-3 0
12.106252 1.24993303E-3 0 7.70512596E-3 0
12.103751 1.25012116E-3 0 7.70396646E-3 0
12.101251 1.25030871E-3 0 7.70281116E-3 0
12.098751 1.24979217E-3 0 7.70599488E-3 0
12.096251 1.24997913E-3 0 7.7048419E-3 0
12.093751 1.25016563E-3 0 7.70369265E-3 0
12.091251 1.24964886E-3 0 7.70687824E-3 0
12.088752 1.24983478E-3 0 7.70573178E-3 0
12.086252 1.25002023E-3 0 7.70458858E-3 0
12.083752 1.2502051E-3 0 7.70344958E-3 0
12.081251 1.25038938E-3 0 7.70231383E-3 0
12.078751 1.24987192E-3 0 7.70550314E-3 0
12.076251 1.25005562E-3 0 7.70437019E-3 0
12.073751 1.24953827E-3 0 7.70756043E-3 0
12.071251 1.25042186E-3 0 7.70211406E-3 0
12.068751 1.24990393E-3 0 7.7053057E-3 0
12.066251 1.25008612E-3 0 7.70418253E-3 0
12.063751 1.24956819E-3 0 7.70737557E-3 0
12.061252 1.2504491E-3 0 7.70194642E-3 0
12.058751 1.2499307E-3 0 7.70514086E-3 0
12.056251 1.25011127E-3 0 7.70402793E-3 0
12.053751 1.24959287E-3 0 7.7072233E-3 0
12.051251 1.25047099E-3 0 7.70181138E-3 0
12.048751 1.24995213E-3 0 7.70500861E-3 0
12.046251 1.24943361E-3 0 7.70820584E-3 0
12.043752 1.25030975E-3 0 7.70280464E-3 0
12.041251 1.24979077E-3 0 7.70600326E-3 0
12.038752 1.24996866E-3 0 7.70490663E-3 0
12.036251 1.25014596E-3 0 7.70381372E-3 0
12.033751 1.25032279E-3 0 7.70272454E-3 0
12.031251 1.24980335E-3 0 7.70592596E-3 0
12.028751 1.2499796E-3 0 7.70483911E-3 0
