READ SERR 1 2
@OVIII_pow+windprof.pco
!
19.127502 2.49933428E-3 0 3.85338278E-3 1.95031942E-4
19.122501 2.50066468E-3 0 3.8513327E-3 2.01346586E-4
19.117502 2.4993571E-3 0 3.85334762E-3 2.15519467E-4
19.112501 2.500684E-3 0 3.8513029E-3 2.41156478E-4
19.107502 2.49937573E-3 0 3.85331875E-3 2.77819723E-4
19.102503 2.49982229E-3 0 3.8526305E-3 3.18955368E-4
19.097502 2.50026723E-3 0 3.85194481E-3 3.5879403E-4
19.092503 2.4998344E-3 0 3.85261187E-3 3.95345472E-4
19.087502 2.50027678E-3 0 3.85193038E-3 4.28877975E-4
19.082502 2.49984232E-3 0 3.85259977E-3 4.60570998E-4
19.077501 2.50028213E-3 0 3.85192223E-3 4.90681443E-4
19.072502 2.49984604E-3 0 3.85259395E-3 5.19897498E-4
19.067501 2.5002833E-3 2.06423784E-3 4.79496783E-3 5.4810202E-4
19.062502 2.49984558E-3 0 3.85259464E-3 5.75845421E-4
19.057501 2.50028027E-3 0 3.85192479E-3 6.02888467E-4
19.052502 2.49984092E-3 0 3.85260163E-3 6.29790826E-4
19.047503 2.49940134E-3 0 3.8532794E-3 6.56488759E-4
19.042501 2.50070426E-3 0 3.8512717E-3 6.82614977E-4
19.037502 2.49939109E-3 2.06497451E-3 4.79667913E-3 7.09410757E-4
19.032501 2.50069052E-3 0 3.85129289E-3 7.35428242E-4
19.027502 2.49937689E-3 0 3.85331712E-3 7.62129552E-4
19.022501 2.50067282E-3 0 3.85132013E-3 7.8786863E-4
19.017502 2.4993585E-3 2.06500152E-3 4.796742E-3 8.14186351E-4
19.012501 2.50065094E-3 0 3.85135389E-3 8.39401386E-4
19.007502 2.49933591E-3 0 3.85338021E-3 8.65300186E-4
19.002502 2.50062509E-3 2.06395565E-3 4.79431264E-3 8.9018367E-4
18.997501 2.49930937E-3 0 3.85342119E-3 9.15902026E-4
18.992502 2.50059506E-3 0 3.8514398E-3 9.4056793E-4
18.987501 2.49927863E-3 4.13013482E-3 5.4895943E-3 9.66135296E-4
18.982502 2.50056107E-3 0 3.85149242E-3 9.90677625E-4
18.977501 2.50010937E-3 4.12876252E-3 5.48777031E-3 1.01591449E-3
18.972502 2.49965745E-3 0 3.85288452E-3 1.04116276E-3
18.967503 2.50006979E-3 0 3.85224912E-3 1.06601522E-3
18.962502 2.49961624E-3 0 3.85294808E-3 1.09118153E-3
18.957502 2.50002602E-3 0 3.85231641E-3 1.11591071E-3
18.952501 2.50043417E-3 0 3.85168777E-3 1.14056969E-3
18.947502 2.49997783E-3 0 3.85239068E-3 1.16557791E-3
18.942501 2.50038365E-3 0 3.85176577E-3 1.19018869E-3
18.937502 2.49992567E-3 0 3.85247124E-3 1.2152713E-3
18.932501 2.49946746E-3 4.12982283E-3 5.4891794E-3 1.24044565E-3
18.927502 2.49987002E-3 0 3.85255716E-3 1.26524526E-3
18.922503 2.50027073E-3 0 3.85193969E-3 1.2900026E-3
18.917501 2.49980972E-3 0 3.85264982E-3 1.31501292E-3
18.912502 2.50020809E-3 0 3.85203608E-3 1.339279E-3
18.907501 2.49974546E-3 0 3.85274878E-3 1.36379222E-3
18.902502 2.50014127E-3 2.06435495E-3 4.79523977E-3 1.3877874E-3
18.897501 2.50053545E-3 2.06402945E-3 4.794484E-3 1.41178095E-3
18.892502 2.49921251E-3 0 3.85357044E-3 1.43667927E-3
18.887503 2.50046235E-3 0 3.85164423E-3 1.45987957E-3
18.882502 2.49999575E-3 2.06447532E-3 4.79551964E-3 1.48362352E-3
18.877502 2.49952869E-3 2.06486112E-3 4.79641557E-3 1.50639366E-3
18.872501 2.50077294E-3 2.06383341E-3 4.79402859E-3 1.52589625E-3
18.867502 2.49944814E-3 0 3.85320745E-3 1.54157891E-3
18.862503 2.49983417E-3 2.06460874E-3 4.7958293E-3 1.54378626E-3
18.857502 2.50021857E-3 6.1928737E-3 6.06177421E-3 1.52241613E-3
18.852503 2.49974732E-3 0 3.85274622E-3 1.46536995E-3
18.847502 2.50012917E-3 4.12872992E-3 5.487727E-3 1.36045623E-3
18.842503 2.50050961E-3 0 3.85157159E-3 1.19893427E-3
18.837502 2.50003557E-3 0 3.85230198E-3 9.80576733E-4
18.832502 2.49956106E-3 0 3.85303306E-3 7.31801323E-4
18.827501 2.49993824E-3 0 3.85245169E-3 5.07639197E-4
18.822502 2.5003138E-3 0 3.8518731E-3 3.55426775E-4
18.817501 2.49983673E-3 2.06460641E-3 4.79582418E-3 2.79123429E-4
18.812502 2.50020972E-3 0 3.85203329E-3 2.49862933E-4
18.807501 2.49973126E-3 0 3.8527709E-3 2.39859364E-4
18.802502 2.50010192E-3 0 3.85219953E-3 2.35927655E-4
18.797503 2.49962183E-3 4.12956811E-3 5.48884086E-3 2.34251202E-4
NO NO NO NO NO
19.127502 2.49933428E-3 0 3.85338278E-3 3.65276028E-5
19.122501 2.50066468E-3 0 3.8513327E-3 3.76192074E-5
19.117502 2.4993571E-3 0 3.85334762E-3 4.01932994E-5
19.112501 2.500684E-3 0 3.8513029E-3 4.52561835E-5
19.107502 2.49937573E-3 0 3.85331875E-3 5.32699705E-5
19.102503 2.49982229E-3 0 3.8526305E-3 6.32831143E-5
19.097502 2.50026723E-3 0 3.85194481E-3 7.3963638E-5
19.092503 2.4998344E-3 0 3.85261187E-3 8.44968599E-5
19.087502 2.50027678E-3 0 3.85193038E-3 9.45905267E-5
19.082502 2.49984232E-3 0 3.85259977E-3 1.04203515E-4
19.077501 2.50028213E-3 0 3.85192223E-3 1.13180744E-4
19.072502 2.49984604E-3 0 3.85259395E-3 1.2159496E-4
19.067501 2.5002833E-3 0 3.85192037E-3 1.29449807E-4
19.062502 2.49984558E-3 0 3.85259464E-3 1.3695682E-4
19.057501 2.50028027E-3 0 3.85192479E-3 1.44138554E-4
19.052502 2.49984092E-3 0 3.85260163E-3 1.51197833E-4
19.047503 2.49940134E-3 2.06496613E-3 4.79665957E-3 1.58178867E-4
19.042501 2.50070426E-3 0 3.8512717E-3 1.65033169E-4
19.037502 2.49939109E-3 0 3.853295E-3 1.72079046E-4
19.032501 2.50069052E-3 0 3.85129289E-3 1.78968054E-4
19.027502 2.49937689E-3 0 3.85331712E-3 1.86051897E-4
19.022501 2.50067282E-3 0 3.85132013E-3 1.92922307E-4
19.017502 2.4993585E-3 0 3.85334552E-3 1.99948598E-4
19.012501 2.50065094E-3 2.06393423E-3 4.79426282E-3 2.06723198E-4
19.007502 2.49933591E-3 0 3.85338021E-3 2.13701467E-4
19.002502 2.50062509E-3 0 3.8513937E-3 2.20471236E-4
18.997501 2.49930937E-3 0 3.85342119E-3 2.27509619E-4
18.992502 2.50059506E-3 2.06398033E-3 4.79436992E-3 2.3439221E-4
18.987501 2.49927863E-3 0 3.85346846E-3 2.41614078E-4
18.982502 2.50056107E-3 2.0640085E-3 4.79443511E-3 2.48634547E-4
18.977501 2.50010937E-3 0 3.85218812E-3 2.55803054E-4
18.972502 2.49965745E-3 0 3.85288452E-3 2.62905261E-4
18.967503 2.50006979E-3 0 3.85224912E-3 2.69816373E-4
18.962502 2.49961624E-3 2.06478871E-3 4.79624746E-3 2.76696548E-4
18.957502 2.50002602E-3 0 3.85231641E-3 2.8333682E-4
18.952501 2.50043417E-3 0 3.85168777E-3 2.8982127E-4
18.947502 2.49997783E-3 0 3.85239068E-3 2.96245271E-4
18.942501 2.50038365E-3 0 3.85176577E-3 3.02426139E-4
18.937502 2.49992567E-3 4.12906613E-3 5.48817357E-3 3.08626448E-4
18.932501 2.49946746E-3 0 3.85317742E-3 3.14786914E-4
18.927502 2.49987002E-3 0 3.85255716E-3 3.20807914E-4
18.922503 2.50027073E-3 0 3.85193969E-3 3.26785172E-4
18.917501 2.49980972E-3 4.12925752E-3 5.48842829E-3 3.32778553E-4
18.912502 2.50020809E-3 0 3.85203608E-3 3.38459387E-4
18.907501 2.49974546E-3 0 3.85274878E-3 3.43973865E-4
18.902502 2.50014127E-3 0 3.85213876E-3 3.49062058E-4
18.897501 2.50053545E-3 0 3.85153154E-3 3.53822543E-4
18.892502 2.49921251E-3 2.06512213E-3 4.79702232E-3 3.58445133E-4
18.887503 2.50046235E-3 0 3.85164423E-3 3.6226731E-4
18.882502 2.49999575E-3 0 3.85236344E-3 3.65929416E-4
18.877502 2.49952869E-3 0 3.85308312E-3 3.69275833E-4
18.872501 2.50077294E-3 0 3.85116576E-3 3.72050446E-4
18.867502 2.49944814E-3 2.06492748E-3 4.79657017E-3 3.74500523E-4
18.862503 2.49983417E-3 0 3.85261234E-3 3.7478056E-4
18.857502 2.50021857E-3 0 3.85202002E-3 3.70931055E-4
18.852503 2.49974732E-3 0 3.85274622E-3 3.60230566E-4
18.847502 2.50012917E-3 0 3.85215762E-3 3.39544669E-4
18.842503 2.50050961E-3 0 3.85157159E-3 3.06216243E-4
18.837502 2.50003557E-3 0 3.85230198E-3 2.58836633E-4
18.832502 2.49956106E-3 0 3.85303306E-3 2.00937866E-4
18.827501 2.49993824E-3 2.06452259E-3 4.79562953E-3 1.43653393E-4
18.822502 2.5003138E-3 0 3.8518731E-3 1.00102916E-4
18.817501 2.49983673E-3 0 3.85260838E-3 7.5319389E-5
18.812502 2.50020972E-3 2.06429837E-3 4.79510892E-3 6.45427644E-5
18.807501 2.49973126E-3 0 3.8527709E-3 6.06792455E-5
18.802502 2.50010192E-3 0 3.85219953E-3 5.96529462E-5
18.797503 2.49962183E-3 0 3.85293947E-3 5.98752922E-5
NO NO NO NO NO
19.128752 1.24983047E-3 0 7.70575879E-3 0
19.126251 1.24950381E-3 0 7.70777278E-3 0
19.123753 1.25005632E-3 0 7.704366E-3 0
19.121252 1.25060836E-3 0 7.70096574E-3 0
19.118752 1.24940265E-3 0 7.70839676E-3 0
19.116253 1.24995445E-3 0 7.70499418E-3 0
19.113752 1.25050568E-3 0 7.70159811E-3 0
19.111252 1.25017844E-3 0 7.70361349E-3 0
19.108751 1.24985143E-3 0 7.7056298E-3 0
19.106253 1.24952442E-3 0 7.70764565E-3 0
19.103752 1.25007471E-3 0 7.70425238E-3 0
19.101252 1.24974758E-3 0 7.70626916E-3 0
19.098753 1.2502973E-3 0 7.70288147E-3 0
19.096252 1.24996994E-3 0 7.70489872E-3 0
19.093752 1.25051895E-3 0 7.70151615E-3 0
19.091251 1.24931545E-3 0 7.70893507E-3 0
19.088751 1.25074002E-3 0 7.70015502E-3 0
19.086252 1.24953676E-3 0 7.70756975E-3 0
19.083752 1.25008484E-3 0 7.70419044E-3 0
19.081251 1.24975736E-3 0 7.70620909E-3 0
19.078753 1.25030486E-3 0 7.7028349E-3 0
19.076252 1.24997715E-3 0 7.70485401E-3 0
19.073751 1.24964968E-3 0 7.70687358E-3 0
19.071253 1.25019636E-3 0 7.70350313E-3 0
19.068752 1.24986854E-3 0 7.70552363E-3 0
19.066252 1.25041464E-3 0 7.7021583E-3 0
19.063751 1.2500867E-3 0 7.70417927E-3 0
19.061251 1.24975888E-3 0 7.70619977E-3 0
19.058752 1.25030417E-3 0 7.7028391E-3 0
19.056252 1.24997611E-3 0 7.70486053E-3 0
19.053751 1.24964828E-3 0 7.70688197E-3 0
19.051252 1.25019276E-3 0 7.70352548E-3 0
19.048752 1.2498647E-3 0 7.70554738E-3 0
19.046251 1.24953676E-3 0 7.70757021E-3 0
19.043753 1.25008053E-3 0 7.70421699E-3 0
19.041252 1.25062373E-3 0 7.70087074E-3 0
19.038752 1.24942407E-3 0 7.70826498E-3 0
19.036253 1.24996714E-3 0 7.70491641E-3 0
19.033752 1.25050952E-3 0 7.70157389E-3 0
19.031252 1.250181E-3 0 7.70359766E-3 0
19.028751 1.24985259E-3 0 7.70562235E-3 0
19.026253 1.2495243E-3 0 7.70764705E-3 0
19.023752 1.25006586E-3 0 7.70430733E-3 0
19.021252 1.25060696E-3 0 7.70097412E-3 0
19.018751 1.24940882E-3 0 7.70835951E-3 0
19.016253 1.24994968E-3 0 7.70502398E-3 0
19.013752 1.25048996E-3 0 7.7016945E-3 0
19.011251 1.25016109E-3 0 7.70372106E-3 0
19.008751 1.24983222E-3 0 7.70574715E-3 0
19.006252 1.24950358E-3 0 7.70777417E-3 0
19.003752 1.25004305E-3 0 7.70444795E-3 0
19.001251 1.25058193E-3 0 7.70112779E-3 0
18.998751 1.2493853E-3 0 7.70850386E-3 0
18.996252 1.24992407E-3 0 7.70518184E-3 0
18.993752 1.25046214E-3 0 7.70186586E-3 0
18.991251 1.25013292E-3 0 7.70389428E-3 0
18.98875 1.24980381E-3 0 7.7059227E-3 0
18.986252 1.24947482E-3 0 7.70795159E-3 0
18.983753 1.2500122E-3 0 7.70463841E-3 0
18.981253 1.25054887E-3 0 7.70133175E-3 0
18.978752 1.25021941E-3 0 7.7033611E-3 0
18.976252 1.24989008E-3 0 7.70539138E-3 0
18.973751 1.24956085E-3 0 7.70742167E-3 0
18.971252 1.25009671E-3 0 7.70411734E-3 0
18.968752 1.24976726E-3 0 7.70614808E-3 0
18.966251 1.25030254E-3 0 7.70284934E-3 0
18.963753 1.24997285E-3 0 7.70488055E-3 0
18.961252 1.24964339E-3 0 7.70691223E-3 0
18.958752 1.25017785E-3 0 7.70361722E-3 0
18.956253 1.24984817E-3 0 7.70564936E-3 0
18.953753 1.25038205E-3 0 7.70235946E-3 0
18.951252 1.25005213E-3 0 7.70439208E-3 0
18.948751 1.24972244E-3 0 7.70642469E-3 0
18.946253 1.2502555E-3 0 7.70313898E-3 0
18.943752 1.24992558E-3 0 7.70517206E-3 0
18.941252 1.25045795E-3 0 7.70189147E-3 0
18.938751 1.24926586E-3 0 7.70924147E-3 0
18.936253 1.25065993E-3 0 7.70064816E-3 0
18.933752 1.24946795E-3 0 7.70799397E-3 0
18.931252 1.24999962E-3 0 7.70471618E-3 0
18.928751 1.25053059E-3 0 7.70144397E-3 0
18.926252 1.24933932E-3 0 7.70878792E-3 0
18.923752 1.25073083E-3 0 7.7002109E-3 0
18.921251 1.24953978E-3 0 7.70755066E-3 0
18.918753 1.25007005E-3 0 7.70428171E-3 0
18.916252 1.24973967E-3 0 7.70631805E-3 0
18.913752 1.25026924E-3 0 7.70305376E-3 4.86943042E-16
18.911251 1.24993874E-3 0 7.70509103E-3 4.29431389E-15
18.908751 1.25046773E-3 0 7.70183187E-3 3.46952962E-14
18.906252 1.24927785E-3 0 7.70916697E-3 1.23182172E-13
18.903751 1.2506654E-3 0 7.7006137E-3 3.12937908E-13
18.901251 1.24947587E-3 0 7.70794507E-3 7.1974089E-13
18.898752 1.25000405E-3 0 7.7046887E-3 1.44866801E-12
18.896252 1.25053152E-3 0 7.70143839E-3 2.54694833E-12
18.893751 1.24934257E-3 0 7.70876743E-3 4.03524479E-12
18.891253 1.24986994E-3 0 7.70551525E-3 5.89544732E-12
18.888752 1.25039672E-3 0 7.70226866E-3 8.16239437E-12
18.886251 1.25006575E-3 0 7.70430826E-3 1.08569525E-11
18.883753 1.24973478E-3 0 7.70634832E-3 1.4048685E-11
18.881252 1.25026086E-3 0 7.70310592E-3 1.77300483E-11
18.878752 1.24992977E-3 0 7.70514645E-3 2.19424062E-11
18.876253 1.2495988E-3 0 7.70718697E-3 2.6732342E-11
18.873753 1.25012419E-3 0 7.7039483E-3 3.20815388E-11
18.871252 1.25064887E-3 0 7.70071568E-3 3.8005158E-11
18.868752 1.24946178E-3 0 7.70803262E-3 4.45133132E-11
18.866253 1.24998635E-3 0 7.70479767E-3 5.13746094E-11
18.863752 1.25051034E-3 0 7.70156924E-3 5.86058355E-11
18.861252 1.24932383E-3 0 7.70888338E-3 6.62916874E-11
18.858751 1.25070242E-3 0 7.70038646E-3 7.42846687E-11
18.856251 1.24951615E-3 0 7.70769687E-3 8.29521521E-11
18.853752 1.25003932E-3 0 7.70447077E-3 9.20886561E-11
18.851252 1.24970789E-3 0 7.70651456E-3 1.01970245E-10
18.848753 1.25023047E-3 0 7.70329311E-3 1.12617249E-10
18.846252 1.24989881E-3 0 7.70533737E-3 1.2424993E-10
18.843752 1.2504207E-3 0 7.70212105E-3 1.3679563E-10
18.841251 1.25008891E-3 0 7.70416576E-3 1.5047226E-10
18.838751 1.24975713E-3 0 7.70621048E-3 1.65243597E-10
18.836252 1.25027832E-3 0 7.70299835E-3 1.81093418E-10
18.833752 1.24994642E-3 0 7.70504354E-3 1.98393399E-10
18.831251 1.24961464E-3 0 7.70708919E-3 2.17145732E-10
18.828753 1.25013513E-3 0 7.70388078E-3 2.37314057E-10
18.826252 1.24980311E-3 0 7.7059269E-3 2.59406746E-10
18.823751 1.25032291E-3 0 7.70272315E-3 2.83262108E-10
18.821251 1.24999078E-3 0 7.70476973E-3 3.09445164E-10
18.818752 1.24965888E-3 0 7.70681677E-3 3.37982253E-10
18.816252 1.25017785E-3 0 7.70361722E-3 3.6890177E-10
18.813751 1.24984572E-3 0 7.70566473E-3 4.03008293E-10
18.811253 1.25036412E-3 0 7.70246983E-3 4.40140646E-10
18.808752 1.25003175E-3 0 7.7045178E-3 4.81366336E-10
18.806252 1.2496995E-3 0 7.70656578E-3 5.27068278E-10
18.803751 1.2502172E-3 0 7.70337507E-3 5.77745018E-10
18.801252 1.24988472E-3 0 7.70542352E-3 6.35620667E-10
18.798752 1.25040184E-3 0 7.70223746E-3 7.03822889E-10
NO NO NO NO NO
19.128752 1.24983047E-3 0 7.70575879E-3 0
19.126251 1.24950381E-3 0 7.70777278E-3 0
19.123753 1.25005632E-3 0 7.704366E-3 0
19.121252 1.25060836E-3 0 7.70096574E-3 0
19.118752 1.24940265E-3 0 7.70839676E-3 0
19.116253 1.24995445E-3 0 7.70499418E-3 0
19.113752 1.25050568E-3 0 7.70159811E-3 0
19.111252 1.25017844E-3 0 7.70361349E-3 0
19.108751 1.24985143E-3 0 7.7056298E-3 0
19.106253 1.24952442E-3 0 7.70764565E-3 0
19.103752 1.25007471E-3 0 7.70425238E-3 0
19.101252 1.24974758E-3 0 7.70626916E-3 0
19.098753 1.2502973E-3 0 7.70288147E-3 0
19.096252 1.24996994E-3 0 7.70489872E-3 0
19.093752 1.25051895E-3 0 7.70151615E-3 0
19.091251 1.24931545E-3 0 7.70893507E-3 0
19.088751 1.25074002E-3 0 7.70015502E-3 0
19.086252 1.24953676E-3 0 7.70756975E-3 0
19.083752 1.25008484E-3 0 7.70419044E-3 0
19.081251 1.24975736E-3 0 7.70620909E-3 0
19.078753 1.25030486E-3 0 7.7028349E-3 0
19.076252 1.24997715E-3 0 7.70485401E-3 0
19.073751 1.24964968E-3 0 7.70687358E-3 0
19.071253 1.25019636E-3 0 7.70350313E-3 0
19.068752 1.24986854E-3 0 7.70552363E-3 0
19.066252 1.25041464E-3 0 7.7021583E-3 0
19.063751 1.2500867E-3 0 7.70417927E-3 0
19.061251 1.24975888E-3 0 7.70619977E-3 0
19.058752 1.25030417E-3 0 7.7028391E-3 0
19.056252 1.24997611E-3 0 7.70486053E-3 0
19.053751 1.24964828E-3 0 7.70688197E-3 0
19.051252 1.25019276E-3 0 7.70352548E-3 0
19.048752 1.2498647E-3 0 7.70554738E-3 0
19.046251 1.24953676E-3 0 7.70757021E-3 0
19.043753 1.25008053E-3 0 7.70421699E-3 0
19.041252 1.25062373E-3 0 7.70087074E-3 0
19.038752 1.24942407E-3 0 7.70826498E-3 0
19.036253 1.24996714E-3 0 7.70491641E-3 0
19.033752 1.25050952E-3 0 7.70157389E-3 0
19.031252 1.250181E-3 0 7.70359766E-3 0
19.028751 1.24985259E-3 0 7.70562235E-3 0
19.026253 1.2495243E-3 0 7.70764705E-3 0
19.023752 1.25006586E-3 0 7.70430733E-3 0
19.021252 1.25060696E-3 0 7.70097412E-3 0
19.018751 1.24940882E-3 0 7.70835951E-3 0
19.016253 1.24994968E-3 0 7.70502398E-3 0
19.013752 1.25048996E-3 0 7.7016945E-3 0
19.011251 1.25016109E-3 0 7.70372106E-3 0
19.008751 1.24983222E-3 0 7.70574715E-3 0
19.006252 1.24950358E-3 0 7.70777417E-3 0
19.003752 1.25004305E-3 0 7.70444795E-3 0
19.001251 1.25058193E-3 0 7.70112779E-3 0
18.998751 1.2493853E-3 0 7.70850386E-3 0
18.996252 1.24992407E-3 0 7.70518184E-3 0
18.993752 1.25046214E-3 0 7.70186586E-3 0
18.991251 1.25013292E-3 0 7.70389428E-3 0
18.98875 1.24980381E-3 0 7.7059227E-3 0
18.986252 1.24947482E-3 0 7.70795159E-3 0
18.983753 1.2500122E-3 0 7.70463841E-3 0
18.981253 1.25054887E-3 0 7.70133175E-3 0
18.978752 1.25021941E-3 0 7.7033611E-3 0
18.976252 1.24989008E-3 0 7.70539138E-3 0
18.973751 1.24956085E-3 0 7.70742167E-3 0
18.971252 1.25009671E-3 0 7.70411734E-3 0
18.968752 1.24976726E-3 0 7.70614808E-3 0
18.966251 1.25030254E-3 0 7.70284934E-3 0
18.963753 1.24997285E-3 0 7.70488055E-3 0
18.961252 1.24964339E-3 0 7.70691223E-3 0
18.958752 1.25017785E-3 0 7.70361722E-3 0
18.956253 1.24984817E-3 0 7.70564936E-3 0
18.953753 1.25038205E-3 0 7.70235946E-3 0
18.951252 1.25005213E-3 0 7.70439208E-3 0
18.948751 1.24972244E-3 0 7.70642469E-3 0
18.946253 1.2502555E-3 0 7.70313898E-3 0
18.943752 1.24992558E-3 0 7.70517206E-3 0
18.941252 1.25045795E-3 0 7.70189147E-3 0
18.938751 1.24926586E-3 0 7.70924147E-3 0
18.936253 1.25065993E-3 0 7.70064816E-3 0
18.933752 1.24946795E-3 0 7.70799397E-3 0
18.931252 1.24999962E-3 0 7.70471618E-3 0
18.928751 1.25053059E-3 0 7.70144397E-3 0
18.926252 1.24933932E-3 0 7.70878792E-3 0
18.923752 1.25073083E-3 0 7.7002109E-3 0
18.921251 1.24953978E-3 0 7.70755066E-3 0
18.918753 1.25007005E-3 0 7.70428171E-3 0
18.916252 1.24973967E-3 0 7.70631805E-3 0
18.913752 1.25026924E-3 0 7.70305376E-3 0
18.911251 1.24993874E-3 0 7.70509103E-3 0
18.908751 1.25046773E-3 0 7.70183187E-3 0
18.906252 1.24927785E-3 0 7.70916697E-3 0
18.903751 1.2506654E-3 0 7.7006137E-3 0
18.901251 1.24947587E-3 0 7.70794507E-3 0
18.898752 1.25000405E-3 0 7.7046887E-3 0
18.896252 1.25053152E-3 0 7.70143839E-3 0
18.893751 1.24934257E-3 0 7.70876743E-3 0
18.891253 1.24986994E-3 0 7.70551525E-3 0
18.888752 1.25039672E-3 0 7.70226866E-3 0
18.886251 1.25006575E-3 0 7.70430826E-3 0
18.883753 1.24973478E-3 0 7.70634832E-3 0
18.881252 1.25026086E-3 0 7.70310592E-3 0
18.878752 1.24992977E-3 0 7.70514645E-3 0
18.876253 1.2495988E-3 0 7.70718697E-3 0
18.873753 1.25012419E-3 0 7.7039483E-3 0
18.871252 1.25064887E-3 0 7.70071568E-3 0
18.868752 1.24946178E-3 0 7.70803262E-3 0
18.866253 1.24998635E-3 0 7.70479767E-3 0
18.863752 1.25051034E-3 0 7.70156924E-3 0
18.861252 1.24932383E-3 0 7.70888338E-3 0
18.858751 1.25070242E-3 0 7.70038646E-3 0
18.856251 1.24951615E-3 0 7.70769687E-3 0
18.853752 1.25003932E-3 0 7.70447077E-3 0
18.851252 1.24970789E-3 0 7.70651456E-3 0
18.848753 1.25023047E-3 0 7.70329311E-3 0
18.846252 1.24989881E-3 0 7.70533737E-3 0
18.843752 1.2504207E-3 0 7.70212105E-3 0
18.841251 1.25008891E-3 0 7.70416576E-3 0
18.838751 1.24975713E-3 0 7.70621048E-3 0
18.836252 1.25027832E-3 0 7.70299835E-3 0
18.833752 1.24994642E-3 0 7.70504354E-3 0
18.831251 1.24961464E-3 0 7.70708919E-3 0
18.828753 1.25013513E-3 0 7.70388078E-3 0
18.826252 1.24980311E-3 0 7.7059269E-3 0
18.823751 1.25032291E-3 0 7.70272315E-3 0
18.821251 1.24999078E-3 0 7.70476973E-3 0
18.818752 1.24965888E-3 0 7.70681677E-3 0
18.816252 1.25017785E-3 0 7.70361722E-3 0
18.813751 1.24984572E-3 0 7.70566473E-3 0
18.811253 1.25036412E-3 0 7.70246983E-3 0
18.808752 1.25003175E-3 0 7.7045178E-3 0
18.806252 1.2496995E-3 0 7.70656578E-3 0
18.803751 1.2502172E-3 0 7.70337507E-3 0
18.801252 1.24988472E-3 0 7.70542352E-3 0
18.798752 1.25040184E-3 0 7.70223746E-3 0
