READ SERR 1 2
@SiXIV_He_pow+Hewind.pco
!
6.8175006 2.50008842E-3 6.19319594E-3 6.06208947E-3 6.02843892E-3
6.8125005 2.49999226E-3 4.12895577E-3 5.48802735E-3 6.07439037E-3
6.8075004 2.50011124E-3 1.65150389E-2 8.17089807E-3 6.14434713E-3
6.8025002 2.49999925E-3 1.03223613E-2 7.01490277E-3 6.2694503E-3
6.7975006 2.4998798E-3 1.23874256E-2 7.42848357E-3 6.53588632E-3
6.7925005 2.49997433E-3 8.25797115E-3 6.56395126E-3 7.15180533E-3
6.7875009 2.50006025E-3 1.44509533E-2 7.8115291E-3 8.32614582E-3
6.7825007 2.49991682E-3 4.12908057E-3 5.48819313E-3 1.0037153E-2
6.7775006 2.49998644E-3 1.03224143E-2 7.0149391E-3 1.21117262E-2
6.7725005 2.50004767E-3 1.0322162E-2 7.01476727E-3 1.44798625E-2
6.7675004 2.50010053E-3 1.85794979E-2 8.51044059E-3 1.71936993E-2
6.7625008 2.49992521E-3 1.65162683E-2 8.17150623E-3 2.03226767E-2
6.7575006 2.49996176E-3 2.27095354E-2 9.14126355E-3 2.38198806E-2
6.7525005 2.49998993E-3 1.85803194E-2 8.51081591E-3 2.72429138E-2
6.7475009 2.50000996E-3 5.57405129E-2 1.29396999E-2 2.95392219E-2
6.7425008 2.5000216E-3 4.33535315E-2 1.16924252E-2 2.99046468E-2
6.7375007 2.50002509E-3 3.50956656E-2 1.07621374E-2 2.93701738E-2
6.7325006 2.5000202E-3 3.30312811E-2 1.05136009E-2 2.96068192E-2
6.7275004 2.50000693E-3 2.47735903E-2 9.43608303E-3 3.00753992E-2
6.7225008 2.49998574E-3 2.89027691E-2 9.99328308E-3 2.86449715E-2
6.7175007 2.49995617E-3 2.4774095E-2 9.43627488E-3 2.4916783E-2
6.7125006 2.50013499E-3 3.09654046E-2 1.02570364E-2 2.1543121E-2
6.7075005 2.49987235E-3 2.06457712E-2 8.83374643E-3 2.10682731E-2
6.7025008 2.50003417E-3 2.47733202E-2 9.43598058E-3 2.32753456E-2
6.6975007 2.49997154E-3 1.44514656E-2 7.81180616E-3 2.70095598E-2
6.6925006 2.50011613E-3 3.09656374E-2 1.02571137E-2 3.16457041E-2
6.6875005 2.49982183E-3 4.74862345E-2 1.21263266E-2 3.66118699E-2
6.6825008 2.50016409E-3 2.89007071E-2 9.99256968E-3 4.12954018E-2
6.6775007 2.49985396E-3 3.71626616E-2 1.10045401E-2 4.49326374E-2
6.6725006 2.49996432E-3 5.16125262E-2 1.25406999E-2 4.62410487E-2
6.667501 2.50006607E-3 5.57392649E-2 1.29394094E-2 4.5361273E-2
6.6625009 2.49994546E-3 4.74838838E-2 1.21257268E-2 4.4817768E-2
6.6575007 2.50002998E-3 4.33533825E-2 1.16923861E-2 4.63846587E-2
6.6525006 2.50010588E-3 4.74808402E-2 1.21249491E-2 4.9292665E-2
6.6475005 2.49996036E-3 4.95481044E-2 1.23352837E-2 5.21407798E-2
6.6425004 2.50001927E-3 6.19336739E-2 1.35124167E-2 5.42085059E-2
6.6375003 2.50006933E-3 7.22545087E-2 1.44078173E-2 5.45532405E-2
6.6325006 2.49989936E-3 4.7484763E-2 1.21259512E-2 5.09939417E-2
6.6275005 2.49993266E-3 3.92260216E-2 1.12394877E-2 4.26844768E-2
6.6225004 2.50016782E-3 2.89006624E-2 9.99255478E-3 3.23616974E-2
6.6175003 2.4999727E-3 3.09674125E-2 1.02577014E-2 2.32823975E-2
6.6125007 2.49998015E-3 8.25795252E-3 6.56393543E-3 1.64116621E-2
6.6075006 2.49997899E-3 1.03224451E-2 7.01496005E-3 1.1419706E-2
6.6025004 2.49996921E-3 4.12899442E-3 5.48807811E-3 7.94126373E-3
6.5975008 2.49995082E-3 2.06451234E-3 4.79560578E-3 5.81269385E-3
6.5925007 2.50013266E-3 1.2386173E-2 7.42773199E-3 4.77170944E-3
6.5875006 2.49988819E-3 8.25825613E-3 6.56417711E-3 4.34809644E-3
6.5825005 2.50005256E-3 4.12885658E-3 5.48789511E-3 4.16082144E-3
6.5775008 2.49999971E-3 4.12894366E-3 5.48801105E-3 4.06168029E-3
NO NO NO NO NO
6.8175006 2.50008842E-3 6.19319594E-3 6.06208947E-3 6.40875846E-3
6.8125005 2.49999226E-3 8.25791154E-3 6.56390376E-3 6.44975202E-3
6.8075004 2.50011124E-3 2.06437986E-3 4.79529751E-3 6.50370074E-3
6.8025002 2.49999925E-3 1.03223613E-2 7.01490277E-3 6.59196079E-3
6.7975006 2.4998798E-3 1.03228549E-2 7.01523852E-3 6.78633759E-3
6.7925005 2.49997433E-3 1.23869572E-2 7.42820278E-3 7.28550227E-3
6.7875009 2.50006025E-3 1.23865316E-2 7.42794713E-3 8.34095571E-3
6.7825007 2.49991682E-3 6.19362108E-3 6.06250577E-3 1.00007672E-2
6.7775006 2.49998644E-3 8.2579311E-3 6.56391913E-3 1.21065229E-2
6.7725005 2.50004767E-3 2.06443225E-3 4.79541998E-3 1.45661701E-2
6.7675004 2.50010053E-3 1.85794979E-2 8.51044059E-3 1.74380671E-2
6.7625008 2.49992521E-3 1.85808018E-2 8.51103757E-3 2.08668038E-2
6.7575006 2.49996176E-3 2.27095354E-2 9.14126355E-3 2.50086356E-2
6.7525005 2.49998993E-3 2.06447989E-2 8.83333012E-3 2.98231095E-2
6.7475009 2.50000996E-3 1.85801703E-2 8.51074792E-3 3.48538794E-2
6.7425008 2.5000216E-3 5.16113453E-2 1.25404121E-2 3.95179987E-2
6.7375007 2.50002509E-3 3.09667643E-2 1.02574872E-2 4.35601436E-2
6.7325006 2.5000202E-3 4.74824645E-2 1.21253645E-2 4.68916297E-2
6.7275004 2.50000693E-3 6.81273714E-2 1.40579287E-2 4.89881784E-2
6.7225008 2.49998574E-3 4.95476052E-2 1.23351589E-2 4.86423112E-2
6.7175007 2.49995617E-3 5.3677205E-2 1.27422251E-2 4.54501212E-2
6.7125006 2.50013499E-3 4.74802852E-2 1.21248085E-2 4.1393958E-2
6.7075005 2.49987235E-3 5.57435825E-2 1.29404124E-2 3.92231345E-2
6.7025008 2.50003417E-3 4.95466404E-2 1.23349195E-2 4.02351245E-2
6.6975007 2.49997154E-3 6.39993474E-2 1.36973346E-2 4.44233343E-2
6.6925006 2.50011613E-3 5.57381473E-2 1.29391504E-2 5.08295447E-2
6.6875005 2.49982183E-3 4.95508537E-2 1.23359673E-2 5.82167804E-2
6.6825008 2.50016409E-3 6.60587549E-2 1.387804E-2 6.56846538E-2
6.6775007 2.49985396E-3 4.54210341E-2 1.19120711E-2 7.21590146E-2
6.6725006 2.49996432E-3 5.78060299E-2 1.31341554E-2 7.54317045E-2
6.667501 2.50006607E-3 5.36748469E-2 1.27416654E-2 7.48216286E-2
6.6625009 2.49994546E-3 6.81290478E-2 1.40582742E-2 7.3959142E-2
6.6575007 2.50002998E-3 7.63845369E-2 1.47486208E-2 7.66831562E-2
6.6525006 2.50010588E-3 9.7026065E-2 1.63295642E-2 8.24696198E-2
6.6475005 2.49996036E-3 0.10116071 1.66262127E-2 8.88078436E-2
6.6425004 2.50001927E-3 7.63848647E-2 1.47486851E-2 9.40172225E-2
6.6375003 2.50006933E-3 9.2898652E-2 1.60278548E-2 9.64570567E-2
6.6325006 2.49989936E-3 0.12800241 1.84189044E-2 9.25324485E-2
6.6275005 2.49993266E-3 6.40003458E-2 1.36975478E-2 7.97570944E-2
6.6225004 2.50016782E-3 7.22516552E-2 1.44072492E-2 6.18946478E-2
6.6175003 2.4999727E-3 5.36768474E-2 1.27421403E-2 4.52192947E-2
6.6125007 2.49998015E-3 2.89028324E-2 9.9933045E-3 3.21971811E-2
6.6075006 2.49997899E-3 2.47738697E-2 9.4361892E-3 2.25383881E-2
6.6025004 2.49996921E-3 2.27094684E-2 9.14123747E-3 1.56435911E-2
6.5975008 2.49995082E-3 1.65160988E-2 8.17142241E-3 1.11840684E-2
6.5925007 2.50013266E-3 1.03218108E-2 7.01452885E-3 8.77427123E-3
6.5875006 2.49988819E-3 1.03228195E-2 7.0152143E-3 7.66313914E-3
6.5825005 2.50005256E-3 2.06442829E-3 4.7954102E-3 7.12571107E-3
6.5775008 2.49999971E-3 8.25788733E-3 6.56388421E-3 6.82623452E-3
NO NO NO NO NO
6.8187509 1.25016749E-3 0 7.70368148E-3 2.69951555E-3
6.8162503 1.24992093E-3 4.12920443E-3 9.5916288E-3 2.6581611E-3
6.8137507 1.24989706E-3 0 7.70534761E-3 2.61673843E-3
6.8112507 1.25009532E-3 0 7.70412618E-3 2.57490785E-3
6.8087506 1.25006912E-3 4.12871502E-3 9.59049165E-3 2.53457949E-3
6.8062506 1.25004211E-3 0 7.70445354E-3 2.49756593E-3
6.8037505 1.24979171E-3 0 7.70599768E-3 2.46742601E-3
6.8012505 1.25020766E-3 4.12825774E-3 9.58942901E-3 2.44511827E-3
6.7987504 1.24995527E-3 4.12909081E-3 9.59136523E-3 2.43578316E-3
6.7962508 1.24992442E-3 0 7.70517904E-3 2.44314456E-3
6.7937508 1.25011452E-3 4.12856508E-3 9.59014427E-3 2.48717144E-3
6.7912507 1.24985981E-3 4.12940653E-3 9.59209818E-3 2.60846806E-3
6.7887506 1.25004759E-3 8.25757254E-3 1.0975603E-2 2.83785141E-3
6.7862506 1.25001266E-3 8.25780258E-3 1.09759094E-2 3.17283883E-3
6.7837505 1.24997681E-3 4.12902003E-3 9.59120039E-3 3.57913529E-3
6.7812505 1.24994002E-3 0 7.70508312E-3 4.02660435E-3
6.7787504 1.25012302E-3 4.12853714E-3 9.59007815E-3 4.50221123E-3
6.7762508 1.24986342E-3 0 7.70555576E-3 5.0080833E-3
6.7737508 1.25004421E-3 1.23863919E-2 1.21241789E-2 5.5453633E-3
6.7712507 1.25000335E-3 0 7.70469243E-3 6.12160005E-3
6.7687507 1.24996156E-3 1.23872105E-2 1.21249808E-2 6.74208486E-3
6.7662506 1.25013886E-3 8.25696997E-3 1.09748021E-2 7.41371326E-3
6.7637506 1.24987506E-3 1.23880692E-2 1.21258209E-2 8.15074984E-3
6.7612505 1.25005015E-3 1.23863332E-2 1.21241221E-2 8.96122493E-3
6.7587504 1.25000428E-3 4.12892923E-3 9.59098991E-3 9.86471772E-3
6.7562509 1.24995748E-3 0 7.70497555E-3 1.08707286E-2
6.7537508 1.25012896E-3 8.25703423E-3 1.09748887E-2 1.19580133E-2
6.7512507 1.24986109E-3 2.06470117E-2 1.40313618E-2 1.30483769E-2
6.7487507 1.25003036E-3 4.12884308E-3 9.59078874E-3 1.397344E-2
6.7462506 1.2499796E-3 1.65160429E-2 1.31279808E-2 1.45194251E-2
6.7437506 1.25014654E-3 1.23853786E-2 1.21231871E-2 1.45025868E-2
6.7412505 1.24987517E-3 1.65174231E-2 1.31290779E-2 1.39961075E-2
6.7387505 1.2500399E-3 4.12881151E-2 1.76660269E-2 1.33632505E-2
6.7362504 1.24998519E-3 2.89029479E-2 1.56236207E-2 1.30424583E-2
6.7337508 1.24992942E-3 1.6516706E-2 1.31285079E-2 1.32167162E-2
6.7312508 1.25009066E-3 1.23859318E-2 1.21237291E-2 1.37665058E-2
6.7287507 1.2500328E-3 1.23865046E-2 1.21242898E-2 1.44060384E-2
6.7262506 1.24997413E-3 2.47741733E-2 1.48565592E-2 1.4822918E-2
6.7237506 1.24991452E-3 1.23876771E-2 1.21254371E-2 1.47588374E-2
6.7212505 1.2500711E-3 2.06435416E-2 1.40290037E-2 1.40482439E-2
6.7187505 1.2500094E-3 1.23867374E-2 1.2124517E-2 1.27088884E-2
6.7162504 1.24994677E-3 2.06455961E-2 1.40303997E-2 1.09869102E-2
6.7137504 1.25009986E-3 1.6514454E-2 1.31267188E-2 9.35413688E-3
6.7112503 1.25003513E-3 0 7.70449685E-3 8.32497701E-3
6.7087502 1.24996947E-3 8.25808849E-3 1.09762894E-2 8.11241381E-3
6.7062507 1.24990288E-3 2.89048478E-2 1.56246489E-2 8.49365536E-3
6.7037506 1.25005143E-3 1.23863202E-2 1.21241091E-2 9.13775992E-3
6.7012506 1.24998274E-3 0 7.70481955E-3 9.90903843E-3
6.6987505 1.24991324E-3 1.23876892E-2 1.21254493E-2 1.08220391E-2
6.6962509 1.2500583E-3 8.25750176E-3 1.0975509E-2 1.18960263E-2
6.6937509 1.2499867E-3 2.06449367E-2 1.40299518E-2 1.30981663E-2
6.6912508 1.25012931E-3 8.25703237E-3 1.0974885E-2 1.4366365E-2
6.6887507 1.2498406E-3 4.12946986E-3 9.59224533E-3 1.56698916E-2
6.6862507 1.24998123E-3 8.25801119E-3 1.0976186E-2 1.6971102E-2
6.6837506 1.25012035E-3 1.23856375E-2 1.21234404E-2 1.82481725E-2
6.6812506 1.25004374E-3 2.89015938E-2 1.56228887E-2 1.94858667E-2
6.6787505 1.2499661E-3 1.65162217E-2 1.31281223E-2 2.06664074E-2
6.6762505 1.24988775E-3 2.4775885E-2 1.48575874E-2 2.17061136E-2
6.6737509 1.25002244E-3 1.23866079E-2 1.21243903E-2 2.23415606E-2
6.6712508 1.24994188E-3 1.65165402E-2 1.31283766E-2 2.22493038E-2
6.6687508 1.25007425E-3 1.65147912E-2 1.3126987E-2 2.14279946E-2
6.6662507 1.24999171E-3 2.06448529E-2 1.4029895E-2 2.03625374E-2
6.6637506 1.25012163E-3 4.12854133E-3 9.59008839E-3 1.96524337E-2
6.6612506 1.24982384E-3 3.30362022E-2 1.63448267E-2 1.96019504E-2
6.6587505 1.25016482E-3 3.30271907E-2 1.63403675E-2 2.0158207E-2
6.6562505 1.24986528E-3 2.06469428E-2 1.40313143E-2 2.10909843E-2
6.6537509 1.24999078E-3 8.25794786E-3 1.09761022E-2 2.21114065E-2
6.6512508 1.25011499E-3 1.23856906E-2 1.21234925E-2 2.30535399E-2
6.6487503 1.25002547E-3 3.3030875E-2 1.6342191E-2 2.38562021E-2
6.6462507 1.24993501E-3 2.89041065E-2 1.56242475E-2 2.45367978E-2
6.6437507 1.25005585E-3 3.7158832E-2 1.70208048E-2 2.51731277E-2
6.6412506 1.24996342E-3 2.47743856E-2 1.48566877E-2 2.58622505E-2
6.6387506 1.24987005E-3 4.54230979E-2 1.82841495E-2 2.66184602E-2
6.6362505 1.25019916E-3 2.06414275E-2 1.40275666E-2 2.72790864E-2
6.6337504 1.24989206E-3 2.89050993E-2 1.56247839E-2 2.74274983E-2
6.6312509 1.25000719E-3 7.01916292E-2 2.1524366E-2 2.64472421E-2
6.6287508 1.24990987E-3 2.06462052E-2 1.40308132E-2 2.41763275E-2
6.6262507 1.25002267E-3 1.23866051E-2 1.21243875E-2 2.10893936E-2
6.6237507 1.2501342E-3 2.06425004E-2 1.40282959E-2 1.79271251E-2
6.6212506 1.25003362E-3 8.25766381E-3 1.0975725E-2 1.51112135E-2
6.6187506 1.24993233E-3 4.12916671E-3 9.59154125E-3 1.27510251E-2
6.6162505 1.25004048E-3 1.65152382E-2 1.31273419E-2 1.07757617E-2
6.6137505 1.24993711E-3 1.23874526E-2 1.21252174E-2 9.08733159E-3
6.6112504 1.25004305E-3 4.12880117E-3 9.59069189E-3 7.61296134E-3
6.6087508 1.24993769E-3 0 7.70509755E-3 6.32000295E-3
6.6062508 1.2500413E-3 0 7.70445913E-3 5.18382154E-3
6.6037507 1.24993396E-3 0 7.70512084E-3 4.1964259E-3
6.6012506 1.25003525E-3 4.12882725E-3 9.59075242E-3 3.37552163E-3
6.5987506 1.24992593E-3 0 7.7051702E-3 2.76964763E-3
6.5962505 1.25002488E-3 4.12886124E-3 9.59083159E-3 2.39994912E-3
6.5937505 1.25012256E-3 0 7.70395808E-3 2.22442346E-3
6.5912504 1.2500101E-3 8.25781934E-3 1.09759318E-2 2.16028793E-3
6.5887504 1.24989694E-3 0 7.70534854E-3 2.14232644E-3
6.5862508 1.24999136E-3 4.12897207E-3 9.59108863E-3 2.13682139E-3
6.5837507 1.25008449E-3 0 7.70419277E-3 2.1332826E-3
6.5812507 1.24996819E-3 4.12904844E-3 9.59126651E-3 2.13090423E-3
6.5787506 1.25005899E-3 8.2574971E-3 1.09755024E-2 2.12952145E-3
NO NO NO NO NO
6.8187509 1.25016749E-3 8.25678091E-3 1.09745506E-2 2.92318501E-3
6.8162503 1.24992093E-3 4.12920443E-3 9.5916288E-3 2.92658852E-3
6.8137507 1.24989706E-3 8.25856626E-3 1.09769246E-2 2.92957714E-3
6.8112507 1.25009532E-3 0 7.70412618E-3 2.93223979E-3
6.8087506 1.25006912E-3 0 7.70428684E-3 2.93562468E-3
6.8062506 1.25004211E-3 4.12880396E-3 9.59069934E-3 2.93921167E-3
6.8037505 1.24979171E-3 8.25926289E-3 1.09778503E-2 2.94365734E-3
6.8012505 1.25020766E-3 4.12825774E-3 9.58942901E-3 2.94716912E-3
6.7987504 1.24995527E-3 4.12909081E-3 9.59136523E-3 2.95528257E-3
6.7962508 1.24992442E-3 4.12919279E-3 9.59160179E-3 2.97724223E-3
6.7937508 1.25011452E-3 0 7.7040079E-3 3.04014073E-3
6.7912507 1.24985981E-3 8.25881306E-3 1.09772524E-2 3.19243176E-3
6.7887506 1.25004759E-3 4.12878627E-3 9.59065743E-3 3.47167533E-3
6.7862506 1.25001266E-3 8.25780258E-3 1.09759094E-2 3.87474871E-3
6.7837505 1.24997681E-3 0 7.70485634E-3 4.35601175E-3
6.7812505 1.24994002E-3 1.23874247E-2 1.21251903E-2 4.87396168E-3
6.7787504 1.25012302E-3 0 7.70395482E-3 5.41336695E-3
6.7762508 1.24986342E-3 4.12939489E-3 9.59207024E-3 5.97925484E-3
6.7737508 1.25004421E-3 4.12879698E-3 9.59068257E-3 6.5740291E-3
6.7712507 1.25000335E-3 8.25786404E-3 1.09759914E-2 7.20821135E-3
6.7687507 1.24996156E-3 4.12907032E-3 9.5913168E-3 7.88920838E-3
6.7662506 1.25013886E-3 4.12848499E-3 9.58995707E-3 8.62580445E-3
6.7637506 1.24987506E-3 8.25871248E-3 1.09771183E-2 9.43508558E-3
6.7612505 1.25005015E-3 4.12877789E-3 9.59063787E-3 1.03234649E-2
6.7587504 1.25000428E-3 1.23867877E-2 1.21245664E-2 1.13048246E-2
6.7562509 1.24995748E-3 4.12908383E-3 9.59134847E-3 1.2374714E-2
6.7537508 1.25012896E-3 1.65140685E-2 1.31264124E-2 1.35078095E-2
6.7512507 1.24986109E-3 1.2388207E-2 1.21259559E-2 1.46502163E-2
6.7487507 1.25003036E-3 1.65153723E-2 1.3127448E-2 1.56517904E-2
6.7462506 1.2499796E-3 1.65160429E-2 1.31279808E-2 1.62897501E-2
6.7437506 1.25014654E-3 2.47707572E-2 1.48545112E-2 1.63439307E-2
6.7412505 1.24987517E-3 2.89054904E-2 1.56249953E-2 1.58688705E-2
6.7387505 1.2500399E-3 2.06440575E-2 1.40293548E-2 1.52487401E-2
6.7362504 1.24998519E-3 4.12899256E-3 9.59113613E-3 1.49616739E-2
6.7337508 1.24992942E-3 2.06458811E-2 1.40305934E-2 1.51971327E-2
6.7312508 1.25009066E-3 1.23859318E-2 1.21237291E-2 1.57955773E-2
6.7287507 1.2500328E-3 1.23865046E-2 1.21242898E-2 1.64139289E-2
6.7262506 1.24997413E-3 8.25805776E-3 1.09762475E-2 1.67110562E-2
6.7237506 1.24991452E-3 0 7.70524004E-3 1.64355766E-2
6.7212505 1.2500711E-3 1.6514834E-2 1.31270206E-2 1.54220499E-2
6.7187505 1.2500094E-3 1.65156499E-2 1.31276688E-2 1.37120681E-2
6.7162504 1.24994677E-3 8.25823843E-3 1.09764887E-2 1.15988171E-2
6.7137504 1.25009986E-3 0 7.70409778E-3 9.64320544E-3
6.7112503 1.25003513E-3 2.06441376E-2 1.40294079E-2 8.47669039E-3
6.7087502 1.24996947E-3 8.25808849E-3 1.09762894E-2 8.37360416E-3
6.7062507 1.24990288E-3 8.25852808E-3 1.09768733E-2 9.03335866E-3
6.7037506 1.25005143E-3 4.12877323E-3 9.59062763E-3 9.95347835E-3
6.7012506 1.24998274E-3 8.25800002E-3 1.09761721E-2 1.09149041E-2
6.6987505 1.24991324E-3 4.12923004E-3 9.59168747E-3 1.19662844E-2
6.6962509 1.2500583E-3 8.25750176E-3 1.0975509E-2 1.31701808E-2
6.6937509 1.2499867E-3 1.65159497E-2 1.31279072E-2 1.45032853E-2
6.6912508 1.25012931E-3 1.23855481E-2 1.21233538E-2 1.58966407E-2
6.6887507 1.2498406E-3 1.65178794E-2 1.31294411E-2 1.73229091E-2
6.6862507 1.24998123E-3 2.47740336E-2 1.48564763E-2 1.8750513E-2
6.6837506 1.25012035E-3 2.4771275E-2 1.48548223E-2 2.01593004E-2
6.6812506 1.25004374E-3 1.65151954E-2 1.31273083E-2 2.15299577E-2
6.6787505 1.2499661E-3 3.30324434E-2 1.63429659E-2 2.28295159E-2
6.6762505 1.24988775E-3 2.06465721E-2 1.40310628E-2 2.39407569E-2
6.6737509 1.25002244E-3 8.25773831E-3 1.09758237E-2 2.46105399E-2
6.6712508 1.24994188E-3 2.47748103E-2 1.48569429E-2 2.45077219E-2
6.6687508 1.25007425E-3 3.30295824E-2 1.63415521E-2 2.36162674E-2
6.6662507 1.24999171E-3 1.65158827E-2 1.31278541E-2 2.24672984E-2
6.6637506 1.25012163E-3 8.25708266E-3 1.0974953E-2 2.17546076E-2
6.6612506 1.24982384E-3 2.06476264E-2 1.403178E-2 2.18365714E-2
6.6587505 1.25016482E-3 2.06419956E-2 1.40279522E-2 2.26184353E-2
6.6562505 1.24986528E-3 1.2388166E-2 1.21259149E-2 2.38396376E-2
6.6537509 1.24999078E-3 2.89028157E-2 1.56235499E-2 2.5189925E-2
6.6512508 1.25011499E-3 3.30285095E-2 1.63410194E-2 2.64998507E-2
6.6487503 1.25002547E-3 3.71597335E-2 1.70212183E-2 2.77221613E-2
6.6462507 1.24993501E-3 2.89041065E-2 1.56242475E-2 2.88692955E-2
6.6437507 1.25005585E-3 3.7158832E-2 1.70208048E-2 2.99704578E-2
6.6412506 1.24996342E-3 1.65162571E-2 1.31281521E-2 3.10564786E-2
6.6387506 1.24987005E-3 2.89056078E-2 1.56250596E-2 3.20843495E-2
6.6362505 1.25019916E-3 4.12828568E-3 9.58949421E-3 3.28255706E-2
6.6337504 1.24989206E-3 1.65171996E-2 1.31289009E-2 3.28503661E-2
6.6312509 1.25000719E-3 8.2578389E-3 1.09759578E-2 3.14755514E-2
6.6287508 1.24990987E-3 2.06462052E-2 1.40308132E-2 2.85032522E-2
6.6262507 1.25002267E-3 2.8902078E-2 1.56231513E-2 2.45221928E-2
6.6237507 1.2501342E-3 1.65140014E-2 1.31263584E-2 2.04938557E-2
6.6212506 1.25003362E-3 8.25766381E-3 1.0975725E-2 1.69883184E-2
6.6187506 1.24993233E-3 0 7.70513061E-3 1.40848467E-2
6.6162505 1.25004048E-3 8.25761911E-3 1.09756654E-2 1.16816759E-2
6.6137505 1.24993711E-3 4.12915088E-3 9.59150493E-3 9.67356749E-3
6.6112504 1.25004305E-3 1.2386404E-2 1.2124191E-2 7.97421206E-3
6.6087508 1.24993769E-3 4.12914902E-3 9.59150027E-3 6.52681198E-3
6.6062508 1.2500413E-3 0 7.70445913E-3 5.28685143E-3
6.6037507 1.24993396E-3 0 7.70512084E-3 4.2366907E-3
6.6012506 1.25003525E-3 4.12882725E-3 9.59075242E-3 3.38224904E-3
6.5987506 1.24992593E-3 4.12918814E-3 9.59159061E-3 2.7601812E-3
6.5962505 1.25002488E-3 0 7.70456018E-3 2.38570641E-3
6.5937505 1.25012256E-3 0 7.70395808E-3 2.21242686E-3
6.5912504 1.2500101E-3 4.12890967E-3 9.59094428E-3 2.15154747E-3
6.5887504 1.24989694E-3 1.65171362E-2 1.31288497E-2 2.13151565E-3
6.5862508 1.24999136E-3 0 7.70476693E-3 2.12165574E-3
6.5837507 1.25008449E-3 0 7.70419277E-3 2.11496232E-3
6.5812507 1.24996819E-3 0 7.70490989E-3 2.11089454E-3
6.5787506 1.25005899E-3 4.12874855E-3 9.59056988E-3 2.10877019E-3
