READ SERR 1 2
@SiXIV_He_Hewind.pco
!
6.8175006 2.50008842E-3 6.19319594E-3 6.06208947E-3 1.74199813E-4
6.8125005 2.49999226E-3 4.12895577E-3 5.48802735E-3 2.20874179E-4
6.8075004 2.50011124E-3 1.65150389E-2 8.17089807E-3 2.94857455E-4
6.8025002 2.49999925E-3 1.03223613E-2 7.01490277E-3 4.26523708E-4
6.7975006 2.4998798E-3 1.23874256E-2 7.42848357E-3 7.01591372E-4
6.7925005 2.49997433E-3 8.25797115E-3 6.56395126E-3 1.32652721E-3
6.7875009 2.50006025E-3 1.44509533E-2 7.8115291E-3 2.50688125E-3
6.7825007 2.49991682E-3 4.12908057E-3 5.48819313E-3 4.22120653E-3
6.7775006 2.49998644E-3 1.03224143E-2 7.0149391E-3 6.30187755E-3
6.7725005 2.50004767E-3 1.0322162E-2 7.01476727E-3 8.67938343E-3
6.7675004 2.50010053E-3 1.85794979E-2 8.51044059E-3 1.14056403E-2
6.7625008 2.49992521E-3 1.65162683E-2 8.17150623E-3 1.45590743E-2
6.7575006 2.49996176E-3 2.27095354E-2 9.14126355E-3 1.81244388E-2
6.7525005 2.49998993E-3 1.85803194E-2 8.51081591E-3 2.1722503E-2
6.7475009 2.50000996E-3 5.57405129E-2 1.29396999E-2 2.43770685E-2
6.7425008 2.5000216E-3 4.33535315E-2 1.16924252E-2 2.52785683E-2
6.7375007 2.50002509E-3 3.50956656E-2 1.07621374E-2 2.52531692E-2
6.7325006 2.5000202E-3 3.30312811E-2 1.05136009E-2 2.57515348E-2
6.7275004 2.50000693E-3 2.47735903E-2 9.43608303E-3 2.62885205E-2
6.7225008 2.49998574E-3 2.89027691E-2 9.99328308E-3 2.49591898E-2
6.7175007 2.49995617E-3 2.4774095E-2 9.43627488E-3 2.14766562E-2
6.7125006 2.50013499E-3 3.09654046E-2 1.02570364E-2 1.8315414E-2
6.7075005 2.49987235E-3 2.06457712E-2 8.83374643E-3 1.78174432E-2
6.7025008 2.50003417E-3 2.47733202E-2 9.43598058E-3 1.98836867E-2
6.6975007 2.49997154E-3 1.44514656E-2 7.81180616E-3 2.35365275E-2
6.6925006 2.50011613E-3 3.09656374E-2 1.02571137E-2 2.814053E-2
6.6875005 2.49982183E-3 4.74862345E-2 1.21263266E-2 3.30740474E-2
6.6825008 2.50016409E-3 2.89007071E-2 9.99256968E-3 3.7718758E-2
6.6775007 2.49985396E-3 3.71626616E-2 1.10045401E-2 4.12972346E-2
6.6725006 2.49996432E-3 5.16125262E-2 1.25406999E-2 4.25180979E-2
6.667501 2.50006607E-3 5.57392649E-2 1.29394094E-2 4.1568812E-2
6.6625009 2.49994546E-3 4.74838838E-2 1.21257268E-2 4.10368666E-2
6.6575007 2.50002998E-3 4.33533825E-2 1.16923861E-2 4.26950455E-2
6.6525006 2.50010588E-3 4.74808402E-2 1.21249491E-2 4.57230248E-2
6.6475005 2.49996036E-3 4.95481044E-2 1.23352837E-2 4.8669003E-2
6.6425004 2.50001927E-3 6.19336739E-2 1.35124167E-2 5.07803448E-2
6.6375003 2.50006933E-3 7.22545087E-2 1.44078173E-2 5.10917045E-2
6.6325006 2.49989936E-3 4.7484763E-2 1.21259512E-2 4.74175625E-2
6.6275005 2.49993266E-3 3.92260216E-2 1.12394877E-2 3.8979996E-2
6.6225004 2.50016782E-3 2.89006624E-2 9.99255478E-3 2.85968408E-2
6.6175003 2.4999727E-3 3.09674125E-2 1.02577014E-2 1.95196755E-2
6.6125007 2.49998015E-3 8.25795252E-3 6.56393543E-3 1.26731386E-2
6.6075006 2.49997899E-3 1.03224451E-2 7.01496005E-3 7.70973088E-3
6.6025004 2.49996921E-3 4.12899442E-3 5.48807811E-3 4.25714208E-3
6.5975008 2.49995082E-3 2.06451234E-3 4.79560578E-3 2.14615674E-3
6.5925007 2.50013266E-3 1.2386173E-2 7.42773199E-3 1.11327029E-3
6.5875006 2.49988819E-3 8.25825613E-3 6.56417711E-3 6.89913752E-4
6.5825005 2.50005256E-3 4.12885658E-3 5.48789511E-3 4.96981957E-4
6.5775008 2.49999971E-3 4.12894366E-3 5.48801105E-3 3.82996106E-4
NO NO NO NO NO
6.8175006 2.50008842E-3 6.19319594E-3 6.06208947E-3 1.92097796E-4
6.8125005 2.49999226E-3 8.25791154E-3 6.56390376E-3 2.35411833E-4
6.8075004 2.50011124E-3 2.06437986E-3 4.79529751E-3 2.95749516E-4
6.8025002 2.49999925E-3 1.03223613E-2 7.01490277E-3 3.92622955E-4
6.7975006 2.4998798E-3 1.03228549E-2 7.01523852E-3 5.94739977E-4
6.7925005 2.49997433E-3 1.23869572E-2 7.42820278E-3 1.09726598E-3
6.7875009 2.50006025E-3 1.23865316E-2 7.42794713E-3 2.14919914E-3
6.7825007 2.49991682E-3 6.19362108E-3 6.06250577E-3 3.79906036E-3
6.7775006 2.49998644E-3 8.2579311E-3 6.56391913E-3 5.89138037E-3
6.7725005 2.50004767E-3 2.06443225E-3 4.79541998E-3 8.33345484E-3
6.7675004 2.50010053E-3 1.85794979E-2 8.51044059E-3 1.11817177E-2
6.7625008 2.49992521E-3 1.85808018E-2 8.51103757E-3 1.45796835E-2
6.7575006 2.49996176E-3 2.27095354E-2 9.14126355E-3 1.86917596E-2
6.7525005 2.49998993E-3 2.06447989E-2 8.83333012E-3 2.35002767E-2
6.7475009 2.50000996E-3 1.85801703E-2 8.51074792E-3 2.85677873E-2
6.7425008 2.5000216E-3 5.16113453E-2 1.25404121E-2 3.32905129E-2
6.7375007 2.50002509E-3 3.09667643E-2 1.02574872E-2 3.73768657E-2
6.7325006 2.5000202E-3 4.74824645E-2 1.21253645E-2 4.07265425E-2
6.7275004 2.50000693E-3 6.81273714E-2 1.40579287E-2 4.28132154E-2
6.7225008 2.49998574E-3 4.95476052E-2 1.23351589E-2 4.2440962E-2
6.7175007 2.49995617E-3 5.3677205E-2 1.27422251E-2 3.92507613E-2
6.7125006 2.50013499E-3 4.74802852E-2 1.21248085E-2 3.52366529E-2
6.7075005 2.49987235E-3 5.57435825E-2 1.29404124E-2 3.30999084E-2
6.7025008 2.50003417E-3 4.95466404E-2 1.23349195E-2 3.41352411E-2
6.6975007 2.49997154E-3 6.39993474E-2 1.36973346E-2 3.83713096E-2
6.6925006 2.50011613E-3 5.57381473E-2 1.29391504E-2 4.48463894E-2
6.6875005 2.49982183E-3 4.95508537E-2 1.23359673E-2 5.2288238E-2
6.6825008 2.50016409E-3 6.60587549E-2 1.387804E-2 5.97737655E-2
6.6775007 2.49985396E-3 4.54210341E-2 1.19120711E-2 6.62026927E-2
6.6725006 2.49996432E-3 5.78060299E-2 1.31341554E-2 6.93508685E-2
6.667501 2.50006607E-3 5.36748469E-2 1.27416654E-2 6.85934722E-2
6.6625009 2.49994546E-3 6.81290478E-2 1.40582742E-2 6.76691383E-2
6.6575007 2.50002998E-3 7.63845369E-2 1.47486208E-2 7.04430416E-2
6.6525006 2.50010588E-3 9.7026065E-2 1.63295642E-2 7.63330087E-2
6.6475005 2.49996036E-3 0.10116071 1.66262127E-2 8.27723965E-2
6.6425004 2.50001927E-3 7.63848647E-2 1.47486851E-2 8.80419388E-2
6.6375003 2.50006933E-3 9.2898652E-2 1.60278548E-2 9.04617608E-2
6.6325006 2.49989936E-3 0.12800241 1.84189044E-2 8.6404793E-2
6.6275005 2.49993266E-3 6.40003458E-2 1.36975478E-2 7.346154E-2
6.6225004 2.50016782E-3 7.22516552E-2 1.44072492E-2 5.55354133E-2
6.6175003 2.4999727E-3 5.36768474E-2 1.27421403E-2 3.89062949E-2
6.6125007 2.49998015E-3 2.89028324E-2 9.9933045E-3 2.59584133E-2
6.6075006 2.49997899E-3 2.47738697E-2 9.4361892E-3 1.6368717E-2
6.6025004 2.49996921E-3 2.27094684E-2 9.14123747E-3 9.53136478E-3
6.5975008 2.49995082E-3 1.65160988E-2 8.17142241E-3 5.11275372E-3
6.5925007 2.50013266E-3 1.03218108E-2 7.01452885E-3 2.72745825E-3
6.5875006 2.49988819E-3 1.03228195E-2 7.0152143E-3 1.62770401E-3
6.5825005 2.50005256E-3 2.06442829E-3 4.7954102E-3 1.0966172E-3
6.5775008 2.49999971E-3 8.25788733E-3 6.56388421E-3 8.00407492E-4
NO NO NO NO NO
6.8187509 1.25016749E-3 0 7.70368148E-3 4.343809E-6
6.8162503 1.24992093E-3 4.12920443E-3 9.5916288E-3 4.9487594E-6
6.8137507 1.24989706E-3 0 7.70534761E-3 5.69758504E-6
6.8112507 1.25009532E-3 0 7.70412618E-3 6.62821412E-6
6.8087506 1.25006912E-3 4.12871502E-3 9.59049165E-3 7.79013499E-6
6.8062506 1.25004211E-3 0 7.70445354E-3 9.24240703E-6
6.8037505 1.24979171E-3 0 7.70599768E-3 1.10725732E-5
6.8012505 1.25020766E-3 4.12825774E-3 9.58942901E-3 1.34943912E-5
6.7987504 1.24995527E-3 4.12909081E-3 9.59136523E-3 1.77653037E-5
6.7962508 1.24992442E-3 0 7.70517904E-3 3.03824563E-5
6.7937508 1.25011452E-3 4.12856508E-3 9.59014427E-3 7.36983129E-5
6.7912507 1.24985981E-3 4.12940653E-3 9.59209818E-3 1.89171988E-4
6.7887506 1.25004759E-3 8.25757254E-3 1.0975603E-2 4.10563109E-4
6.7862506 1.25001266E-3 8.25780258E-3 1.09759094E-2 7.34592904E-4
6.7837505 1.24997681E-3 4.12902003E-3 9.59120039E-3 1.12760754E-3
6.7812505 1.24994002E-3 0 7.70508312E-3 1.55984436E-3
6.7787504 1.25012302E-3 4.12853714E-3 9.59007815E-3 2.01900071E-3
6.7762508 1.24986342E-3 0 7.70555576E-3 2.50618276E-3
6.7737508 1.25004421E-3 1.23863919E-2 1.21241789E-2 3.0248228E-3
6.7712507 1.25000335E-3 0 7.70469243E-3 3.58205475E-3
6.7687507 1.24996156E-3 1.23872105E-2 1.21249808E-2 4.18420322E-3
6.7662506 1.25013886E-3 8.25696997E-3 1.09748021E-2 4.8388727E-3
6.7637506 1.24987506E-3 1.23880692E-2 1.21258209E-2 5.55929588E-3
6.7612505 1.25005015E-3 1.23863332E-2 1.21241221E-2 6.35569403E-3
6.7587504 1.25000428E-3 4.12892923E-3 9.59098991E-3 7.24735996E-3
6.7562509 1.24995748E-3 0 7.70497555E-3 8.24669003E-3
6.7537508 1.25012896E-3 8.25703423E-3 1.09748887E-2 9.3387207E-3
6.7512507 1.24986109E-3 2.06470117E-2 1.40313618E-2 1.04537457E-2
6.7487507 1.25003036E-3 4.12884308E-3 9.59078874E-3 1.14366757E-2
6.7462506 1.2499796E-3 1.65160429E-2 1.31279808E-2 1.20866681E-2
6.7437506 1.25014654E-3 1.23853786E-2 1.21231871E-2 1.22314291E-2
6.7412505 1.24987517E-3 1.65174231E-2 1.31290779E-2 1.19271642E-2
6.7387505 1.2500399E-3 4.12881151E-2 1.76660269E-2 1.14879683E-2
6.7362504 1.24998519E-3 2.89029479E-2 1.56236207E-2 1.12986276E-2
6.7337508 1.24992942E-3 1.6516706E-2 1.31285079E-2 1.15255024E-2
6.7312508 1.25009066E-3 1.23859318E-2 1.21237291E-2 1.20701995E-2
6.7287507 1.2500328E-3 1.23865046E-2 1.21242898E-2 1.26830349E-2
6.7262506 1.24997413E-3 2.47741733E-2 1.48565592E-2 1.30782081E-2
6.7237506 1.24991452E-3 1.23876771E-2 1.21254371E-2 1.30070793E-2
6.7212505 1.2500711E-3 2.06435416E-2 1.40290037E-2 1.23157147E-2
6.7187505 1.2500094E-3 1.23867374E-2 1.2124517E-2 1.10417223E-2
6.7162504 1.24994677E-3 2.06455961E-2 1.40303997E-2 9.43812542E-3
6.7137504 1.25009986E-3 1.6514454E-2 1.31267188E-2 7.93567766E-3
6.7112503 1.25003513E-3 0 7.70449685E-3 6.97718281E-3
6.7087502 1.24996947E-3 8.25808849E-3 1.09762894E-2 6.74004527E-3
6.7062507 1.24990288E-3 2.89048478E-2 1.56246489E-2 7.03819655E-3
6.7037506 1.25005143E-3 1.23863202E-2 1.21241091E-2 7.60270236E-3
6.7012506 1.24998274E-3 0 7.70481955E-3 8.32875073E-3
6.6987505 1.24991324E-3 1.23876892E-2 1.21254493E-2 9.22843628E-3
6.6962509 1.2500583E-3 8.25750176E-3 1.0975509E-2 1.03042275E-2
6.6937509 1.2499867E-3 2.06449367E-2 1.40299518E-2 1.15081184E-2
6.6912508 1.25012931E-3 8.25703237E-3 1.0974885E-2 1.27728945E-2
6.6887507 1.2498406E-3 4.12946986E-3 9.59224533E-3 1.40685458E-2
6.6862507 1.24998123E-3 8.25801119E-3 1.0976186E-2 1.53621193E-2
6.6837506 1.25012035E-3 1.23856375E-2 1.21234404E-2 1.66334081E-2
6.6812506 1.25004374E-3 2.89015938E-2 1.56228887E-2 1.78668033E-2
6.6787505 1.2499661E-3 1.65162217E-2 1.31281223E-2 1.90421157E-2
6.6762505 1.24988775E-3 2.4775885E-2 1.48575874E-2 2.00688038E-2
6.6737509 1.25002244E-3 1.23866079E-2 1.21243903E-2 2.06754953E-2
6.6712508 1.24994188E-3 1.65165402E-2 1.31283766E-2 2.05406621E-2
6.6687508 1.25007425E-3 1.65147912E-2 1.3126987E-2 1.96805317E-2
6.6662507 1.24999171E-3 2.06448529E-2 1.4029895E-2 1.85951237E-2
6.6637506 1.25012163E-3 4.12854133E-3 9.59008839E-3 1.78854428E-2
6.6612506 1.24982384E-3 3.30362022E-2 1.63448267E-2 1.78485997E-2
6.6587505 1.25016482E-3 3.30271907E-2 1.63403675E-2 1.84304081E-2
6.6562505 1.24986528E-3 2.06469428E-2 1.40313143E-2 1.93965156E-2
6.6537509 1.24999078E-3 8.25794786E-3 1.09761022E-2 2.04556473E-2
6.6512508 1.25011499E-3 1.23856906E-2 1.21234925E-2 2.14366671E-2
6.6487503 1.25002547E-3 3.3030875E-2 1.6342191E-2 2.22752579E-2
6.6462507 1.24993501E-3 2.89041065E-2 1.56242475E-2 2.29867585E-2
6.6437507 1.25005585E-3 3.7158832E-2 1.70208048E-2 2.36459523E-2
6.6412506 1.24996342E-3 2.47743856E-2 1.48566877E-2 2.43460089E-2
6.6387506 1.24987005E-3 4.54230979E-2 1.82841495E-2 2.50988398E-2
6.6362505 1.25019916E-3 2.06414275E-2 1.40275666E-2 2.57370025E-2
6.6337504 1.24989206E-3 2.89050993E-2 1.56247839E-2 2.58339178E-2
6.6312509 1.25000719E-3 7.01916292E-2 2.1524366E-2 2.47772969E-2
6.6287508 1.24990987E-3 2.06462052E-2 1.40308132E-2 2.24266928E-2
6.6262507 1.25002267E-3 1.23866051E-2 1.21243875E-2 1.92795228E-2
6.6237507 1.2501342E-3 2.06425004E-2 1.40282959E-2 1.60779208E-2
6.6212506 1.25003362E-3 8.25766381E-3 1.0975725E-2 1.32312384E-2
6.6187506 1.24993233E-3 4.12916671E-3 9.59154125E-3 1.08413436E-2
6.6162505 1.25004048E-3 1.65152382E-2 1.31273419E-2 8.83658696E-3
6.6137505 1.24993711E-3 1.23874526E-2 1.21252174E-2 7.1216668E-3
6.6112504 1.25004305E-3 4.12880117E-3 9.59069189E-3 5.62627753E-3
6.6087508 1.24993769E-3 0 7.70509755E-3 4.31581493E-3
6.6062508 1.2500413E-3 0 7.70445913E-3 3.16486927E-3
6.6037507 1.24993396E-3 0 7.70512084E-3 2.16408563E-3
6.6012506 1.25003525E-3 4.12882725E-3 9.59075242E-3 1.33116473E-3
6.5987506 1.24992593E-3 0 7.7051702E-3 7.1291317E-4
6.5962505 1.25002488E-3 4.12886124E-3 9.59083159E-3 3.3088238E-4
6.5937505 1.25012256E-3 0 7.70395808E-3 1.4334447E-4
6.5912504 1.2500101E-3 8.25781934E-3 1.09759318E-2 6.84819388E-5
6.5887504 1.24989694E-3 0 7.70534854E-3 4.24091122E-5
6.5862508 1.24999136E-3 4.12897207E-3 9.59108863E-3 3.20679937E-5
6.5837507 1.25008449E-3 0 7.70419277E-3 2.59215412E-5
6.5812507 1.24996819E-3 4.12904844E-3 9.59126651E-3 2.14225092E-5
6.5787506 1.25005899E-3 8.2574971E-3 1.09755024E-2 1.79587387E-5
NO NO NO NO NO
6.8187509 1.25016749E-3 8.25678091E-3 1.09745506E-2 5.33089951E-6
6.8162503 1.24992093E-3 4.12920443E-3 9.5916288E-3 6.10609641E-6
6.8137507 1.24989706E-3 8.25856626E-3 1.09769246E-2 7.07102299E-6
6.8112507 1.25009532E-3 0 7.70412618E-3 8.27830627E-6
6.8087506 1.25006912E-3 0 7.70428684E-3 9.79995548E-6
6.8062506 1.25004211E-3 4.12880396E-3 9.59069934E-3 1.17316886E-5
6.8037505 1.24979171E-3 8.25926289E-3 1.09778503E-2 1.42391964E-5
6.8012505 1.25020766E-3 4.12825774E-3 9.58942901E-3 1.77903221E-5
6.7987504 1.24995527E-3 4.12909081E-3 9.59136523E-3 2.5000465E-5
6.7962508 1.24992442E-3 4.12919279E-3 9.59160179E-3 4.71019739E-5
6.7937508 1.25011452E-3 0 7.7040079E-3 1.1069305E-4
6.7912507 1.24985981E-3 8.25881306E-3 1.09772524E-2 2.62006099E-4
6.7887506 1.25004759E-3 4.12878627E-3 9.59065743E-3 5.40268491E-4
6.7862506 1.25001266E-3 8.25780258E-3 1.09759094E-2 9.40876547E-4
6.7837505 1.24997681E-3 0 7.70485634E-3 1.41917961E-3
6.7812505 1.24994002E-3 1.23874247E-2 1.21251903E-2 1.93404115E-3
6.7787504 1.25012302E-3 0 7.70395482E-3 2.47090426E-3
6.7762508 1.24986342E-3 4.12939489E-3 9.59207024E-3 3.03325104E-3
6.7737508 1.25004421E-3 4.12879698E-3 9.59068257E-3 3.62554658E-3
6.7712507 1.25000335E-3 8.25786404E-3 1.09759914E-2 4.25673136E-3
6.7687507 1.24996156E-3 4.12907032E-3 9.5913168E-3 4.93471464E-3
6.7662506 1.25013886E-3 4.12848499E-3 9.58995707E-3 5.66879706E-3
6.7637506 1.24987506E-3 8.25871248E-3 1.09771183E-2 6.47467654E-3
6.7612505 1.25005015E-3 4.12877789E-3 9.59063787E-3 7.36193359E-3
6.7587504 1.25000428E-3 1.23867877E-2 1.21245664E-2 8.34576599E-3
6.7562509 1.24995748E-3 4.12908383E-3 9.59134847E-3 9.42743104E-3
6.7537508 1.25012896E-3 1.65140685E-2 1.31264124E-2 1.05877146E-2
6.7512507 1.24986109E-3 1.2388207E-2 1.21259559E-2 1.17748352E-2
6.7487507 1.25003036E-3 1.65153723E-2 1.3127448E-2 1.28463339E-2
6.7462506 1.2499796E-3 1.65160429E-2 1.31279808E-2 1.35928756E-2
6.7437506 1.25014654E-3 2.47707572E-2 1.48545112E-2 1.38125261E-2
6.7412505 1.24987517E-3 2.89054904E-2 1.56249953E-2 1.35468431E-2
6.7387505 1.2500399E-3 2.06440575E-2 1.40293548E-2 1.31287891E-2
6.7362504 1.24998519E-3 4.12899256E-3 9.59113613E-3 1.29776457E-2
6.7337508 1.24992942E-3 2.06458811E-2 1.40305934E-2 1.32654682E-2
6.7312508 1.25009066E-3 1.23859318E-2 1.21237291E-2 1.38586508E-2
6.7287507 1.2500328E-3 1.23865046E-2 1.21242898E-2 1.44549338E-2
6.7262506 1.24997413E-3 8.25805776E-3 1.09762475E-2 1.47429155E-2
6.7237506 1.24991452E-3 0 7.70524004E-3 1.44804446E-2
6.7212505 1.2500711E-3 1.6514834E-2 1.31270206E-2 1.3514298E-2
6.7187505 1.2500094E-3 1.65156499E-2 1.31276688E-2 1.1905482E-2
6.7162504 1.24994677E-3 8.25823843E-3 1.09764887E-2 9.95349046E-3
6.7137504 1.25009986E-3 0 7.70409778E-3 8.17019679E-3
6.7112503 1.25003513E-3 2.06441376E-2 1.40294079E-2 7.09508033E-3
6.7087502 1.24996947E-3 8.25808849E-3 1.09762894E-2 6.95236307E-3
6.7062507 1.24990288E-3 8.25852808E-3 1.09768733E-2 7.48898555E-3
6.7037506 1.25005143E-3 4.12877323E-3 9.59062763E-3 8.29336047E-3
6.7012506 1.24998274E-3 8.25800002E-3 1.09761721E-2 9.19231959E-3
6.6987505 1.24991324E-3 4.12923004E-3 9.59168747E-3 1.02262087E-2
6.6962509 1.2500583E-3 8.25750176E-3 1.0975509E-2 1.14319073E-2
6.6937509 1.2499867E-3 1.65159497E-2 1.31279072E-2 1.27670933E-2
6.6912508 1.25012931E-3 1.23855481E-2 1.21233538E-2 1.41567159E-2
6.6887507 1.2498406E-3 1.65178794E-2 1.31294411E-2 1.55738462E-2
6.6862507 1.24998123E-3 2.47740336E-2 1.48564763E-2 1.69920605E-2
6.6837506 1.25012035E-3 2.4771275E-2 1.48548223E-2 1.8393049E-2
6.6812506 1.25004374E-3 1.65151954E-2 1.31273083E-2 1.9756645E-2
6.6787505 1.2499661E-3 3.30324434E-2 1.63429659E-2 2.10461561E-2
6.6762505 1.24988775E-3 2.06465721E-2 1.40310628E-2 2.21378561E-2
6.6737509 1.25002244E-3 8.25773831E-3 1.09758237E-2 2.27719303E-2
6.6712508 1.24994188E-3 2.47748103E-2 1.48569429E-2 2.26187315E-2
6.6687508 1.25007425E-3 3.30295824E-2 1.63415521E-2 2.16811281E-2
6.6662507 1.24999171E-3 1.65158827E-2 1.31278541E-2 2.05077846E-2
6.6637506 1.25012163E-3 8.25708266E-3 1.0974953E-2 1.97946355E-2
6.6612506 1.24982384E-3 2.06476264E-2 1.403178E-2 1.98894851E-2
6.6587505 1.25016482E-3 2.06419956E-2 1.40279522E-2 2.06938665E-2
6.6562505 1.24986528E-3 1.2388166E-2 1.21259149E-2 2.19429769E-2
6.6537509 1.24999078E-3 2.89028157E-2 1.56235499E-2 2.33237464E-2
6.6512508 1.25011499E-3 3.30285095E-2 1.63410194E-2 2.46604569E-2
6.6487503 1.25002547E-3 3.71597335E-2 1.70212183E-2 2.59020217E-2
6.6462507 1.24993501E-3 2.89041065E-2 1.56242475E-2 2.70600785E-2
6.6437507 1.25005585E-3 3.7158832E-2 1.70208048E-2 2.81641837E-2
6.6412506 1.24996342E-3 1.65162571E-2 1.31281521E-2 2.92444658E-2
6.6387506 1.24987005E-3 2.89056078E-2 1.56250596E-2 3.02553847E-2
6.6362505 1.25019916E-3 4.12828568E-3 9.58949421E-3 3.09624057E-2
6.6337504 1.24989206E-3 1.65171996E-2 1.31289009E-2 3.09257433E-2
6.6312509 1.25000719E-3 8.2578389E-3 1.09759578E-2 2.94662546E-2
6.6287508 1.24990987E-3 2.06462052E-2 1.40308132E-2 2.64117438E-2
6.6262507 1.25002267E-3 2.8902078E-2 1.56231513E-2 2.23798137E-2
6.6237507 1.2501342E-3 1.65140014E-2 1.31263584E-2 1.83351431E-2
6.6212506 1.25003362E-3 8.25766381E-3 1.0975725E-2 1.48307737E-2
6.6187506 1.24993233E-3 0 7.70513061E-3 1.19334739E-2
6.6162505 1.25004048E-3 8.25761911E-3 1.09756654E-2 9.53804702E-3
6.6137505 1.24993711E-3 4.12915088E-3 9.59150493E-3 7.53795216E-3
6.6112504 1.25004305E-3 1.2386404E-2 1.2124191E-2 5.84726082E-3
6.6087508 1.24993769E-3 4.12914902E-3 9.59150027E-3 4.4079423E-3
6.6062508 1.2500413E-3 0 7.70445913E-3 3.17581533E-3
6.6037507 1.24993396E-3 0 7.70512084E-3 2.13228283E-3
6.6012506 1.25003525E-3 4.12882725E-3 9.59075242E-3 1.28360849E-3
6.5987506 1.24992593E-3 4.12918814E-3 9.59159061E-3 6.65142492E-4
6.5962505 1.25002488E-3 0 7.70456018E-3 2.92603421E-4
6.5937505 1.25012256E-3 0 7.70395808E-3 1.19952012E-4
6.5912504 1.2500101E-3 4.12890967E-3 9.59094428E-3 5.92301149E-5
6.5887504 1.24989694E-3 1.65171362E-2 1.31288497E-2 3.98858065E-5
6.5862508 1.24999136E-3 0 7.70476693E-3 3.13782584E-5
6.5837507 1.25008449E-3 0 7.70419277E-3 2.57663414E-5
6.5812507 1.24996819E-3 0 7.70490989E-3 2.14971569E-5
6.5787506 1.25005899E-3 4.12874855E-3 9.59056988E-3 1.81597716E-5
