READ SERR 1 2
@SXV_Hewind.pco
!
5.1575003 2.49999389E-3 0 3.852366E-3 4.65516532E-5
5.1525002 2.49999901E-3 0 3.85235832E-3 6.4363092E-5
5.1475005 2.4999897E-3 2.06448021E-3 4.79553081E-3 9.72937196E-5
5.1425004 2.49996665E-3 0 3.85240815E-3 1.66822225E-4
5.1375003 2.4999294E-3 6.19358988E-3 6.0624755E-3 3.06457747E-4
5.1325006 2.50013126E-3 0 3.85215436E-3 5.38880529E-4
5.1275005 2.49981275E-3 4.12925286E-3 5.48842177E-3 8.72145582E-4
5.1225009 2.49998574E-3 0 3.85237858E-3 1.3248421E-3
5.1175008 2.50014383E-3 2.06435309E-3 4.79523558E-3 1.91525323E-3
5.1125002 2.50003533E-3 6.19332725E-3 6.06221845E-3 2.58117239E-3
5.1075006 2.49991333E-3 1.44518027E-2 7.81198824E-3 3.17967194E-3
5.1025004 2.50002765E-3 4.12889756E-3 5.48794959E-3 3.62549024E-3
5.0975003 2.50012707E-3 4.12873318E-3 5.48773166E-3 3.940681E-3
5.0925002 2.49996246E-3 6.19350793E-3 6.06239494E-3 4.12846403E-3
5.0875001 2.50003301E-3 6.19333331E-3 6.06222404E-3 4.09361813E-3
5.0825005 2.49984046E-3 1.44522246E-2 7.81221641E-3 3.86690116E-3
5.0775003 2.50012986E-3 6.19309349E-3 6.06198935E-3 3.70882079E-3
5.0725002 2.49990867E-3 6.19364111E-3 6.06252532E-3 3.8115799E-3
5.0675006 2.49992101E-3 4.12907358E-3 5.48818382E-3 4.18492407E-3
5.0625005 2.50016502E-3 0 3.85210244E-3 4.83770808E-3
5.0575004 2.49990146E-3 1.03227654E-2 7.01517751E-3 5.76262129E-3
5.0525002 2.50011543E-3 0 3.85217904E-3 6.76590391E-3
5.0475006 2.49982392E-3 1.03230858E-2 7.01539544E-3 7.54528632E-3
5.0425005 2.50000786E-3 1.65157225E-2 8.17123614E-3 7.96147902E-3
5.0375004 2.50017596E-3 1.44502847E-2 7.81116728E-3 8.0797011E-3
5.0325003 2.49984208E-3 8.25840887E-3 6.56429864E-3 7.91491475E-3
5.0275006 2.49998062E-3 6.19346276E-3 6.0623507E-3 7.22559076E-3
5.0225005 2.50010379E-3 8.25754367E-3 6.56361086E-3 5.78701403E-3
5.0175004 2.49996968E-3 4.12899349E-3 5.48807718E-3 3.94694554E-3
5.0125003 2.50006258E-3 0 3.8522603E-3 2.35734694E-3
5.0075006 2.49989936E-3 4.12910944E-3 5.48823131E-3 1.27809378E-3
5.0025005 2.49996246E-3 2.06450257E-3 4.79558297E-3 6.35341159E-4
4.9975004 2.50001042E-3 0 3.85234063E-3 3.12710559E-4
4.9925008 2.50004302E-3 0 3.85229033E-3 1.76877729E-4
4.9875007 2.50006048E-3 2.06442177E-3 4.7953953E-3 1.19131568E-4
4.9825006 2.50006258E-3 0 3.85226007E-3 8.8381501E-5
4.9775004 2.49981182E-3 0 3.85264657E-3 6.82078753E-5
NO NO NO NO NO
5.1575003 2.49999389E-3 0 3.852366E-3 4.44359248E-5
5.1525002 2.49999901E-3 0 3.85235832E-3 5.83404071E-5
5.1475005 2.4999897E-3 2.06448021E-3 4.79553081E-3 8.33814556E-5
5.1425004 2.49996665E-3 0 3.85240815E-3 1.39769429E-4
5.1375003 2.4999294E-3 0 3.85246542E-3 2.6541276E-4
5.1325006 2.50013126E-3 2.06436333E-3 4.79525933E-3 4.93895088E-4
5.1275005 2.49981275E-3 6.19387906E-3 6.06275816E-3 8.39879329E-4
5.1225009 2.49998574E-3 2.06448347E-3 4.79553826E-3 1.32523268E-3
5.1175008 2.50014383E-3 6.19305903E-3 6.06195536E-3 1.98431592E-3
5.1125002 2.50003533E-3 4.12888499E-3 5.48793282E-3 2.77978927E-3
5.1075006 2.49991333E-3 6.19362993E-3 6.06251415E-3 3.55562544E-3
5.1025004 2.50002765E-3 2.06444878E-3 4.79545817E-3 4.17308183E-3
5.0975003 2.50012707E-3 6.19310001E-3 6.06199587E-3 4.62681474E-3
5.0925002 2.49996246E-3 0 3.85241467E-3 4.93503921E-3
5.0875001 2.50003301E-3 4.12888918E-3 5.48793841E-3 4.99716029E-3
5.0825005 2.49984046E-3 8.25841352E-3 6.56430284E-3 4.77055041E-3
5.0775003 2.50012986E-3 2.0643645E-3 4.79526212E-3 4.50333301E-3
5.0725002 2.49990867E-3 8.25818814E-3 6.56412309E-3 4.49134735E-3
5.0675006 2.49992101E-3 8.25814717E-3 6.56409049E-3 4.80220141E-3
5.0625005 2.50016502E-3 4.12867079E-3 5.4876483E-3 5.44886338E-3
5.0575004 2.49990146E-3 4.12910618E-3 5.48822666E-3 6.46145968E-3
5.0525002 2.50011543E-3 4.12875274E-3 5.48775727E-3 7.6846322E-3
5.0475006 2.49982392E-3 8.25846847E-3 6.56434614E-3 8.7628318E-3
5.0425005 2.50000786E-3 1.03223259E-2 7.01487903E-3 9.44415294E-3
5.0375004 2.50017596E-3 1.23859579E-2 7.42760301E-3 9.75962449E-3
5.0325003 2.49984208E-3 1.23876128E-2 7.4285958E-3 9.76839568E-3
5.0275006 2.49998062E-3 1.03224376E-2 7.01495493E-3 9.24538635E-3
5.0225005 2.50010379E-3 1.03219301E-2 7.01460987E-3 7.83404801E-3
5.0175004 2.49996968E-3 2.06449674E-3 4.79556946E-3 5.7081664E-3
5.0125003 2.50006258E-3 4.12883982E-3 5.48787322E-3 3.62804811E-3
5.0075006 2.49989936E-3 4.12910944E-3 5.48823131E-3 2.09761807E-3
5.0025005 2.49996246E-3 2.06450257E-3 4.79558297E-3 1.11711957E-3
4.9975004 2.50001042E-3 6.19338918E-3 6.06227899E-3 5.6908594E-4
4.9925008 2.50004302E-3 4.12887242E-3 5.48791606E-3 3.11163749E-4
4.9875007 2.50006048E-3 0 3.85226356E-3 1.95573841E-4
4.9825006 2.50006258E-3 0 3.85226007E-3 1.36646966E-4
4.9775004 2.49981182E-3 0 3.85264657E-3 1.01736667E-4
NO NO NO NO NO
5.1587505 1.24996353E-3 0 7.7049383E-3 2.27750752E-6
5.1562505 1.25003047E-3 0 7.70452572E-3 2.66435268E-6
5.1537504 1.24984025E-3 0 7.70569872E-3 3.15516309E-6
5.1512504 1.25015876E-3 0 7.70373503E-3 3.78498521E-6
5.1487503 1.24996505E-3 4.12905868E-3 9.59129073E-3 4.66699703E-6
5.1462502 1.25002477E-3 0 7.70456111E-3 6.36181312E-6
5.1437507 1.24982814E-3 0 7.70577276E-3 1.11590498E-5
5.1412506 1.25013839E-3 0 7.70386029E-3 2.48934903E-5
5.1387506 1.2499385E-3 4.12914669E-3 9.59149469E-3 5.55270381E-5
5.1362505 1.24999089E-3 0 7.70476973E-3 1.07195294E-4
5.1337504 1.2500413E-3 0 7.70445867E-3 1.77984068E-4
5.1312504 1.25008984E-3 0 7.70415924E-3 2.64101982E-4
5.1287503 1.24988367E-3 0 7.70543003E-3 3.64872249E-4
5.1262507 1.24992896E-3 0 7.70515157E-3 4.82411589E-4
5.1237507 1.25022454E-3 0 7.7033299E-3 6.21703628E-4
5.1212506 1.24976132E-3 0 7.70618487E-3 7.90931983E-4
5.1187506 1.25005306E-3 0 7.70438602E-3 9.99039854E-4
5.1162505 1.25009066E-3 0 7.70415459E-3 1.2535674E-3
5.1137505 1.24987506E-3 0 7.70548405E-3 1.54531316E-3
5.1112504 1.25016039E-3 4.12841374E-3 9.58979223E-3 1.8395948E-3
5.1087503 1.24994142E-3 4.12913691E-3 9.59147234E-3 2.09813612E-3
5.1062503 1.24997192E-3 4.12903633E-3 9.59123764E-3 2.30228761E-3
5.1037507 1.25000055E-3 8.2578836E-3 1.09760165E-2 2.46159849E-3
5.1012506 1.25002721E-3 0 7.70454574E-3 2.59274244E-3
5.0987506 1.25005213E-3 0 7.70439254E-3 2.70860409E-3
5.0962505 1.25007506E-3 4.12869547E-3 9.59044695E-3 2.81661958E-3
5.0937505 1.24984677E-3 0 7.70565774E-3 2.91997148E-3
5.0912504 1.25011569E-3 8.25712271E-3 1.0975006E-2 3.00670811E-3
5.0887504 1.24988414E-3 0 7.70542771E-3 3.04007018E-3
5.0862503 1.25014875E-3 0 7.70379649E-3 2.96420162E-3
5.0837502 1.24991406E-3 4.12922725E-3 9.59168188E-3 2.7813348E-3
5.0812507 1.2499264E-3 4.12918674E-3 9.59158782E-3 2.56714551E-3
5.0787506 1.24993676E-3 8.25830456E-3 1.09765762E-2 2.41345633E-3
5.0762506 1.25019299E-3 0 7.70352362E-3 2.35120882E-3
5.0737505 1.24995189E-3 8.25820398E-3 1.09764431E-2 2.36658962E-3
5.0712504 1.24995678E-3 0 7.70497927E-3 2.43155612E-3
5.0687504 1.24995993E-3 4.12907591E-3 9.59132984E-3 2.53388728E-3
5.0662508 1.24996121E-3 8.25814344E-3 1.0976362E-2 2.67815078E-3
5.0637503 1.25020707E-3 8.25651921E-3 1.09742032E-2 2.87906313E-3
5.0612502 1.24995795E-3 4.12908196E-3 9.59134474E-3 3.15601355E-3
5.0587502 1.24995376E-3 0 7.70499837E-3 3.51866311E-3
5.0562506 1.2499477E-3 4.12911596E-3 9.59142298E-3 3.96301877E-3
5.0537505 1.2499399E-3 2.47748513E-2 1.48569671E-2 4.45268117E-3
5.0512505 1.25017541E-3 4.12836391E-3 9.58967675E-3 4.91553964E-3
5.0487504 1.24991848E-3 1.2387637E-2 1.2125398E-2 5.28487517E-3
5.0462503 1.24990533E-3 4.12925612E-3 9.59174894E-3 5.53218555E-3
5.0437503 1.25013466E-3 4.12849849E-3 9.58998874E-3 5.67680458E-3
5.0412507 1.24987308E-3 1.23880878E-2 1.21258385E-2 5.75450296E-3
5.0387506 1.25009846E-3 8.25723633E-3 1.0975156E-2 5.7848352E-3
5.0362501 1.2500775E-3 0 7.70423515E-3 5.78188803E-3
5.0337505 1.24981138E-3 4.12956672E-3 9.59246978E-3 5.75120281E-3
5.0312505 1.25003059E-3 8.2576843E-3 1.0975752E-2 5.6875553E-3
5.0287504 1.2500044E-3 0 7.70468637E-3 5.55658806E-3
5.0262504 1.24997634E-3 2.06451081E-2 1.40300673E-2 5.25332615E-3
5.0237503 1.25018915E-3 8.25663749E-3 1.09743606E-2 4.67220508E-3
5.0212502 1.24991476E-3 4.12922492E-3 9.59167629E-3 3.8514256E-3
5.0187507 1.24988146E-3 4.12933528E-3 9.59193241E-3 2.96564284E-3
5.0162506 1.25008821E-3 8.25730432E-3 1.09752472E-2 2.18488974E-3
5.0137506 1.25005085E-3 4.12877556E-3 9.59063228E-3 1.56643102E-3
5.0112505 1.25001173E-3 0 7.70464074E-3 1.09977706E-3
5.0087504 1.24997098E-3 0 7.7048922E-3 7.47906975E-4
5.0062504 1.24992838E-3 0 7.70515483E-3 4.80399322E-4
5.0037503 1.25012477E-3 4.12853155E-3 9.59006511E-3 2.81729677E-4
5.0012503 1.24983781E-3 0 7.70571316E-3 1.47450221E-4
4.9987507 1.25003024E-3 4.12884355E-3 9.59079061E-3 7.04001577E-5
4.9962506 1.24998018E-3 0 7.70483539E-3 3.41633749E-5
4.9937506 1.25016819E-3 4.12838813E-3 9.58973262E-3 1.92812422E-5
4.9912505 1.24987483E-3 0 7.70548498E-3 1.32815931E-5
4.9887505 1.25005888E-3 0 7.70435063E-3 1.01898113E-5
4.9862504 1.25000149E-3 4.12893808E-3 9.5910104E-3 8.1106773E-6
4.9837503 1.24994246E-3 0 7.70506775E-3 6.57697137E-6
4.9812503 1.25012023E-3 0 7.70397251E-3 5.4217021E-6
4.9787502 1.24981906E-3 0 7.70582911E-3 4.54775591E-6
NO NO NO NO NO
5.1587505 1.24996353E-3 0 7.7049383E-3 2.26523298E-6
5.1562505 1.25003047E-3 0 7.70452572E-3 2.65034828E-6
5.1537504 1.24984025E-3 0 7.70569872E-3 3.14715794E-6
5.1512504 1.25015876E-3 0 7.70373503E-3 3.80950473E-6
5.1487503 1.24996505E-3 0 7.70492852E-3 4.80779818E-6
5.1462502 1.25002477E-3 0 7.70456111E-3 6.86451267E-6
5.1437507 1.24982814E-3 0 7.70577276E-3 1.22413931E-5
5.1412506 1.25013839E-3 0 7.70386029E-3 2.53311955E-5
5.1387506 1.2499385E-3 0 7.70509243E-3 5.25590658E-5
5.1362505 1.24999089E-3 4.12897347E-3 9.59109236E-3 9.79714969E-5
5.1337504 1.2500413E-3 0 7.70445867E-3 1.60048148E-4
5.1312504 1.25008984E-3 0 7.70415924E-3 2.35305197E-4
5.1287503 1.24988367E-3 0 7.70543003E-3 3.22989392E-4
5.1262507 1.24992896E-3 0 7.70515157E-3 4.25298436E-4
5.1237507 1.25022454E-3 0 7.7033299E-3 5.46730531E-4
5.1212506 1.24976132E-3 0 7.70618487E-3 6.94263319E-4
5.1187506 1.25005306E-3 0 7.70438602E-3 8.74442339E-4
5.1162505 1.25009066E-3 0 7.70415459E-3 1.09112391E-3
5.1137505 1.24987506E-3 0 7.70548405E-3 1.33678317E-3
5.1112504 1.25016039E-3 4.12841374E-3 9.58979223E-3 1.58410112E-3
5.1087503 1.24994142E-3 0 7.70507473E-3 1.79964292E-3
5.1062503 1.24997192E-3 0 7.70488661E-3 1.96526712E-3
5.1037507 1.25000055E-3 0 7.70471012E-3 2.08921707E-3
5.1012506 1.25002721E-3 4.12885332E-3 9.59081389E-3 2.18790676E-3
5.0987506 1.25005213E-3 4.12877137E-3 9.59062297E-3 2.27295957E-3
5.0962505 1.25007506E-3 4.12869547E-3 9.59044695E-3 2.35030963E-3
5.0937505 1.24984677E-3 1.65177975E-2 1.31293759E-2 2.42184475E-3
5.0912504 1.25011569E-3 0 7.70400092E-3 2.47541349E-3
5.0887504 1.24988414E-3 8.25865194E-3 1.09770382E-2 2.48883665E-3
5.0862503 1.25014875E-3 0 7.70379649E-3 2.42427154E-3
5.0837502 1.24991406E-3 4.12922725E-3 9.59168188E-3 2.27653841E-3
5.0812507 1.2499264E-3 8.25837348E-3 1.09766675E-2 2.1006444E-3
5.0787506 1.24993676E-3 0 7.70510314E-3 1.97198172E-3
5.0762506 1.25019299E-3 4.12830571E-3 9.5895417E-3 1.92047737E-3
5.0737505 1.24995189E-3 8.25820398E-3 1.09764431E-2 1.934584E-3
5.0712504 1.24995678E-3 0 7.70497927E-3 1.99323893E-3
5.0687504 1.24995993E-3 4.12907591E-3 9.59132984E-3 2.08981195E-3
5.0662508 1.24996121E-3 0 7.70495273E-3 2.23009824E-3
5.0637503 1.25020707E-3 1.23847788E-2 1.21226003E-2 2.42579961E-3
5.0612502 1.24995795E-3 0 7.70497229E-3 2.69273273E-3
5.0587502 1.24995376E-3 0 7.70499837E-3 3.03781871E-3
5.0562506 1.2499477E-3 0 7.70503562E-3 3.4535334E-3
5.0537505 1.2499399E-3 0 7.70508405E-3 3.90635617E-3
5.0512505 1.25017541E-3 4.12836391E-3 9.58967675E-3 4.33263928E-3
5.0487504 1.24991848E-3 4.12921235E-3 9.59164742E-3 4.67261486E-3
5.0462503 1.24990533E-3 0 7.70529732E-3 4.90238518E-3
5.0437503 1.25013466E-3 0 7.70388311E-3 5.0419406E-3
5.0412507 1.24987308E-3 4.12936229E-3 9.59199574E-3 5.12778806E-3
5.0387506 1.25009846E-3 4.12861817E-3 9.5902672E-3 5.18223224E-3
5.0362501 1.2500775E-3 8.25737417E-3 1.09753404E-2 5.22380462E-3
5.0337505 1.24981138E-3 0 7.70587614E-3 5.2615162E-3
5.0312505 1.25003059E-3 8.2576843E-3 1.0975752E-2 5.2869441E-3
5.0287504 1.2500044E-3 0 7.70468637E-3 5.25853876E-3
5.0262504 1.24997634E-3 4.12902143E-3 9.59120411E-3 5.08134905E-3
5.0237503 1.25018915E-3 0 7.70354783E-3 4.63607907E-3
5.0212502 1.24991476E-3 0 7.70523865E-3 3.91845126E-3
5.0187507 1.24988146E-3 0 7.70544447E-3 3.08775273E-3
5.0162506 1.25008821E-3 8.25730432E-3 1.09752472E-2 2.32651876E-3
5.0137506 1.25005085E-3 0 7.70439999E-3 1.70792686E-3
5.0112505 1.25001173E-3 0 7.70464074E-3 1.22154655E-3
5.0087504 1.24997098E-3 0 7.7048922E-3 8.3996699E-4
5.0062504 1.24992838E-3 4.12917975E-3 9.59157199E-3 5.41693007E-4
5.0037503 1.25012477E-3 4.12853155E-3 9.59006511E-3 3.15825775E-4
5.0012503 1.24983781E-3 0 7.70571316E-3 1.60828655E-4
4.9987507 1.25003024E-3 0 7.70452712E-3 7.2121853E-5
4.9962506 1.24998018E-3 0 7.70483539E-3 3.20248691E-5
4.9937506 1.25016819E-3 0 7.70367682E-3 1.70261719E-5
4.9912505 1.24987483E-3 0 7.70548498E-3 1.13502356E-5
4.9887505 1.25005888E-3 0 7.70435063E-3 8.60259388E-6
4.9862504 1.25000149E-3 0 7.70470407E-3 6.83175494E-6
4.9837503 1.24994246E-3 0 7.70506775E-3 5.534509E-6
4.9812503 1.25012023E-3 0 7.70397251E-3 4.55689269E-6
4.9787502 1.24981906E-3 0 7.70582911E-3 3.81755035E-6
