READ SERR 1 2
@SXV_windprof.pco
!
5.1575003 2.49999389E-3 0 3.852366E-3 9.59407589E-6
5.1525002 2.49999901E-3 0 3.85235832E-3 1.11901945E-5
5.1475005 2.4999897E-3 2.06448021E-3 4.79553081E-3 1.32734185E-5
5.1425004 2.49996665E-3 0 3.85240815E-3 1.60067793E-5
5.1375003 2.4999294E-3 6.19358988E-3 6.0624755E-3 1.95986868E-5
5.1325006 2.50013126E-3 0 3.85215436E-3 2.43112772E-5
5.1275005 2.49981275E-3 4.12925286E-3 5.48842177E-3 3.04904552E-5
5.1225009 2.49998574E-3 0 3.85237858E-3 3.85724561E-5
5.1175008 2.50014383E-3 2.06435309E-3 4.79523558E-3 4.91969076E-5
5.1125002 2.50003533E-3 6.19332725E-3 6.06221845E-3 6.33874151E-5
5.1075006 2.49991333E-3 1.44518027E-2 7.81198824E-3 8.30774516E-5
5.1025004 2.50002765E-3 4.12889756E-3 5.48794959E-3 1.12818772E-4
5.0975003 2.50012707E-3 4.12873318E-3 5.48773166E-3 1.6582536E-4
5.0925002 2.49996246E-3 6.19350793E-3 6.06239494E-3 2.78302759E-4
5.0875001 2.50003301E-3 6.19333331E-3 6.06222404E-3 5.16978325E-4
5.0825005 2.49984046E-3 1.44522246E-2 7.81221641E-3 1.12043705E-3
5.0775003 2.50012986E-3 6.19309349E-3 6.06198935E-3 2.45102262E-3
5.0725002 2.49990867E-3 6.19364111E-3 6.06252532E-3 4.13390296E-3
5.0675006 2.49992101E-3 4.12907358E-3 5.48818382E-3 5.27976034E-3
5.0625005 2.50016502E-3 0 3.85210244E-3 5.74279344E-3
5.0575004 2.49990146E-3 1.03227654E-2 7.01517751E-3 5.90766966E-3
5.0525002 2.50011543E-3 0 3.85217904E-3 5.97611163E-3
5.0475006 2.49982392E-3 1.03230858E-2 7.01539544E-3 6.01436524E-3
5.0425005 2.50000786E-3 1.65157225E-2 8.17123614E-3 6.03784621E-3
5.0375004 2.50017596E-3 1.44502847E-2 7.81116728E-3 6.05086936E-3
5.0325003 2.49984208E-3 8.25840887E-3 6.56429864E-3 6.05188124E-3
5.0275006 2.49998062E-3 6.19346276E-3 6.0623507E-3 6.02831179E-3
5.0225005 2.50010379E-3 8.25754367E-3 6.56361086E-3 5.95193403E-3
5.0175004 2.49996968E-3 4.12899349E-3 5.48807718E-3 5.7752002E-3
5.0125003 2.50006258E-3 0 3.8522603E-3 5.31749101E-3
5.0075006 2.49989936E-3 4.12910944E-3 5.48823131E-3 4.18984005E-3
5.0025005 2.49996246E-3 2.06450257E-3 4.79558297E-3 2.50949431E-3
4.9975004 2.50001042E-3 0 3.85234063E-3 1.12034543E-3
4.9925008 2.50004302E-3 0 3.85229033E-3 4.53263288E-4
4.9875007 2.50006048E-3 2.06442177E-3 4.7953953E-3 2.23607014E-4
4.9825006 2.50006258E-3 0 3.85226007E-3 1.38931151E-4
4.9775004 2.49981182E-3 0 3.85264657E-3 9.95007285E-5
NO NO NO NO NO
5.1575003 2.49999389E-3 0 3.852366E-3 9.79211745E-6
5.1525002 2.49999901E-3 0 3.85235832E-3 1.14120421E-5
5.1475005 2.4999897E-3 2.06448021E-3 4.79553081E-3 1.35305099E-5
5.1425004 2.49996665E-3 0 3.85240815E-3 1.6308999E-5
5.1375003 2.4999294E-3 0 3.85246542E-3 1.99487295E-5
5.1325006 2.50013126E-3 2.06436333E-3 4.79525933E-3 2.46937943E-5
5.1275005 2.49981275E-3 6.19387906E-3 6.06275816E-3 3.08518356E-5
5.1225009 2.49998574E-3 2.06448347E-3 4.79553826E-3 3.87813016E-5
5.1175008 2.50014383E-3 6.19305903E-3 6.06195536E-3 4.89643717E-5
5.1125002 2.50003533E-3 4.12888499E-3 5.48793282E-3 6.2089086E-5
5.1075006 2.49991333E-3 6.19362993E-3 6.06251415E-3 7.93019281E-5
5.1025004 2.50002765E-3 2.06444878E-3 4.79545817E-3 1.03006641E-4
5.0975003 2.50012707E-3 6.19310001E-3 6.06199587E-3 1.39702097E-4
5.0925002 2.49996246E-3 0 3.85241467E-3 2.09836595E-4
5.0875001 2.50003301E-3 4.12888918E-3 5.48793841E-3 3.77743971E-4
5.0825005 2.49984046E-3 8.25841352E-3 6.56430284E-3 8.80338252E-4
5.0775003 2.50012986E-3 2.0643645E-3 4.79526212E-3 2.19179806E-3
5.0725002 2.49990867E-3 8.25818814E-3 6.56412309E-3 4.20303876E-3
5.0675006 2.49992101E-3 8.25814717E-3 6.56409049E-3 5.8843228E-3
5.0625005 2.50016502E-3 4.12867079E-3 5.4876483E-3 6.69848081E-3
5.0575004 2.49990146E-3 4.12910618E-3 5.48822666E-3 7.02128885E-3
5.0525002 2.50011543E-3 4.12875274E-3 5.48775727E-3 7.16800429E-3
5.0475006 2.49982392E-3 8.25846847E-3 6.56434614E-3 7.24076759E-3
5.0425005 2.50000786E-3 1.03223259E-2 7.01487903E-3 7.28065753E-3
5.0375004 2.50017596E-3 1.23859579E-2 7.42760301E-3 7.30455201E-3
5.0325003 2.49984208E-3 1.23876128E-2 7.4285958E-3 7.31711369E-3
5.0275006 2.49998062E-3 1.03224376E-2 7.01495493E-3 7.31176464E-3
5.0225005 2.50010379E-3 1.03219301E-2 7.01460987E-3 7.27486284E-3
5.0175004 2.49996968E-3 2.06449674E-3 4.79556946E-3 7.16456817E-3
5.0125003 2.50006258E-3 4.12883982E-3 5.48787322E-3 6.80973195E-3
5.0075006 2.49989936E-3 4.12910944E-3 5.48823131E-3 5.75855235E-3
5.0025005 2.49996246E-3 2.06450257E-3 4.79558297E-3 3.86896613E-3
4.9975004 2.50001042E-3 6.19338918E-3 6.06227899E-3 1.97414751E-3
4.9925008 2.50004302E-3 4.12887242E-3 5.48791606E-3 8.75056779E-4
4.9875007 2.50006048E-3 0 3.85226356E-3 4.31496213E-4
4.9825006 2.50006258E-3 0 3.85226007E-3 2.47288874E-4
4.9775004 2.49981182E-3 0 3.85264657E-3 1.60222044E-4
NO NO NO NO NO
5.1587505 1.24996353E-3 0 7.7049383E-3 6.22846414E-7
5.1562505 1.25003047E-3 0 7.70452572E-3 6.77347884E-7
5.1537504 1.24984025E-3 0 7.70569872E-3 7.35091362E-7
5.1512504 1.25015876E-3 0 7.70373503E-3 7.95958783E-7
5.1487503 1.24996505E-3 4.12905868E-3 9.59129073E-3 8.60961109E-7
5.1462502 1.25002477E-3 0 7.70456111E-3 9.30073043E-7
5.1437507 1.24982814E-3 0 7.70577276E-3 1.00410921E-6
5.1412506 1.25013839E-3 0 7.70386029E-3 1.0830754E-6
5.1387506 1.2499385E-3 4.12914669E-3 9.59149469E-3 1.1685878E-6
5.1362505 1.24999089E-3 0 7.70476973E-3 1.26093073E-6
5.1337504 1.2500413E-3 0 7.70445867E-3 1.36160463E-6
5.1312504 1.25008984E-3 0 7.70415924E-3 1.46717923E-6
5.1287503 1.24988367E-3 0 7.70543003E-3 1.57475483E-6
5.1262507 1.24992896E-3 0 7.70515157E-3 1.69216935E-6
5.1237507 1.25022454E-3 0 7.7033299E-3 1.82759482E-6
5.1212506 1.24976132E-3 0 7.70618487E-3 1.98954308E-6
5.1187506 1.25005306E-3 0 7.70438602E-3 2.18535229E-6
5.1162505 1.25009066E-3 0 7.70415459E-3 2.4306305E-6
5.1137505 1.24987506E-3 0 7.70548405E-3 2.74555237E-6
5.1112504 1.25016039E-3 4.12841374E-3 9.58979223E-3 3.15634566E-6
5.1087503 1.24994142E-3 4.12913691E-3 9.59147234E-3 3.7031682E-6
5.1062503 1.24997192E-3 4.12903633E-3 9.59123764E-3 4.43372301E-6
5.1037507 1.25000055E-3 8.2578836E-3 1.09760165E-2 5.41179406E-6
5.1012506 1.25002721E-3 0 7.70454574E-3 6.71537691E-6
5.0987506 1.25005213E-3 0 7.70439254E-3 8.43840644E-6
5.0962505 1.25007506E-3 4.12869547E-3 9.59044695E-3 1.06926364E-5
5.0937505 1.24984677E-3 0 7.70565774E-3 1.3616419E-5
5.0912504 1.25011569E-3 8.25712271E-3 1.0975006E-2 1.73932222E-5
5.0887504 1.24988414E-3 0 7.70542771E-3 2.25909898E-5
5.0862503 1.25014875E-3 0 7.70379649E-3 3.2818396E-5
5.0837502 1.24991406E-3 4.12922725E-3 9.59168188E-3 6.96467614E-5
5.0812507 1.2499264E-3 4.12918674E-3 9.59158782E-3 2.15956301E-4
5.0787506 1.24993676E-3 8.25830456E-3 1.09765762E-2 6.4401282E-4
5.0762506 1.25019299E-3 0 7.70352362E-3 1.46528787E-3
5.0737505 1.24995189E-3 8.25820398E-3 1.09764431E-2 2.49463343E-3
5.0712504 1.24995678E-3 0 7.70497927E-3 3.36042093E-3
5.0687504 1.24995993E-3 4.12907591E-3 9.59132984E-3 3.86143872E-3
5.0662508 1.24996121E-3 8.25814344E-3 1.0976362E-2 4.07858845E-3
5.0637503 1.25020707E-3 8.25651921E-3 1.09742032E-2 4.15030029E-3
5.0612502 1.24995795E-3 4.12908196E-3 9.59134474E-3 4.17366903E-3
5.0587502 1.24995376E-3 0 7.70499837E-3 4.18521045E-3
5.0562506 1.2499477E-3 4.12911596E-3 9.59142298E-3 4.19409247E-3
5.0537505 1.2499399E-3 2.47748513E-2 1.48569671E-2 4.20182711E-3
5.0512505 1.25017541E-3 4.12836391E-3 9.58967675E-3 4.20796638E-3
5.0487504 1.24991848E-3 1.2387637E-2 1.2125398E-2 4.21480322E-3
5.0462503 1.24990533E-3 4.12925612E-3 9.59174894E-3 4.21895692E-3
5.0437503 1.25013466E-3 4.12849849E-3 9.58998874E-3 4.21869149E-3
5.0412507 1.24987308E-3 1.23880878E-2 1.21258385E-2 4.21385653E-3
5.0387506 1.25009846E-3 8.25723633E-3 1.0975156E-2 4.19722265E-3
5.0362501 1.2500775E-3 0 7.70423515E-3 4.16749669E-3
5.0337505 1.24981138E-3 4.12956672E-3 9.59246978E-3 4.12451802E-3
5.0312505 1.25003059E-3 8.2576843E-3 1.0975752E-2 4.06971388E-3
5.0287504 1.2500044E-3 0 7.70468637E-3 4.01005521E-3
5.0262504 1.24997634E-3 2.06451081E-2 1.40300673E-2 3.94787733E-3
5.0237503 1.25018915E-3 8.25663749E-3 1.09743606E-2 3.88469175E-3
5.0212502 1.24991476E-3 4.12922492E-3 9.59167629E-3 3.82330222E-3
5.0187507 1.24988146E-3 4.12933528E-3 9.59193241E-3 3.76091781E-3
5.0162506 1.25008821E-3 8.25730432E-3 1.09752472E-2 3.69764818E-3
5.0137506 1.25005085E-3 4.12877556E-3 9.59063228E-3 3.63230752E-3
5.0112505 1.25001173E-3 0 7.70464074E-3 3.5377848E-3
5.0087504 1.24997098E-3 0 7.7048922E-3 3.31561267E-3
5.0062504 1.24992838E-3 0 7.70515483E-3 2.80942069E-3
5.0037503 1.25012477E-3 4.12853155E-3 9.59006511E-3 1.99956424E-3
5.0012503 1.24983781E-3 0 7.70571316E-3 1.13534671E-3
4.9987507 1.25003024E-3 4.12884355E-3 9.59079061E-3 5.10358659E-4
4.9962506 1.24998018E-3 0 7.70483539E-3 1.93511703E-4
4.9937506 1.25016819E-3 4.12838813E-3 9.58973262E-3 7.00295059E-5
4.9912505 1.24987483E-3 0 7.70548498E-3 3.42741478E-5
4.9887505 1.25005888E-3 0 7.70435063E-3 2.3185281E-5
4.9862504 1.25000149E-3 4.12893808E-3 9.5910104E-3 1.7489976E-5
4.9837503 1.24994246E-3 0 7.70506775E-3 1.35418077E-5
4.9812503 1.25012023E-3 0 7.70397251E-3 1.05956124E-5
4.9787502 1.24981906E-3 0 7.70582911E-3 8.36948675E-6
NO NO NO NO NO
5.1587505 1.24996353E-3 0 7.7049383E-3 6.06457149E-7
5.1562505 1.25003047E-3 0 7.70452572E-3 6.6300845E-7
5.1537504 1.24984025E-3 0 7.70569872E-3 7.23823689E-7
5.1512504 1.25015876E-3 0 7.70373503E-3 7.88871262E-7
5.1487503 1.24996505E-3 0 7.70492852E-3 8.59342379E-7
5.1462502 1.25002477E-3 0 7.70456111E-3 9.35296953E-7
5.1437507 1.24982814E-3 0 7.70577276E-3 1.01773503E-6
5.1412506 1.25013839E-3 0 7.70386029E-3 1.10669566E-6
5.1387506 1.2499385E-3 0 7.70509243E-3 1.20375091E-6
5.1362505 1.24999089E-3 4.12897347E-3 9.59109236E-3 1.30919193E-6
5.1337504 1.2500413E-3 0 7.70445867E-3 1.42447675E-6
5.1312504 1.25008984E-3 0 7.70415924E-3 1.54446911E-6
5.1287503 1.24988367E-3 0 7.70543003E-3 1.66445034E-6
5.1262507 1.24992896E-3 0 7.70515157E-3 1.79393919E-6
5.1237507 1.25022454E-3 0 7.7033299E-3 1.94204631E-6
5.1212506 1.24976132E-3 0 7.70618487E-3 2.11680026E-6
5.1187506 1.25005306E-3 0 7.70438602E-3 2.3240766E-6
5.1162505 1.25009066E-3 0 7.70415459E-3 2.57744296E-6
5.1137505 1.24987506E-3 0 7.70548405E-3 2.89387731E-6
5.1112504 1.25016039E-3 4.12841374E-3 9.58979223E-3 3.29509726E-6
5.1087503 1.24994142E-3 0 7.70507473E-3 3.81578548E-6
5.1062503 1.24997192E-3 0 7.70488661E-3 4.4973167E-6
5.1037507 1.25000055E-3 0 7.70471012E-3 5.39798339E-6
5.1012506 1.25002721E-3 4.12885332E-3 9.59081389E-3 6.59398847E-6
5.0987506 1.25005213E-3 4.12877137E-3 9.59062297E-3 8.18737317E-6
5.0962505 1.25007506E-3 4.12869547E-3 9.59044695E-3 1.03209013E-5
5.0937505 1.24984677E-3 1.65177975E-2 1.31293759E-2 1.32166942E-5
5.0912504 1.25011569E-3 0 7.70400092E-3 1.72726777E-5
5.0887504 1.24988414E-3 8.25865194E-3 1.09770382E-2 2.361527E-5
5.0862503 1.25014875E-3 0 7.70379649E-3 3.74197371E-5
5.0837502 1.24991406E-3 4.12922725E-3 9.59168188E-3 8.35199389E-5
5.0812507 1.2499264E-3 8.25837348E-3 1.09766675E-2 2.30377074E-4
5.0787506 1.24993676E-3 0 7.70510314E-3 5.80394932E-4
5.0762506 1.25019299E-3 4.12830571E-3 9.5895417E-3 1.22188916E-3
5.0737505 1.24995189E-3 8.25820398E-3 1.09764431E-2 2.05074763E-3
5.0712504 1.24995678E-3 0 7.70497927E-3 2.76864739E-3
5.0687504 1.24995993E-3 4.12907591E-3 9.59132984E-3 3.19071626E-3
5.0662508 1.24996121E-3 0 7.70495273E-3 3.37835262E-3
5.0637503 1.25020707E-3 1.23847788E-2 1.21226003E-2 3.46347922E-3
5.0612502 1.24995795E-3 0 7.70497229E-3 3.52036348E-3
5.0587502 1.24995376E-3 0 7.70499837E-3 3.5703911E-3
5.0562506 1.2499477E-3 0 7.70503562E-3 3.6179875E-3
5.0537505 1.2499399E-3 0 7.70508405E-3 3.65955103E-3
5.0512505 1.25017541E-3 4.12836391E-3 9.58967675E-3 3.69021879E-3
5.0487504 1.24991848E-3 4.12921235E-3 9.59164742E-3 3.71268531E-3
5.0462503 1.24990533E-3 0 7.70529732E-3 3.72885424E-3
5.0437503 1.25013466E-3 0 7.70388311E-3 3.74099892E-3
5.0412507 1.24987308E-3 4.12936229E-3 9.59199574E-3 3.75179807E-3
5.0387506 1.25009846E-3 4.12861817E-3 9.5902672E-3 3.75894946E-3
5.0362501 1.2500775E-3 8.25737417E-3 1.09753404E-2 3.76630994E-3
5.0337505 1.24981138E-3 0 7.70587614E-3 3.77812725E-3
5.0312505 1.25003059E-3 8.2576843E-3 1.0975752E-2 3.79829039E-3
5.0287504 1.2500044E-3 0 7.70468637E-3 3.8329463E-3
5.0262504 1.24997634E-3 4.12902143E-3 9.59120411E-3 3.88010335E-3
5.0237503 1.25018915E-3 0 7.70354783E-3 3.93538922E-3
5.0212502 1.24991476E-3 0 7.70523865E-3 3.99694219E-3
5.0187507 1.24988146E-3 0 7.70544447E-3 4.05677781E-3
5.0162506 1.25008821E-3 8.25730432E-3 1.09752472E-2 4.10650298E-3
5.0137506 1.25005085E-3 0 7.70439999E-3 4.13066801E-3
5.0112505 1.25001173E-3 0 7.70464074E-3 4.07632394E-3
5.0087504 1.24997098E-3 0 7.7048922E-3 3.84101411E-3
5.0062504 1.24992838E-3 4.12917975E-3 9.59157199E-3 3.28644062E-3
5.0037503 1.25012477E-3 4.12853155E-3 9.59006511E-3 2.36347341E-3
5.0012503 1.24983781E-3 0 7.70571316E-3 1.33106019E-3
4.9987507 1.25003024E-3 0 7.70452712E-3 5.70893404E-4
4.9962506 1.24998018E-3 0 7.70483539E-3 1.99643386E-4
4.9937506 1.25016819E-3 0 7.70367682E-3 7.04750346E-5
4.9912505 1.24987483E-3 0 7.70548498E-3 3.25574183E-5
4.9887505 1.25005888E-3 0 7.70435063E-3 2.11777788E-5
4.9862504 1.25000149E-3 0 7.70470407E-3 1.58875519E-5
4.9837503 1.24994246E-3 0 7.70506775E-3 1.23110194E-5
4.9812503 1.25012023E-3 0 7.70397251E-3 9.6339636E-6
4.9787502 1.24981906E-3 0 7.70582911E-3 7.60037892E-6
