16.897501 2.50027585E-3 0 4.32188204E-3 1.696939E-4
16.892502 2.49948236E-3 0 4.32325387E-3 2.33756131E-4
16.887503 2.50005955E-3 0 4.32225596E-3 2.97472143E-4
16.882502 2.49994965E-3 2.31639179E-3 5.3806901E-3 3.60570935E-4
16.877502 2.50052288E-3 0 4.32145502E-3 4.23575606E-4
16.872501 2.4997259E-3 0 4.32283292E-3 4.87566664E-4
16.867502 2.5002961E-3 0 4.32184665E-3 5.52682963E-4
16.862501 2.49949773E-3 2.31681066E-3 5.38166333E-3 6.20050181E-4
16.857502 2.5000649E-3 0 4.32224665E-3 6.89541281E-4
16.852503 2.49994732E-3 0 4.32244968E-3 7.62166921E-4
16.847502 2.50051077E-3 0 4.32147551E-3 8.38043517E-4
16.842501 2.49970867E-3 0 4.32286272E-3 9.18408157E-4
16.837502 2.5002691E-3 0 4.32189368E-3 1.0029386E-3
16.832502 2.4994656E-3 0 4.32328321E-3 1.09346863E-3
16.827501 2.50002299E-3 0 4.32231929E-3 1.18982815E-3
16.822502 2.49989796E-3 0 4.32253536E-3 1.29405258E-3
16.817501 2.50045164E-3 0 4.32157796E-3 1.40681257E-3
16.812502 2.49964441E-3 0 4.32297355E-3 1.53088546E-3
16.807503 2.50019506E-3 4.63232864E-3 6.15708856E-3 1.66646356E-3
16.802502 2.5000649E-3 2.31628492E-3 5.38044237E-3 1.81632733E-3
16.797503 2.49993359E-3 2.31640646E-3 5.38072456E-3 1.98077527E-3
16.792501 2.49980134E-3 2.31652916E-3 5.38100954E-3 2.15926557E-3
16.787502 2.500345E-3 6.94807619E-3 6.80098915E-3 2.34942092E-3
16.782501 2.50020972E-3 6.94845244E-3 6.80135749E-3 2.55010882E-3
16.777502 2.49939691E-3 2.31690402E-3 5.38187986E-3 2.75902683E-3
16.772501 2.50061229E-3 0 4.32130042E-3 2.97067408E-3
16.767502 2.49979715E-3 4.63306578E-3 6.15806784E-3 3.18724196E-3
16.762501 2.49965745E-3 2.31666234E-3 5.38131874E-3 3.40291299E-3
16.757502 2.50019156E-3 2.31616758E-3 5.38016949E-3 3.61375301E-3
16.752502 2.50004907E-3 2.31629959E-3 5.38047636E-3 3.81566072E-3
16.747501 2.49990518E-3 6.94929855E-3 6.8021859E-3 3.99537291E-3
16.742502 2.49976036E-3 4.63313423E-3 6.15815865E-3 4.12148098E-3
16.737501 2.50028772E-3 1.15803927E-2 7.86983967E-3 4.1443957E-3
16.732502 2.50013988E-3 0 4.32211673E-3 4.03676555E-3
16.727501 2.4999911E-3 6.94905967E-3 6.80195214E-3 3.81755782E-3
16.722502 2.49984115E-3 4.63298429E-3 6.15795981E-3 3.53737129E-3
16.717501 2.50036176E-3 2.31600972E-3 5.37980301E-3 3.23644956E-3
16.712502 2.49953778E-3 4.63354681E-3 6.1587072E-3 2.93598277E-3
16.707502 2.50005559E-3 0 4.32226295E-3 2.63891718E-3
16.702501 2.49990053E-3 0 4.3225307E-3 2.34998506E-3
16.697502 2.50041438E-3 6.9478834E-3 6.80080056E-3 2.0687608E-3
16.692501 2.4995869E-3 4.63345554E-3 6.15858613E-3 1.79725513E-3
16.687502 2.50009797E-3 4.63250838E-3 6.15732744E-3 1.53356954E-3
16.682503 2.49993801E-3 0 4.32246597E-3 1.2792591E-3
16.677502 2.50044512E-3 0 4.32158913E-3 1.03389483E-3
16.672501 2.49961438E-3 0 4.3230257E-3 7.99399102E-4
16.667501 2.50011869E-3 0 4.32215352E-3 5.77751664E-4
16.662502 2.49995361E-3 0 4.32243897E-3 3.7802101E-4
16.657501 2.49978737E-3 2.31654197E-3 5.38103934E-3 2.16476576E-4
16.652502 2.50028656E-3 0 4.32186341E-3 1.08075037E-4
16.647501 2.50011776E-3 0 4.32215538E-3 5.11870276E-5
16.642502 2.49994756E-3 0 4.32244921E-3 2.75852635E-5
16.637501 2.49977643E-3 0 4.32274537E-3 1.84306809E-5
NO NO NO NO NO
16.897501 2.50027585E-3 0 4.32188204E-3 5.37031046E-5
16.892502 2.49948236E-3 0 4.32325387E-3 7.79247275E-5
16.887503 2.50005955E-3 0 4.32225596E-3 1.02594953E-4
16.882502 2.49994965E-3 0 4.32244595E-3 1.27217587E-4
16.877502 2.50052288E-3 0 4.32145502E-3 1.51822256E-4
16.872501 2.4997259E-3 2.31659901E-3 5.38117206E-3 1.76742004E-4
16.867502 2.5002961E-3 0 4.32184665E-3 2.0203054E-4
16.862501 2.49949773E-3 0 4.3232278E-3 2.28114048E-4
16.857502 2.5000649E-3 0 4.32224665E-3 2.54956511E-4
16.852503 2.49994732E-3 0 4.32244968E-3 2.8293248E-4
16.847502 2.50051077E-3 0 4.32147551E-3 3.12084594E-4
16.842501 2.49970867E-3 0 4.32286272E-3 3.42878426E-4
16.837502 2.5002691E-3 0 4.32189368E-3 3.75201926E-4
16.832502 2.4994656E-3 0 4.32328321E-3 4.0973493E-4
16.827501 2.50002299E-3 0 4.32231929E-3 4.46389837E-4
16.822502 2.49989796E-3 2.31643952E-3 5.38080139E-3 4.85903438E-4
16.817501 2.50045164E-3 0 4.32157796E-3 5.28508157E-4
16.812502 2.49964441E-3 0 4.32297355E-3 5.75240236E-4
16.807503 2.50019506E-3 0 4.32202173E-3 6.26209308E-4
16.802502 2.5000649E-3 0 4.32224665E-3 6.82576967E-4
16.797503 2.49993359E-3 0 4.32247343E-3 7.4466248E-4
16.792501 2.49980134E-3 0 4.32270253E-3 8.12526559E-4
16.787502 2.500345E-3 0 4.32176236E-3 8.85496207E-4
16.782501 2.50020972E-3 0 4.32199612E-3 9.63218859E-4
16.777502 2.49939691E-3 0 4.32340195E-3 1.04478572E-3
16.772501 2.50061229E-3 0 4.32130042E-3 1.12805492E-3
16.767502 2.49979715E-3 0 4.32270952E-3 1.21385546E-3
16.762501 2.49965745E-3 0 4.32295073E-3 1.30015076E-3
16.757502 2.50019156E-3 0 4.32202779E-3 1.38597854E-3
16.752502 2.50004907E-3 4.63259919E-3 6.15744805E-3 1.47075346E-3
16.747501 2.49990518E-3 0 4.32252279E-3 1.55093276E-3
16.742502 2.49976036E-3 0 4.32277285E-3 1.6169569E-3
16.737501 2.50028772E-3 4.63215681E-3 6.15685992E-3 1.65005354E-3
16.732502 2.50013988E-3 4.63243062E-3 6.1572236E-3 1.63375889E-3
16.727501 2.4999911E-3 4.63270629E-3 6.15759054E-3 1.56724534E-3
16.722502 2.49984115E-3 4.63298429E-3 6.15795981E-3 1.46755774E-3
16.717501 2.50036176E-3 6.94802962E-3 6.80094352E-3 1.35309191E-3
16.712502 2.49953778E-3 0 4.32315795E-3 1.23518426E-3
16.707502 2.50005559E-3 0 4.32226295E-3 1.11672177E-3
16.702501 2.49990053E-3 2.3164372E-3 5.3807958E-3 1.00064557E-3
16.697502 2.50041438E-3 0 4.32164222E-3 8.87175265E-4
16.692501 2.4995869E-3 0 4.3230732E-3 7.77327397E-4
16.687502 2.50009797E-3 2.31625419E-3 5.38037112E-3 6.70352194E-4
16.682503 2.49993801E-3 0 4.32246597E-3 5.66930219E-4
16.677502 2.50044512E-3 0 4.32158913E-3 4.66772442E-4
16.672501 2.49961438E-3 0 4.3230257E-3 3.70409078E-4
16.667501 2.50011869E-3 0 4.32215352E-3 2.78016902E-4
16.662502 2.49995361E-3 0 4.32243897E-3 1.92264706E-4
16.657501 2.49978737E-3 0 4.32272628E-3 1.18759242E-4
16.652502 2.50028656E-3 0 4.32186341E-3 6.46407861E-5
16.647501 2.50011776E-3 0 4.32215538E-3 3.24765933E-5
16.642502 2.49994756E-3 0 4.32244921E-3 1.70655658E-5
16.637501 2.49977643E-3 0 4.32274537E-3 1.03532802E-5
NO NO NO NO NO
16.898752 1.24997972E-3 0 8.64485838E-3 8.84027395E-6
16.896252 1.25029613E-3 0 8.6426707E-3 1.13971391E-5
16.893751 1.24992605E-3 0 8.64522904E-3 1.38867817E-5
16.891253 1.2495562E-3 0 8.64778738E-3 1.62947144E-5
16.888752 1.2505576E-3 0 8.640863E-3 1.86216894E-5
16.886251 1.24950195E-3 0 8.64816364E-3 2.09412865E-5
16.883751 1.25050242E-3 0 8.64124391E-3 2.32063358E-5
16.881252 1.24944712E-3 0 8.64854269E-3 2.55012019E-5
16.878752 1.25044677E-3 0 8.64162948E-3 2.77560321E-5
16.876251 1.25007622E-3 0 8.64419062E-3 3.00534703E-5
16.873751 1.24970591E-3 0 8.64675175E-3 3.23781715E-5
16.871252 1.25001988E-3 0 8.64457991E-3 3.47188507E-5
16.868752 1.25033339E-3 0 8.64241272E-3 3.70899143E-5
16.866251 1.24996272E-3 0 8.64497479E-3 3.95100251E-5
16.86375 1.24959229E-3 0 8.64753779E-3 4.19650132E-5
16.861252 1.24990533E-3 0 8.64537247E-3 4.44406687E-5
16.858751 1.2502179E-3 0 8.64321087E-3 4.69659317E-5
16.856253 1.24984712E-3 0 8.64577573E-3 4.9568589E-5
16.853752 1.25015911E-3 0 8.64361692E-3 5.21982729E-5
16.851252 1.24978833E-3 0 8.64618178E-3 5.49190918E-5
16.848751 1.25009986E-3 0 8.6440267E-3 5.76784551E-5
16.846251 1.25041103E-3 0 8.64187628E-3 6.05041932E-5
16.843752 1.24935794E-3 0 8.64916015E-3 6.34659227E-5
16.841251 1.25035073E-3 0 8.64229258E-3 6.64017643E-5
16.838751 1.24997948E-3 0 8.64485931E-3 6.95014969E-5
16.836252 1.25028961E-3 0 8.64271447E-3 7.26659637E-5
16.833752 1.24991836E-3 0 8.64528213E-3 7.59754475E-5
16.831251 1.24954723E-3 0 8.64784978E-3 7.93958316E-5
16.828751 1.25053746E-3 0 8.64100177E-3 8.28452103E-5
16.826252 1.24948542E-3 0 8.64827726E-3 8.65581605E-5
16.823751 1.25047483E-3 0 8.64143483E-3 9.02645988E-5
16.821251 1.24942313E-3 0 8.64870939E-3 9.42566694E-5
16.818752 1.25041173E-3 0 8.64187162E-3 9.82439742E-5
16.816252 1.2500399E-3 0 8.64444114E-3 1.0250882E-4
16.813751 1.2496683E-3 0 8.64701252E-3 1.06980377E-4
16.811253 1.24997611E-3 0 8.64488259E-3 1.11617548E-4
16.808752 1.25028344E-3 0 8.64275731E-3 1.16484458E-4
16.806252 1.2499115E-3 0 8.64532962E-3 1.21663586E-4
16.803751 1.25021837E-3 0 8.64320714E-3 1.27057923E-4
16.80125 1.24984642E-3 0 8.64577945E-3 1.32833447E-4
16.798752 1.25015283E-3 0 8.64366069E-3 1.38860458E-4
16.796251 1.24978076E-3 0 8.64623394E-3 1.45275772E-4
16.793751 1.2500867E-3 0 8.64411797E-3 1.51900778E-4
16.791252 1.24971452E-3 0 8.64669215E-3 1.58840281E-4
16.788752 1.25002E-3 0 8.64457898E-3 1.65784571E-4
16.786251 1.250325E-3 0 8.64247046E-3 1.72564673E-4
16.783751 1.24995259E-3 0 8.64504557E-3 1.78996663E-4
16.781252 1.25025713E-3 0 8.64293985E-3 1.84722012E-4
16.778751 1.2498846E-3 0 8.64551589E-3 1.89980055E-4
16.776251 1.24951231E-3 0 8.64809193E-3 1.94850043E-4
16.773752 1.25049253E-3 0 8.64131283E-3 1.99284317E-4
16.771252 1.25011976E-3 0 8.6438898E-3 2.0379445E-4
16.768751 1.249747E-3 0 8.6464677E-3 2.08187237E-4
16.766251 1.25005015E-3 0 8.64437036E-3 2.12358791E-4
16.763752 1.2496775E-3 0 8.64694919E-3 2.16567729E-4
16.761251 1.24998007E-3 0 8.64485558E-3 2.20680071E-4
16.758751 1.25028228E-3 0 8.64276569E-3 2.25059193E-4
16.756252 1.24990928E-3 0 8.64534546E-3 2.30142425E-4
16.753752 1.25021103E-3 0 8.64325836E-3 2.35849118E-4
16.751251 1.24983792E-3 0 8.64583813E-3 2.42297348E-4
16.748751 1.2501392E-3 0 8.64375476E-3 2.48909026E-4
16.746252 1.24976609E-3 0 8.64633638E-3 2.55675928E-4
16.743752 1.25006679E-3 0 8.64425581E-3 2.62126036E-4
16.741251 1.24969357E-3 0 8.64683744E-3 2.68088654E-4
16.738752 1.24999392E-3 0 8.64475965E-3 2.72291218E-4
16.736252 1.2502938E-3 0 8.64268653E-3 2.73646758E-4
16.733751 1.24992023E-3 0 8.64526909E-3 2.71558121E-4
16.731251 1.25021965E-3 0 8.64319876E-3 2.66052783E-4
16.728752 1.24984607E-3 4.63326043E-3 1.07624885E-2 2.58581218E-4
16.726252 1.25014503E-3 0 8.64371471E-3 2.50063138E-4
16.723751 1.24977133E-3 0 8.64629913E-3 2.41494257E-4
16.721252 1.25006982E-3 0 8.64423439E-3 2.328595E-4
16.718752 1.25036796E-3 0 8.6421743E-3 2.24257179E-4
16.716251 1.24999392E-3 0 8.64475965E-3 2.15691543E-4
16.713751 1.24962011E-3 0 8.64734501E-3 2.06967045E-4
16.711252 1.24991767E-3 4.632995E-3 1.07618719E-2 1.97969086E-4
16.708752 1.25021476E-3 0 8.64323229E-3 1.88811537E-4
16.706251 1.24984072E-3 0 8.6458195E-3 1.7961151E-4
16.703753 1.25013734E-3 0 8.6437678E-3 1.70245446E-4
16.701252 1.24976318E-3 0 8.64635594E-3 1.6098973E-4
16.698751 1.25005934E-3 0 8.64430703E-3 1.5171511E-4
16.696251 1.25035504E-3 0 8.64226278E-3 1.42504461E-4
16.69375 1.24998065E-3 0 8.64485186E-3 1.33408816E-4
16.691252 1.24960637E-3 0 8.64744093E-3 1.24348953E-4
16.688751 1.2499016E-3 0 8.64539854E-3 1.15297036E-4
16.686253 1.25019636E-3 0 8.64335988E-3 1.06352985E-4
16.683752 1.24982174E-3 0 8.64594989E-3 9.75743606E-5
16.681252 1.25011615E-3 0 8.64391495E-3 8.88378636E-5
16.678751 1.25040999E-3 0 8.6418828E-3 8.01922579E-5
16.67625 1.25003513E-3 0 8.64447467E-3 7.16884897E-5
16.673752 1.24966039E-3 0 8.64706654E-3 6.32987721E-5
16.671251 1.24995387E-3 0 8.64503719E-3 5.50001641E-5
16.668751 1.25024677E-3 0 8.64301063E-3 4.68257676E-5
16.666252 1.2498718E-3 0 8.64560436E-3 3.87904438E-5
16.663752 1.25016435E-3 0 8.64358153E-3 3.08731978E-5
16.661251 1.24978926E-3 0 8.64617527E-3 2.3213639E-5
16.658752 1.25008135E-3 0 8.64415523E-3 1.60547133E-5
16.656252 1.24970614E-3 0 8.64674989E-3 9.91137222E-6
16.653751 1.24999776E-3 0 8.64473358E-3 5.28843611E-6
16.651251 1.25028891E-3 0 8.64272006E-3 2.38890834E-6
16.648752 1.24991348E-3 0 8.64531565E-3 9.25514883E-7
16.646252 1.25020416E-3 0 8.64330586E-3 3.32005726E-7
16.643751 1.24982873E-3 0 8.64590239E-3 1.32824781E-7
16.641251 1.25011895E-3 0 8.64389539E-3 7.94424366E-8
16.638752 1.24974339E-3 0 8.64649285E-3 6.31795842E-8
NO NO NO NO NO
16.898752 1.24997972E-3 0 8.64485838E-3 0
16.896252 1.25029613E-3 0 8.6426707E-3 0
16.893751 1.24992605E-3 0 8.64522904E-3 0
16.891253 1.2495562E-3 0 8.64778738E-3 0
16.888752 1.2505576E-3 0 8.640863E-3 0
16.886251 1.24950195E-3 0 8.64816364E-3 0
16.883751 1.25050242E-3 0 8.64124391E-3 0
16.881252 1.24944712E-3 0 8.64854269E-3 0
16.878752 1.25044677E-3 0 8.64162948E-3 0
16.876251 1.25007622E-3 0 8.64419062E-3 0
16.873751 1.24970591E-3 0 8.64675175E-3 0
16.871252 1.25001988E-3 0 8.64457991E-3 0
16.868752 1.25033339E-3 0 8.64241272E-3 0
16.866251 1.24996272E-3 0 8.64497479E-3 0
16.86375 1.24959229E-3 0 8.64753779E-3 0
16.861252 1.24990533E-3 0 8.64537247E-3 0
16.858751 1.2502179E-3 0 8.64321087E-3 0
16.856253 1.24984712E-3 0 8.64577573E-3 0
16.853752 1.25015911E-3 0 8.64361692E-3 0
16.851252 1.24978833E-3 0 8.64618178E-3 0
16.848751 1.25009986E-3 0 8.6440267E-3 0
16.846251 1.25041103E-3 0 8.64187628E-3 0
16.843752 1.24935794E-3 0 8.64916015E-3 0
16.841251 1.25035073E-3 0 8.64229258E-3 0
16.838751 1.24997948E-3 0 8.64485931E-3 0
16.836252 1.25028961E-3 0 8.64271447E-3 0
16.833752 1.24991836E-3 0 8.64528213E-3 0
16.831251 1.24954723E-3 0 8.64784978E-3 0
16.828751 1.25053746E-3 0 8.64100177E-3 0
16.826252 1.24948542E-3 0 8.64827726E-3 0
16.823751 1.25047483E-3 0 8.64143483E-3 0
16.821251 1.24942313E-3 0 8.64870939E-3 0
16.818752 1.25041173E-3 0 8.64187162E-3 0
16.816252 1.2500399E-3 0 8.64444114E-3 0
16.813751 1.2496683E-3 0 8.64701252E-3 0
16.811253 1.24997611E-3 0 8.64488259E-3 0
16.808752 1.25028344E-3 0 8.64275731E-3 0
16.806252 1.2499115E-3 0 8.64532962E-3 0
16.803751 1.25021837E-3 0 8.64320714E-3 0
16.80125 1.24984642E-3 0 8.64577945E-3 0
16.798752 1.25015283E-3 0 8.64366069E-3 0
16.796251 1.24978076E-3 0 8.64623394E-3 0
16.793751 1.2500867E-3 0 8.64411797E-3 0
16.791252 1.24971452E-3 0 8.64669215E-3 0
16.788752 1.25002E-3 0 8.64457898E-3 0
16.786251 1.250325E-3 0 8.64247046E-3 0
16.783751 1.24995259E-3 0 8.64504557E-3 0
16.781252 1.25025713E-3 0 8.64293985E-3 0
16.778751 1.2498846E-3 0 8.64551589E-3 0
16.776251 1.24951231E-3 0 8.64809193E-3 0
16.773752 1.25049253E-3 0 8.64131283E-3 0
16.771252 1.25011976E-3 0 8.6438898E-3 0
16.768751 1.249747E-3 0 8.6464677E-3 0
16.766251 1.25005015E-3 0 8.64437036E-3 0
16.763752 1.2496775E-3 0 8.64694919E-3 0
16.761251 1.24998007E-3 0 8.64485558E-3 0
16.758751 1.25028228E-3 0 8.64276569E-3 0
16.756252 1.24990928E-3 0 8.64534546E-3 0
16.753752 1.25021103E-3 0 8.64325836E-3 0
16.751251 1.24983792E-3 0 8.64583813E-3 0
16.748751 1.2501392E-3 0 8.64375476E-3 0
16.746252 1.24976609E-3 0 8.64633638E-3 0
16.743752 1.25006679E-3 0 8.64425581E-3 0
16.741251 1.24969357E-3 0 8.64683744E-3 0
16.738752 1.24999392E-3 0 8.64475965E-3 0
16.736252 1.2502938E-3 0 8.64268653E-3 0
16.733751 1.24992023E-3 0 8.64526909E-3 0
16.731251 1.25021965E-3 0 8.64319876E-3 0
16.728752 1.24984607E-3 0 8.64578225E-3 0
16.726252 1.25014503E-3 0 8.64371471E-3 0
16.723751 1.24977133E-3 0 8.64629913E-3 0
16.721252 1.25006982E-3 0 8.64423439E-3 0
16.718752 1.25036796E-3 0 8.6421743E-3 0
16.716251 1.24999392E-3 0 8.64475965E-3 0
16.713751 1.24962011E-3 0 8.64734501E-3 0
16.711252 1.24991767E-3 0 8.64528678E-3 0
16.708752 1.25021476E-3 0 8.64323229E-3 0
16.706251 1.24984072E-3 0 8.6458195E-3 0
16.703753 1.25013734E-3 0 8.6437678E-3 0
16.701252 1.24976318E-3 0 8.64635594E-3 0
16.698751 1.25005934E-3 0 8.64430703E-3 0
16.696251 1.25035504E-3 0 8.64226278E-3 0
16.69375 1.24998065E-3 0 8.64485186E-3 0
16.691252 1.24960637E-3 0 8.64744093E-3 0
16.688751 1.2499016E-3 0 8.64539854E-3 0
16.686253 1.25019636E-3 0 8.64335988E-3 0
16.683752 1.24982174E-3 0 8.64594989E-3 0
16.681252 1.25011615E-3 0 8.64391495E-3 0
16.678751 1.25040999E-3 0 8.6418828E-3 0
16.67625 1.25003513E-3 0 8.64447467E-3 0
16.673752 1.24966039E-3 0 8.64706654E-3 0
16.671251 1.24995387E-3 0 8.64503719E-3 0
16.668751 1.25024677E-3 0 8.64301063E-3 0
16.666252 1.2498718E-3 0 8.64560436E-3 0
16.663752 1.25016435E-3 0 8.64358153E-3 0
16.661251 1.24978926E-3 0 8.64617527E-3 0
16.658752 1.25008135E-3 0 8.64415523E-3 0
16.656252 1.24970614E-3 0 8.64674989E-3 0
16.653751 1.24999776E-3 0 8.64473358E-3 0
16.651251 1.25028891E-3 0 8.64272006E-3 0
16.648752 1.24991348E-3 0 8.64531565E-3 0
16.646252 1.25020416E-3 0 8.64330586E-3 0
16.643751 1.24982873E-3 0 8.64590239E-3 0
16.641251 1.25011895E-3 0 8.64389539E-3 0
16.638752 1.24974339E-3 0 8.64649285E-3 0
