15.127501 2.50006933E-3 2.31628073E-3 5.38043259E-3 3.87661945E-4
15.122501 2.50006607E-3 2.31628399E-3 5.38043957E-3 6.80821948E-4
15.117501 2.50006095E-3 6.94886548E-3 6.80176215E-3 1.03067828E-3
15.112501 2.50005443E-3 0 4.32226481E-3 1.39021571E-3
15.107501 2.49949773E-3 0 4.32322733E-3 1.74222421E-3
15.102502 2.50003673E-3 0 4.32229508E-3 2.08766013E-3
15.097502 2.50002532E-3 2.31632148E-3 5.38052712E-3 2.43270397E-3
15.092502 2.50001228E-3 6.94900099E-3 6.80189487E-3 2.78120465E-3
15.087502 2.49999762E-3 4.63269465E-3 6.15757471E-3 3.13659734E-3
15.082501 2.49998132E-3 6.94908714E-3 6.80197915E-3 3.50172259E-3
15.077502 2.49996339E-3 2.31637899E-3 5.38066076E-3 3.87894292E-3
15.072501 2.50048959E-3 0 4.3215123E-3 4.26949747E-3
15.067501 2.49992218E-3 6.94925105E-3 6.80213934E-3 4.67875274E-3
15.062501 2.49989959E-3 2.31643813E-3 5.38079813E-3 5.10741118E-3
15.057502 2.49987515E-3 9.26584285E-3 7.36506982E-3 5.56080649E-3
15.052502 2.4998493E-3 6.94945455E-3 6.80233818E-3 6.0435012E-3
15.047502 2.50036572E-3 6.94801891E-3 6.80093328E-3 6.55787671E-3
15.042501 2.49979203E-3 9.26615112E-3 7.36531476E-3 7.11102504E-3
15.037501 2.49976129E-3 1.15828309E-2 7.87149649E-3 7.70045165E-3
15.032501 2.50027212E-3 6.94827922E-3 6.80118799E-3 8.32570437E-3
15.027501 2.50023743E-3 1.38967512E-2 8.33359454E-3 8.98735318E-3
15.022501 2.49965885E-3 2.31666118E-3 5.38131641E-3 9.68029816E-3
15.017502 2.50016362E-3 1.62133537E-2 8.76420364E-3 1.03912903E-2
15.012501 2.50012404E-3 1.85298398E-2 9.16773081E-3 1.11195631E-2
15.007501 2.50008306E-3 2.08464116E-2 9.54881217E-3 1.18570952E-2
15.002501 2.49949959E-3 6.95042592E-3 6.80328952E-3 1.26023628E-2
14.997502 2.49999668E-3 1.38980886E-2 8.33439641E-3 1.33431731E-2
14.992501 2.50049098E-3 2.08430123E-2 9.547255E-3 1.40781635E-2
14.987501 2.49990332E-3 1.38986083E-2 8.3347084E-3 1.48019809E-2
14.982501 2.49985442E-3 1.38988802E-2 8.33487138E-3 1.54855056E-2
14.977502 2.4998039E-3 2.3165267E-2 9.91176814E-3 1.6091289E-2
14.972502 2.50029052E-3 1.3896456E-2 8.33341759E-3 1.65052004E-2
14.967502 2.49969796E-3 2.77995002E-2 1.05886301E-2 1.65531002E-2
14.962502 2.50018062E-3 1.15808882E-2 7.87017681E-3 1.60941649E-2
14.957501 2.50012311E-3 1.38973854E-2 8.33397545E-3 1.51957255E-2
14.952501 2.50006421E-3 1.38977133E-2 8.33417196E-3 1.40270526E-2
14.947501 2.50000367E-3 2.31634174E-2 9.91097651E-3 1.27299381E-2
14.942501 2.4999415E-3 1.15819965E-2 7.87093025E-3 1.13713136E-2
14.937501 2.49987771E-3 6.94937492E-3 6.80226041E-3 9.97965038E-3
14.932502 2.49981252E-3 6.94955606E-3 6.80243829E-3 8.57116561E-3
14.927502 2.5002812E-3 1.38965072E-2 8.33344832E-3 7.15604331E-3
14.922502 2.49967701E-3 2.31664418E-3 5.38127683E-3 5.75106591E-3
14.917501 2.50014197E-3 4.63242689E-3 6.15721894E-3 4.36828239E-3
14.912501 2.50006979E-3 0 4.32223827E-3 3.04598338E-3
14.907501 2.49999622E-3 4.63269744E-3 6.15757797E-3 1.87300274E-3
14.902501 2.49992101E-3 0 4.32249578E-3 9.86035098E-4
14.897502 2.49984418E-3 0 4.32262802E-3 4.57626506E-4
14.892502 2.5002989E-3 2.31606816E-3 5.37993852E-3 2.16990666E-4
14.887501 2.50021834E-3 0 4.32198122E-3 1.25920298E-4
14.882502 2.49960413E-3 0 4.32304339E-3 8.86290218E-5
14.877501 2.50005303E-3 2.31629587E-3 5.38046751E-3 6.89998342E-5
14.872501 2.49996781E-3 4.63274959E-3 6.15764782E-3 5.64244365E-5
14.867502 2.4998812E-3 0 4.32256423E-3 4.71726271E-5
NO NO NO NO NO
15.127501 2.50006933E-3 0 4.3222392E-3 7.30379033E-5
15.122501 2.50006607E-3 0 4.32224479E-3 1.40610442E-4
15.117501 2.50006095E-3 0 4.32225317E-3 2.2711858E-4
15.112501 2.50005443E-3 0 4.32226481E-3 3.17386526E-4
15.107501 2.49949773E-3 2.31681042E-3 5.38166286E-3 4.03554994E-4
15.102502 2.50003673E-3 2.316311E-3 5.38050244E-3 4.84778255E-4
15.097502 2.50002532E-3 0 4.3223151E-3 5.62339439E-4
15.092502 2.50001228E-3 0 4.32233745E-3 6.37420744E-4
15.087502 2.49999762E-3 0 4.32236306E-3 7.11257162E-4
15.082501 2.49998132E-3 2.31636246E-3 5.38062211E-3 7.85158656E-4
15.077502 2.49996339E-3 0 4.3224222E-3 8.60547414E-4
15.072501 2.50048959E-3 0 4.3215123E-3 9.38840967E-4
15.067501 2.49992218E-3 0 4.32249298E-3 1.0232405E-3
15.062501 2.49989959E-3 0 4.32253256E-3 1.11728301E-3
15.057502 2.49987515E-3 0 4.32257447E-3 1.22578791E-3
15.052502 2.4998493E-3 0 4.32261964E-3 1.35078258E-3
15.047502 2.50036572E-3 4.63201245E-3 6.15666807E-3 1.48941285E-3
15.042501 2.49979203E-3 2.31653778E-3 5.3810291E-3 1.63737289E-3
15.037501 2.49976129E-3 0 4.32277145E-3 1.78953155E-3
15.032501 2.50027212E-3 0 4.32188855E-3 1.9455842E-3
15.027501 2.50023743E-3 6.94837561E-3 6.80128252E-3 2.11081305E-3
15.022501 2.49965885E-3 2.31666118E-3 5.38131641E-3 2.29135226E-3
15.017502 2.50016362E-3 0 4.32207622E-3 2.48933979E-3
15.012501 2.50012404E-3 2.31622998E-3 5.38031431E-3 2.70770187E-3
15.007501 2.50008306E-3 9.26507171E-3 7.36445747E-3 2.94643617E-3
15.002501 2.49949959E-3 2.31680879E-3 5.38165867E-3 3.20272148E-3
14.997502 2.49999668E-3 6.9490443E-3 6.80193724E-3 3.46600777E-3
14.992501 2.50049098E-3 0 4.32150997E-3 3.73126031E-3
14.987501 2.49990332E-3 2.31643463E-3 5.38078975E-3 4.00365284E-3
14.982501 2.49985442E-3 4.63296007E-3 6.15792722E-3 4.28744033E-3
14.977502 2.4998039E-3 6.94958027E-3 6.80246158E-3 4.5759324E-3
14.972502 2.50029052E-3 0 4.32185642E-3 4.83102212E-3
14.967502 2.49969796E-3 2.31662509E-3 5.38123213E-3 4.98995045E-3
14.962502 2.50018062E-3 0 4.32204641E-3 4.98747174E-3
14.957501 2.50012311E-3 6.94869272E-3 6.80159312E-3 4.81860433E-3
14.952501 2.50006421E-3 4.63257125E-3 6.15741033E-3 4.52715904E-3
14.947501 2.50000367E-3 6.94902521E-3 6.80191815E-3 4.16841218E-3
14.942501 2.4999415E-3 4.63279849E-3 6.15771301E-3 3.78209958E-3
14.937501 2.49987771E-3 0 4.32257028E-3 3.39032966E-3
14.932502 2.49981252E-3 1.15825934E-2 7.87133537E-3 2.99624051E-3
14.927502 2.5002812E-3 6.94825361E-3 6.80116285E-3 2.59135757E-3
14.922502 2.49967701E-3 2.31664418E-3 5.38127683E-3 2.17135181E-3
14.917501 2.50014197E-3 2.31621345E-3 5.38027612E-3 1.73467037E-3
14.912501 2.50006979E-3 4.632561E-3 6.15739683E-3 1.28986558E-3
14.907501 2.49999622E-3 0 4.32236539E-3 8.61226697E-4
14.902501 2.49992101E-3 4.63283667E-3 6.1577633E-3 4.99435992E-4
14.897502 2.49984418E-3 0 4.32262802E-3 2.52886181E-4
14.892502 2.5002989E-3 2.31606816E-3 5.37993852E-3 1.22281446E-4
14.887501 2.50021834E-3 0 4.32198122E-3 6.50018774E-5
14.882502 2.49960413E-3 2.31671194E-3 5.38143422E-3 3.98839329E-5
14.877501 2.50005303E-3 0 4.32226714E-3 2.78164262E-5
14.872501 2.49996781E-3 2.3163748E-3 5.38065098E-3 2.13101739E-5
14.867502 2.4998812E-3 0 4.32256423E-3 1.71609317E-5
NO NO NO NO NO
NO NO NO NO NO
