15.127501 2.50006933E-3 2.31628073E-3 5.38043259E-3 1.41094183E-3
15.122501 2.50006607E-3 2.31628399E-3 5.38043957E-3 1.41444372E-3
15.117501 2.50006095E-3 6.94886548E-3 6.80176215E-3 1.41797506E-3
15.112501 2.50005443E-3 0 4.32226481E-3 1.42151967E-3
15.107501 2.49949773E-3 0 4.32322733E-3 1.4253885E-3
15.102502 2.50003673E-3 0 4.32229508E-3 1.42867584E-3
15.097502 2.50002532E-3 2.31632148E-3 5.38052712E-3 1.4323669E-3
15.092502 2.50001228E-3 6.94900099E-3 6.80189487E-3 1.43618253E-3
15.087502 2.49999762E-3 4.63269465E-3 6.15757471E-3 1.44012168E-3
15.082501 2.49998132E-3 6.94908714E-3 6.80197915E-3 1.44413521E-3
15.077502 2.49996339E-3 2.31637899E-3 5.38066076E-3 1.44809287E-3
15.072501 2.50048959E-3 0 4.3215123E-3 1.45151478E-3
15.067501 2.49992218E-3 6.94925105E-3 6.80213934E-3 1.45530142E-3
15.062501 2.49989959E-3 2.31643813E-3 5.38079813E-3 1.4586586E-3
15.057502 2.49987515E-3 9.26584285E-3 7.36506982E-3 1.4621712E-3
15.052502 2.4998493E-3 6.94945455E-3 6.80233818E-3 1.46598928E-3
15.047502 2.50036572E-3 6.94801891E-3 6.80093328E-3 1.46967452E-3
15.042501 2.49979203E-3 9.26615112E-3 7.36531476E-3 1.47393951E-3
15.037501 2.49976129E-3 1.15828309E-2 7.87149649E-3 1.47771568E-3
15.032501 2.50027212E-3 6.94827922E-3 6.80118799E-3 1.48106331E-3
15.027501 2.50023743E-3 1.38967512E-2 8.33359454E-3 1.48469093E-3
15.022501 2.49965885E-3 2.31666118E-3 5.38131641E-3 1.48858258E-3
15.017502 2.50016362E-3 1.62133537E-2 8.76420364E-3 1.4917067E-3
15.012501 2.50012404E-3 1.85298398E-2 9.16773081E-3 1.49499171E-3
15.007501 2.50008306E-3 2.08464116E-2 9.54881217E-3 1.49818195E-3
15.002501 2.49949959E-3 6.95042592E-3 6.80328952E-3 1.50180084E-3
14.997502 2.49999668E-3 1.38980886E-2 8.33439641E-3 1.50504452E-3
14.992501 2.50049098E-3 2.08430123E-2 9.547255E-3 1.50851416E-3
14.987501 2.49990332E-3 1.38986083E-2 8.3347084E-3 1.51265017E-3
14.982501 2.49985442E-3 1.38988802E-2 8.33487138E-3 1.51632831E-3
14.977502 2.4998039E-3 2.3165267E-2 9.91176814E-3 1.51985837E-3
14.972502 2.50029052E-3 1.3896456E-2 8.33341759E-3 1.52294512E-3
14.967502 2.49969796E-3 2.77995002E-2 1.05886301E-2 1.52659288E-3
14.962502 2.50018062E-3 1.15808882E-2 7.87017681E-3 1.52949232E-3
14.957501 2.50012311E-3 1.38973854E-2 8.33397545E-3 1.53261051E-3
14.952501 2.50006421E-3 1.38977133E-2 8.33417196E-3 1.5356075E-3
14.947501 2.50000367E-3 2.31634174E-2 9.91097651E-3 1.53853698E-3
14.942501 2.4999415E-3 1.15819965E-2 7.87093025E-3 1.54150592E-3
14.937501 2.49987771E-3 6.94937492E-3 6.80226041E-3 1.54462387E-3
14.932502 2.49981252E-3 6.94955606E-3 6.80243829E-3 1.54796476E-3
14.927502 2.5002812E-3 1.38965072E-2 8.33344832E-3 1.55124231E-3
14.922502 2.49967701E-3 2.31664418E-3 5.38127683E-3 1.55545457E-3
14.917501 2.50014197E-3 4.63242689E-3 6.15721894E-3 1.55917706E-3
14.912501 2.50006979E-3 0 4.32223827E-3 1.56323845E-3
14.907501 2.49999622E-3 4.63269744E-3 6.15757797E-3 1.56717782E-3
14.902501 2.49992101E-3 0 4.32249578E-3 1.57100323E-3
14.897502 2.49984418E-3 0 4.32262802E-3 1.57479988E-3
14.892502 2.5002989E-3 2.31606816E-3 5.37993852E-3 1.57827104E-3
14.887501 2.50021834E-3 0 4.32198122E-3 1.58210599E-3
14.882502 2.49960413E-3 0 4.32304339E-3 1.58637133E-3
14.877501 2.50005303E-3 2.31629587E-3 5.38046751E-3 1.59010815E-3
14.872501 2.49996781E-3 4.63274959E-3 6.15764782E-3 1.59430376E-3
14.867502 2.4998812E-3 0 4.32256423E-3 1.59854E-3
NO NO NO NO NO
15.127501 2.50006933E-3 0 4.3222392E-3 4.14266891E-4
15.122501 2.50006607E-3 0 4.32224479E-3 4.04362363E-4
15.117501 2.50006095E-3 0 4.32225317E-3 3.94920673E-4
15.112501 2.50005443E-3 0 4.32226481E-3 3.86022293E-4
15.107501 2.49949773E-3 2.31681042E-3 5.38166286E-3 3.7797683E-4
15.102502 2.50003673E-3 2.316311E-3 5.38050244E-3 3.70451482E-4
15.097502 2.50002532E-3 0 4.3223151E-3 3.63537052E-4
15.092502 2.50001228E-3 0 4.32233745E-3 3.57127341E-4
15.087502 2.49999762E-3 0 4.32236306E-3 3.51213588E-4
15.082501 2.49998132E-3 2.31636246E-3 5.38062211E-3 3.4587449E-4
15.077502 2.49996339E-3 0 4.3224222E-3 3.41273029E-4
15.072501 2.50048959E-3 0 4.3215123E-3 3.37512087E-4
15.067501 2.49992218E-3 0 4.32249298E-3 3.35198129E-4
15.062501 2.49989959E-3 0 4.32253256E-3 3.34829878E-4
15.057502 2.49987515E-3 0 4.32257447E-3 3.37143225E-4
15.052502 2.4998493E-3 0 4.32261964E-3 3.4198261E-4
15.047502 2.50036572E-3 4.63201245E-3 6.15666807E-3 3.48004774E-4
15.042501 2.49979203E-3 2.31653778E-3 5.3810291E-3 3.53758282E-4
15.037501 2.49976129E-3 0 4.32277145E-3 3.5795811E-4
15.032501 2.50027212E-3 0 4.32188855E-3 3.60633276E-4
15.027501 2.50023743E-3 6.94837561E-3 6.80128252E-3 3.6293114E-4
15.022501 2.49965885E-3 2.31666118E-3 5.38131641E-3 3.6606926E-4
15.017502 2.50016362E-3 0 4.32207622E-3 3.7047299E-4
15.012501 2.50012404E-3 2.31622998E-3 5.38031431E-3 3.76543059E-4
15.007501 2.50008306E-3 9.26507171E-3 7.36445747E-3 3.84209387E-4
15.002501 2.49949959E-3 2.31680879E-3 5.38165867E-3 3.93095223E-4
14.997502 2.49999668E-3 6.9490443E-3 6.80193724E-3 4.01963625E-4
14.992501 2.50049098E-3 0 4.32150997E-3 4.10341716E-4
14.987501 2.49990332E-3 2.31643463E-3 5.38078975E-3 4.18926909E-4
14.982501 2.49985442E-3 4.63296007E-3 6.15792722E-3 4.28433559E-4
14.977502 2.4998039E-3 6.94958027E-3 6.80246158E-3 4.38923656E-4
14.972502 2.50029052E-3 0 4.32185642E-3 4.49114945E-4
14.967502 2.49969796E-3 2.31662509E-3 5.38123213E-3 4.58127121E-4
14.962502 2.50018062E-3 0 4.32204641E-3 4.6514158E-4
14.957501 2.50012311E-3 6.94869272E-3 6.80159312E-3 4.70581261E-4
14.952501 2.50006421E-3 4.63257125E-3 6.15741033E-3 4.7462451E-4
14.947501 2.50000367E-3 6.94902521E-3 6.80191815E-3 4.78064176E-4
14.942501 2.4999415E-3 4.63279849E-3 6.15771301E-3 4.82608069E-4
14.937501 2.49987771E-3 0 4.32257028E-3 4.89874627E-4
14.932502 2.49981252E-3 1.15825934E-2 7.87133537E-3 4.99982561E-4
14.927502 2.5002812E-3 6.94825361E-3 6.80116285E-3 5.11712977E-4
14.922502 2.49967701E-3 2.31664418E-3 5.38127683E-3 5.24397357E-4
14.917501 2.50014197E-3 2.31621345E-3 5.38027612E-3 5.3714955E-4
14.912501 2.50006979E-3 4.632561E-3 6.15739683E-3 5.49511111E-4
14.907501 2.49999622E-3 0 4.32236539E-3 5.59645123E-4
14.902501 2.49992101E-3 4.63283667E-3 6.1577633E-3 5.6586531E-4
14.897502 2.49984418E-3 0 4.32262802E-3 5.6788075E-4
14.892502 2.5002989E-3 2.31606816E-3 5.37993852E-3 5.66630508E-4
14.887501 2.50021834E-3 0 4.32198122E-3 5.63732174E-4
14.882502 2.49960413E-3 2.31671194E-3 5.38143422E-3 5.59984939E-4
14.877501 2.50005303E-3 0 4.32226714E-3 5.55048115E-4
14.872501 2.49996781E-3 2.3163748E-3 5.38065098E-3 5.48952725E-4
14.867502 2.4998812E-3 0 4.32256423E-3 5.41551562E-4
NO NO NO NO NO
15.128752 1.24996621E-3 0 8.64495151E-3 1.34293688E-4
15.126251 1.25010312E-3 0 8.64400435E-3 1.33152469E-4
15.123752 1.24968996E-3 0 8.64686258E-3 1.31913039E-4
15.121251 1.25037599E-3 0 8.64211749E-3 1.30626824E-4
15.118752 1.2499626E-3 0 8.64497665E-3 1.2976554E-4
15.116251 1.25009846E-3 0 8.64403695E-3 1.29303837E-4
15.113751 1.24968507E-3 0 8.64689611E-3 1.29374195E-4
15.111251 1.25036947E-3 0 8.64216313E-3 1.29729946E-4
15.108751 1.24995573E-3 0 8.64502415E-3 1.30515706E-4
15.106252 1.24954211E-3 0 8.64788517E-3 1.31582143E-4
15.103752 1.25022535E-3 0 8.64315964E-3 1.32820613E-4
15.101252 1.2498115E-3 0 8.6460216E-3 1.345208E-4
15.098752 1.24994572E-3 0 8.64509307E-3 1.36570219E-4
15.096251 1.2500796E-3 0 8.64416733E-3 1.38985502E-4
15.093752 1.25021324E-3 0 8.64324346E-3 1.41555764E-4
15.091251 1.24979904E-3 0 8.64610728E-3 1.4403621E-4
15.088752 1.24993233E-3 0 8.64518527E-3 1.46102815E-4
15.086252 1.25006528E-3 0 8.64426605E-3 1.47838859E-4
15.083752 1.25019788E-3 0 8.64334963E-3 1.49392974E-4
15.081251 1.24978344E-3 4.63349279E-3 1.07630277E-2 1.50966021E-4
15.078752 1.24991569E-3 0 8.64530075E-3 1.52479086E-4
15.076252 1.25004759E-3 4.6325135E-3 1.07607534E-2 1.53991437E-4
15.073751 1.25017925E-3 0 8.64347816E-3 1.55479938E-4
15.071251 1.25031045E-3 4.63153981E-3 1.07584912E-2 1.56919574E-4
15.068751 1.24989566E-3 0 8.64543952E-3 1.58358802E-4
15.066251 1.25002663E-3 0 8.64453334E-3 1.59645308E-4
15.063751 1.24961184E-3 0 8.64740275E-3 1.60915908E-4
15.061252 1.25028763E-3 4.63162409E-3 1.07586877E-2 1.61955453E-4
15.058751 1.24987261E-3 0 8.64559878E-3 1.63034914E-4
15.056252 1.25000253E-3 0 8.64470005E-3 1.63917852E-4
15.053751 1.25013222E-3 0 8.64380319E-3 1.64654397E-4
15.051251 1.24971708E-3 0 8.64667539E-3 1.65317309E-4
15.048752 1.25039066E-3 0 8.64201691E-3 1.65708188E-4
15.046251 1.24997518E-3 4.63278219E-3 1.07613774E-2 1.66152662E-4
15.043752 1.24955992E-3 9.26864333E-3 1.23194754E-2 1.66547092E-4
15.041252 1.25023222E-3 0 8.64311215E-3 1.66775775E-4
15.038752 1.24981673E-3 0 8.64598528E-3 1.6714471E-4
15.036252 1.24994467E-3 0 8.64510052E-3 1.67440419E-4
15.033751 1.25007238E-3 0 8.64421763E-3 1.67737235E-4
15.031252 1.25019962E-3 0 8.64333659E-3 1.68034152E-4
15.028751 1.24978379E-3 0 8.64621252E-3 1.68402097E-4
15.026252 1.25045353E-3 0 8.64158291E-3 1.68623155E-4
15.023751 1.24949485E-3 0 8.64821207E-3 1.69066421E-4
15.021252 1.25016388E-3 0 8.64358433E-3 1.69291758E-4
15.018751 1.25028996E-3 4.63161571E-3 1.07586682E-2 1.69588733E-4
15.016252 1.24987366E-3 0 8.64559133E-3 1.69952342E-4
15.013751 1.24999939E-3 4.63269232E-3 1.07611688E-2 1.70233383E-4
15.011251 1.25012477E-3 4.63222759E-3 1.07600894E-2 1.70507148E-4
15.008751 1.24970847E-3 0 8.64673499E-3 1.70840329E-4
15.006251 1.25037471E-3 4.63130185E-3 1.0757939E-2 1.70992193E-4
15.003751 1.24995806E-3 0 8.64500739E-3 1.7124071E-4
15.001251 1.24954164E-3 0 8.6478889E-3 1.71428721E-4
14.998752 1.25020673E-3 0 8.64328817E-3 1.71412685E-4
14.996252 1.24978996E-3 4.63346858E-3 1.07629718E-2 1.71503125E-4
14.993752 1.25045411E-3 0 8.64157826E-3 1.71426669E-4
14.991251 1.25003699E-3 0 8.64446163E-3 1.71530759E-4
14.988751 1.24962023E-3 4.63409815E-3 1.0764434E-2 1.71712629E-4
14.986252 1.25028309E-3 0 8.64276011E-3 1.71832537E-4
14.983751 1.24986598E-3 0 8.64564441E-3 1.72165077E-4
14.981252 1.24998845E-3 0 8.64479784E-3 1.7245271E-4
14.978751 1.25011057E-3 0 8.64395313E-3 1.72756612E-4
14.976252 1.24969333E-3 4.63382713E-3 1.07638044E-2 1.73138207E-4
14.973751 1.25035399E-3 0 8.64227023E-3 1.73351567E-4
14.971251 1.24993653E-3 0 8.64515733E-3 1.73680732E-4
14.968751 1.25005771E-3 0 8.64431914E-3 1.73907203E-4
14.966251 1.24964025E-3 4.63402411E-3 1.07642617E-2 1.74220098E-4
14.963752 1.25029916E-3 4.63158125E-3 1.07585881E-2 1.7442806E-4
14.961251 1.24988146E-3 0 8.64553731E-3 1.74823668E-4
14.958752 1.2500016E-3 0 8.64470657E-3 1.75151275E-4
14.956251 1.25012151E-3 0 8.64387676E-3 1.75477981E-4
14.953752 1.2497037E-3 0 8.64676759E-3 1.75892317E-4
14.951251 1.25036051E-3 0 8.64222553E-3 1.76167159E-4
14.948751 1.24994235E-3 0 8.64511635E-3 1.7659225E-4
14.946251 1.25006121E-3 4.63246321E-3 1.07606361E-2 1.76927482E-4
14.943751 1.24964316E-3 4.63401293E-3 1.07642366E-2 1.7732472E-4
14.941252 1.25029834E-3 0 8.64265487E-3 1.77558177E-4
14.938751 1.24987995E-3 0 8.64554849E-3 1.77938418E-4
14.936252 1.24999788E-3 4.63269791E-3 1.07611818E-2 1.78246934E-4
14.933751 1.25011557E-3 0 8.64391867E-3 1.785637E-4
14.931252 1.24969706E-3 4.63381317E-3 1.07637728E-2 1.78962873E-4
14.928751 1.25035003E-3 0 8.64229817E-3 1.7920605E-4
14.926251 1.24993117E-3 0 8.64519365E-3 1.79598021E-4
14.923751 1.25004794E-3 0 8.64438619E-3 1.79912851E-4
14.921251 1.24962919E-3 4.63406462E-3 1.07643567E-2 1.80307354E-4
14.918752 1.25028042E-3 0 8.64277873E-3 1.80545583E-4
14.916251 1.24986144E-3 0 8.64567608E-3 1.80928691E-4
14.913752 1.24997715E-3 0 8.64487514E-3 1.81224445E-4
14.911252 1.25009264E-3 0 8.644077E-3 1.81512529E-4
14.908751 1.25020766E-3 0 8.64328165E-3 1.81800104E-4
14.906251 1.24978845E-3 0 8.64618085E-3 1.8217157E-4
14.903751 1.24990323E-3 0 8.64538737E-3 1.82472024E-4
14.901252 1.25001767E-3 4.63262433E-3 1.07610114E-2 1.82775402E-4
14.898751 1.25013187E-3 0 8.64380598E-3 1.8307862E-4
14.896252 1.24971231E-3 0 8.64670705E-3 1.83471857E-4
14.893751 1.25035935E-3 0 8.64223391E-3 1.83729149E-4
14.891252 1.24993955E-3 4.63291444E-3 1.07616838E-2 1.8415213E-4
14.888751 1.25005271E-3 0 8.64435267E-3 1.84488177E-4
14.886251 1.25016563E-3 0 8.64357222E-3 1.84802382E-4
14.883751 1.24974572E-3 0 8.64647608E-3 1.85171113E-4
14.881251 1.24985829E-3 4.63321526E-3 1.07623832E-2 1.85445548E-4
14.878752 1.24997052E-3 0 8.64492171E-3 1.85721932E-4
14.876251 1.25008251E-3 0 8.64414684E-3 1.86011952E-4
14.873752 1.25019404E-3 0 8.64337571E-3 1.86312303E-4
14.871251 1.24977389E-3 0 8.64628237E-3 1.86696081E-4
14.868752 1.24988519E-3 0 8.64551216E-3 1.87000158E-4
NO NO NO NO NO
15.128752 1.24996621E-3 0 8.64495151E-3 0
15.126251 1.25010312E-3 0 8.64400435E-3 0
15.123752 1.24968996E-3 0 8.64686258E-3 0
15.121251 1.25037599E-3 0 8.64211749E-3 0
15.118752 1.2499626E-3 0 8.64497665E-3 0
15.116251 1.25009846E-3 0 8.64403695E-3 0
15.113751 1.24968507E-3 0 8.64689611E-3 0
15.111251 1.25036947E-3 0 8.64216313E-3 0
15.108751 1.24995573E-3 0 8.64502415E-3 0
15.106252 1.24954211E-3 0 8.64788517E-3 0
15.103752 1.25022535E-3 0 8.64315964E-3 0
15.101252 1.2498115E-3 0 8.6460216E-3 0
15.098752 1.24994572E-3 0 8.64509307E-3 0
15.096251 1.2500796E-3 0 8.64416733E-3 0
15.093752 1.25021324E-3 0 8.64324346E-3 0
15.091251 1.24979904E-3 0 8.64610728E-3 0
15.088752 1.24993233E-3 0 8.64518527E-3 0
15.086252 1.25006528E-3 0 8.64426605E-3 0
15.083752 1.25019788E-3 0 8.64334963E-3 0
15.081251 1.24978344E-3 0 8.64621531E-3 0
15.078752 1.24991569E-3 0 8.64530075E-3 0
15.076252 1.25004759E-3 0 8.64438806E-3 0
15.073751 1.25017925E-3 0 8.64347816E-3 0
15.071251 1.25031045E-3 0 8.64257105E-3 0
15.068751 1.24989566E-3 0 8.64543952E-3 0
15.066251 1.25002663E-3 0 8.64453334E-3 0
15.063751 1.24961184E-3 0 8.64740275E-3 0
15.061252 1.25028763E-3 0 8.64272844E-3 0
15.058751 1.24987261E-3 0 8.64559878E-3 0
15.056252 1.25000253E-3 0 8.64470005E-3 0
15.053751 1.25013222E-3 0 8.64380319E-3 0
15.051251 1.24971708E-3 0 8.64667539E-3 0
15.048752 1.25039066E-3 0 8.64201691E-3 0
15.046251 1.24997518E-3 0 8.64489004E-3 0
15.043752 1.24955992E-3 0 8.64776224E-3 0
15.041252 1.25023222E-3 0 8.64311215E-3 0
15.038752 1.24981673E-3 0 8.64598528E-3 0
15.036252 1.24994467E-3 0 8.64510052E-3 0
15.033751 1.25007238E-3 0 8.64421763E-3 0
15.031252 1.25019962E-3 0 8.64333659E-3 0
15.028751 1.24978379E-3 0 8.64621252E-3 0
15.026252 1.25045353E-3 0 8.64158291E-3 0
15.023751 1.24949485E-3 0 8.64821207E-3 0
15.021252 1.25016388E-3 0 8.64358433E-3 0
15.018751 1.25028996E-3 0 8.64271354E-3 0
15.016252 1.24987366E-3 0 8.64559133E-3 0
15.013751 1.24999939E-3 0 8.64472147E-3 0
15.011251 1.25012477E-3 0 8.64385534E-3 0
15.008751 1.24970847E-3 0 8.64673499E-3 0
15.006251 1.25037471E-3 0 8.64212681E-3 0
15.003751 1.24995806E-3 0 8.64500739E-3 0
15.001251 1.24954164E-3 0 8.6478889E-3 0
14.998752 1.25020673E-3 0 8.64328817E-3 0
14.996252 1.24978996E-3 0 8.64617061E-3 0
14.993752 1.25045411E-3 0 8.64157826E-3 0
14.991251 1.25003699E-3 0 8.64446163E-3 0
14.988751 1.24962023E-3 0 8.64734501E-3 0
14.986252 1.25028309E-3 0 8.64276011E-3 0
14.983751 1.24986598E-3 0 8.64564441E-3 0
14.981252 1.24998845E-3 0 8.64479784E-3 0
14.978751 1.25011057E-3 0 8.64395313E-3 0
14.976252 1.24969333E-3 0 8.6468393E-3 0
14.973751 1.25035399E-3 0 8.64227023E-3 0
14.971251 1.24993653E-3 0 8.64515733E-3 0
14.968751 1.25005771E-3 0 8.64431914E-3 0
14.966251 1.24964025E-3 0 8.64720624E-3 0
14.963752 1.25029916E-3 0 8.64264928E-3 0
14.961251 1.24988146E-3 0 8.64553731E-3 0
14.958752 1.2500016E-3 0 8.64470657E-3 0
14.956251 1.25012151E-3 0 8.64387676E-3 0
14.953752 1.2497037E-3 0 8.64676759E-3 0
14.951251 1.25036051E-3 0 8.64222553E-3 0
14.948751 1.24994235E-3 0 8.64511635E-3 0
14.946251 1.25006121E-3 0 8.64429399E-3 0
14.943751 1.24964316E-3 0 8.64718575E-3 0
14.941252 1.25029834E-3 0 8.64265487E-3 0
14.938751 1.24987995E-3 0 8.64554849E-3 0
14.936252 1.24999788E-3 0 8.64473265E-3 0
14.933751 1.25011557E-3 0 8.64391867E-3 0
14.931252 1.24969706E-3 0 8.64681322E-3 0
14.928751 1.25035003E-3 0 8.64229817E-3 0
14.926251 1.24993117E-3 0 8.64519365E-3 0
14.923751 1.25004794E-3 0 8.64438619E-3 0
14.921251 1.24962919E-3 0 8.64728261E-3 0
14.918752 1.25028042E-3 0 8.64277873E-3 0
14.916251 1.24986144E-3 0 8.64567608E-3 0
14.913752 1.24997715E-3 0 8.64487514E-3 0
14.911252 1.25009264E-3 0 8.644077E-3 0
14.908751 1.25020766E-3 0 8.64328165E-3 0
14.906251 1.24978845E-3 0 8.64618085E-3 0
14.903751 1.24990323E-3 0 8.64538737E-3 0
14.901252 1.25001767E-3 0 8.64459574E-3 0
14.898751 1.25013187E-3 0 8.64380598E-3 0
14.896252 1.24971231E-3 0 8.64670705E-3 0
14.893751 1.25035935E-3 0 8.64223391E-3 0
14.891252 1.24993955E-3 0 8.64513591E-3 0
14.888751 1.25005271E-3 0 8.64435267E-3 0
14.886251 1.25016563E-3 0 8.64357222E-3 0
14.883751 1.24974572E-3 0 8.64647608E-3 0
14.881251 1.24985829E-3 0 8.6456975E-3 0
14.878752 1.24997052E-3 0 8.64492171E-3 0
14.876251 1.25008251E-3 0 8.64414684E-3 0
14.873752 1.25019404E-3 0 8.64337571E-3 0
14.871251 1.24977389E-3 0 8.64628237E-3 0
14.868752 1.24988519E-3 0 8.64551216E-3 0
