15.127501 2.50006933E-3 2.31628073E-3 5.38043259E-3 3.7729583E-4
15.122501 2.50006607E-3 2.31628399E-3 5.38043957E-3 6.63233921E-4
15.117501 2.50006095E-3 6.94886548E-3 6.80176215E-3 1.00558472E-3
15.112501 2.50005443E-3 0 4.32226481E-3 1.35870103E-3
15.107501 2.49949773E-3 0 4.32322733E-3 1.70560833E-3
15.102502 2.50003673E-3 0 4.32229508E-3 2.04704469E-3
15.097502 2.50002532E-3 2.31632148E-3 5.38052712E-3 2.38899444E-3
15.092502 2.50001228E-3 6.94900099E-3 6.80189487E-3 2.73524434E-3
15.087502 2.49999762E-3 4.63269465E-3 6.15757471E-3 3.08922399E-3
15.082501 2.49998132E-3 6.94908714E-3 6.80197915E-3 3.45381978E-3
15.077502 2.49996339E-3 2.31637899E-3 5.38066076E-3 3.83147947E-3
15.072501 2.50048959E-3 0 4.3215123E-3 4.22357116E-3
15.067501 2.49992218E-3 6.94925105E-3 6.80213934E-3 4.63556359E-3
15.062501 2.49989959E-3 2.31643813E-3 5.38079813E-3 5.06829936E-3
15.057502 2.49987515E-3 9.26584285E-3 7.36506982E-3 5.52708702E-3
15.052502 2.4998493E-3 6.94945455E-3 6.80233818E-3 6.01607095E-3
15.047502 2.50036572E-3 6.94801891E-3 6.80093328E-3 6.53626071E-3
15.042501 2.49979203E-3 9.26615112E-3 7.36531476E-3 7.09191198E-3
15.037501 2.49976129E-3 1.15828309E-2 7.87149649E-3 7.67653296E-3
15.032501 2.50027212E-3 6.94827922E-3 6.80118799E-3 8.28559976E-3
15.027501 2.50023743E-3 1.38967512E-2 8.33359454E-3 8.91674776E-3
15.022501 2.49965885E-3 2.31666118E-3 5.38131641E-3 9.56362486E-3
15.017502 2.50016362E-3 1.62133537E-2 8.76420364E-3 1.02133192E-2
15.012501 2.50012404E-3 1.85298398E-2 9.16773081E-3 1.08662434E-2
15.007501 2.50008306E-3 2.08464116E-2 9.54881217E-3 1.15161827E-2
15.002501 2.49949959E-3 6.95042592E-3 6.80328952E-3 1.21635115E-2
14.997502 2.49999668E-3 1.38980886E-2 8.33439641E-3 1.27985058E-2
14.992501 2.50049098E-3 2.08430123E-2 9.547255E-3 1.34225106E-2
14.987501 2.49990332E-3 1.38986083E-2 8.3347084E-3 1.40350061E-2
14.982501 2.49985442E-3 1.38988802E-2 8.33487138E-3 1.46160154E-2
14.977502 2.4998039E-3 2.3165267E-2 9.91176814E-3 1.51471151E-2
14.972502 2.50029052E-3 1.3896456E-2 8.33341759E-3 1.55738788E-2
14.967502 2.49969796E-3 2.77995002E-2 1.05886301E-2 1.57735907E-2
14.962502 2.50018062E-3 1.15808882E-2 7.87017681E-3 1.55479209E-2
14.957501 2.50012311E-3 1.38973854E-2 8.33397545E-3 1.48288095E-2
14.952501 2.50006421E-3 1.38977133E-2 8.33417196E-3 1.37271816E-2
14.947501 2.50000367E-3 2.31634174E-2 9.91097651E-3 1.24296974E-2
14.942501 2.4999415E-3 1.15819965E-2 7.87093025E-3 1.10587459E-2
14.937501 2.49987771E-3 6.94937492E-3 6.80226041E-3 9.66365542E-3
14.932502 2.49981252E-3 6.94955606E-3 6.80243829E-3 8.26503616E-3
14.927502 2.5002812E-3 1.38965072E-2 8.33344832E-3 6.87340321E-3
14.922502 2.49967701E-3 2.31664418E-3 5.38127683E-3 5.50414622E-3
14.917501 2.50014197E-3 4.63242689E-3 6.15721894E-3 4.16754466E-3
14.912501 2.50006979E-3 0 4.32223827E-3 2.89853988E-3
14.907501 2.49999622E-3 4.63269744E-3 6.15757797E-3 1.77923811E-3
14.902501 2.49992101E-3 0 4.32249578E-3 9.36187746E-4
14.897502 2.49984418E-3 0 4.32262802E-3 4.35092283E-4
14.892502 2.5002989E-3 2.31606816E-3 5.37993852E-3 2.07050631E-4
14.887501 2.50021834E-3 0 4.32198122E-3 1.20625773E-4
14.882502 2.49960413E-3 0 4.32304339E-3 8.51161603E-5
14.877501 2.50005303E-3 2.31629587E-3 5.38046751E-3 6.63549072E-5
14.872501 2.49996781E-3 4.63274959E-3 6.15764782E-3 5.42983216E-5
14.867502 2.4998812E-3 0 4.32256423E-3 4.54114052E-5
NO NO NO NO NO
15.127501 2.50006933E-3 0 4.3222392E-3 7.1019902E-5
15.122501 2.50006607E-3 0 4.32224479E-3 1.36824237E-4
15.117501 2.50006095E-3 0 4.32225317E-3 2.21332288E-4
15.112501 2.50005443E-3 0 4.32226481E-3 3.09846655E-4
15.107501 2.49949773E-3 2.31681042E-3 5.38166286E-3 3.9466031E-4
15.102502 2.50003673E-3 2.316311E-3 5.38050244E-3 4.74873726E-4
15.097502 2.50002532E-3 0 4.3223151E-3 5.51705889E-4
15.092502 2.50001228E-3 0 4.32233745E-3 6.26298657E-4
15.087502 2.49999762E-3 0 4.32236306E-3 6.9986179E-4
15.082501 2.49998132E-3 2.31636246E-3 5.38062211E-3 7.73692911E-4
15.077502 2.49996339E-3 0 4.3224222E-3 8.49211996E-4
15.072501 2.50048959E-3 0 4.3215123E-3 9.2784781E-4
15.067501 2.49992218E-3 0 4.32249298E-3 1.01280946E-3
15.062501 2.49989959E-3 0 4.32253256E-3 1.10766001E-3
15.057502 2.49987515E-3 0 4.32257447E-3 1.21724291E-3
15.052502 2.4998493E-3 0 4.32261964E-3 1.3435873E-3
15.047502 2.50036572E-3 4.63201245E-3 6.15666807E-3 1.48368953E-3
15.042501 2.49979203E-3 2.31653778E-3 5.3810291E-3 1.63275294E-3
15.037501 2.49976129E-3 0 4.32277145E-3 1.78477319E-3
15.032501 2.50027212E-3 0 4.32188855E-3 1.9383824E-3
15.027501 2.50023743E-3 6.94837561E-3 6.80128252E-3 2.09793076E-3
15.022501 2.49965885E-3 2.31666118E-3 5.38131641E-3 2.26894068E-3
15.017502 2.50016362E-3 0 4.32207622E-3 2.45326734E-3
15.012501 2.50012404E-3 2.31622998E-3 5.38031431E-3 2.65372987E-3
15.007501 2.50008306E-3 9.26507171E-3 7.36445747E-3 2.87038228E-3
15.002501 2.49949959E-3 2.31680879E-3 5.38165867E-3 3.10063874E-3
14.997502 2.49999668E-3 6.9490443E-3 6.80193724E-3 3.33454856E-3
14.992501 2.50049098E-3 0 4.32150997E-3 3.56764742E-3
14.987501 2.49990332E-3 2.31643463E-3 5.38078975E-3 3.80548858E-3
14.982501 2.49985442E-3 4.63296007E-3 6.15792722E-3 4.05325228E-3
14.977502 2.4998039E-3 6.94958027E-3 6.80246158E-3 4.30824421E-3
14.972502 2.50029052E-3 0 4.32185642E-3 4.54782275E-3
14.967502 2.49969796E-3 2.31662509E-3 5.38123213E-3 4.73084487E-3
14.962502 2.50018062E-3 0 4.32204641E-3 4.79062367E-3
14.957501 2.50012311E-3 6.94869272E-3 6.80159312E-3 4.68489481E-3
14.952501 2.50006421E-3 4.63257125E-3 6.15741033E-3 4.42592939E-3
14.947501 2.50000367E-3 6.94902521E-3 6.80191815E-3 4.07317141E-3
14.942501 2.4999415E-3 4.63279849E-3 6.15771301E-3 3.68428463E-3
14.937501 2.49987771E-3 0 4.32257028E-3 3.28951562E-3
14.932502 2.49981252E-3 1.15825934E-2 7.87133537E-3 2.89499061E-3
14.927502 2.5002812E-3 6.94825361E-3 6.80116285E-3 2.49371096E-3
14.922502 2.49967701E-3 2.31664418E-3 5.38127683E-3 2.081746E-3
14.917501 2.50014197E-3 2.31621345E-3 5.38027612E-3 1.65753474E-3
14.912501 2.50006979E-3 4.632561E-3 6.15739683E-3 1.22904778E-3
14.907501 2.49999622E-3 0 4.32236539E-3 8.18918517E-4
14.902501 2.49992101E-3 4.63283667E-3 6.1577633E-3 4.74392378E-4
14.897502 2.49984418E-3 0 4.32262802E-3 2.40274792E-4
14.892502 2.5002989E-3 2.31606816E-3 5.37993852E-3 1.16401061E-4
14.887501 2.50021834E-3 0 4.32198122E-3 6.20511419E-5
14.882502 2.49960413E-3 2.31671194E-3 5.38143422E-3 3.81821737E-5
14.877501 2.50005303E-3 0 4.32226714E-3 2.66883453E-5
14.872501 2.49996781E-3 2.3163748E-3 5.38065098E-3 2.04720673E-5
14.867502 2.4998812E-3 0 4.32256423E-3 1.64976427E-5
NO NO NO NO NO
15.128752 1.24996621E-3 0 8.64495151E-3 8.72338114E-6
15.126251 1.25010312E-3 0 8.64400435E-3 1.88957511E-5
15.123752 1.24968996E-3 0 8.64686258E-3 3.35928235E-5
15.121251 1.25037599E-3 0 8.64211749E-3 5.09489437E-5
15.118752 1.2499626E-3 0 8.64497665E-3 6.89635926E-5
15.116251 1.25009846E-3 0 8.64403695E-3 8.65312395E-5
15.113751 1.24968507E-3 0 8.64689611E-3 1.03611084E-4
15.111251 1.25036947E-3 0 8.64216313E-3 1.20257464E-4
15.108751 1.24995573E-3 0 8.64502415E-3 1.36950344E-4
15.106252 1.24954211E-3 0 8.64788517E-3 1.53848378E-4
15.103752 1.25022535E-3 0 8.64315964E-3 1.71039283E-4
15.101252 1.2498115E-3 0 8.6460216E-3 1.89082959E-4
15.098752 1.24994572E-3 0 8.64509307E-3 2.0802283E-4
15.096251 1.2500796E-3 0 8.64416733E-3 2.28015095E-4
15.093752 1.25021324E-3 0 8.64324346E-3 2.48811732E-4
15.091251 1.24979904E-3 0 8.64610728E-3 2.70052406E-4
15.088752 1.24993233E-3 0 8.64518527E-3 2.91163567E-4
15.086252 1.25006528E-3 0 8.64426605E-3 3.12279561E-4
15.083752 1.25019788E-3 0 8.64334963E-3 3.33676115E-4
15.081251 1.24978344E-3 4.63349279E-3 1.07630277E-2 3.5578158E-4
15.078752 1.24991569E-3 0 8.64530075E-3 3.78422497E-4
15.076252 1.25004759E-3 4.6325135E-3 1.07607534E-2 4.01761819E-4
15.073751 1.25017925E-3 0 8.64347816E-3 4.25777223E-4
15.071251 1.25031045E-3 4.63153981E-3 1.07584912E-2 4.50437161E-4
15.068751 1.24989566E-3 0 8.64543952E-3 4.75918438E-4
15.066251 1.25002663E-3 0 8.64453334E-3 5.01799805E-4
15.063751 1.24961184E-3 0 8.64740275E-3 5.28527074E-4
15.061252 1.25028763E-3 4.63162409E-3 1.07586877E-2 5.55417151E-4
15.058751 1.24987261E-3 0 8.64559878E-3 5.83398214E-4
15.056252 1.25000253E-3 0 8.64470005E-3 6.11674797E-4
15.053751 1.25013222E-3 0 8.64380319E-3 6.40431303E-4
15.051251 1.24971708E-3 0 8.64667539E-3 6.69974776E-4
15.048752 1.25039066E-3 0 8.64201691E-3 6.99510681E-4
15.046251 1.24997518E-3 4.63278219E-3 1.07613774E-2 7.30388914E-4
15.043752 1.24955992E-3 9.26864333E-3 1.23194754E-2 7.62188633E-4
15.041252 1.25023222E-3 0 8.64311215E-3 7.94320076E-4
15.038752 1.24981673E-3 0 8.64598528E-3 8.28159566E-4
15.036252 1.24994467E-3 0 8.64510052E-3 8.62619258E-4
15.033751 1.25007238E-3 0 8.64421763E-3 8.97962949E-4
15.031252 1.25019962E-3 0 8.64333659E-3 9.34083539E-4
15.028751 1.24978379E-3 0 8.64621252E-3 9.71283473E-4
15.026252 1.25045353E-3 0 8.64158291E-3 1.00819825E-3
15.023751 1.24949485E-3 0 8.64821207E-3 1.04691647E-3
15.021252 1.25016388E-3 0 8.64358433E-3 1.08466146E-3
15.018751 1.25028996E-3 4.63161571E-3 1.07586682E-2 1.12311787E-3
15.016252 1.24987366E-3 0 8.64559133E-3 1.16221688E-3
15.013751 1.24999939E-3 4.63269232E-3 1.07611688E-2 1.20087794E-3
15.011251 1.25012477E-3 4.63222759E-3 1.07600894E-2 1.23952748E-3
15.008751 1.24970847E-3 0 8.64673499E-3 1.27859658E-3
15.006251 1.25037471E-3 4.63130185E-3 1.0757939E-2 1.31621363E-3
15.003751 1.24995806E-3 0 8.64500739E-3 1.35442056E-3
15.001251 1.24954164E-3 0 8.6478889E-3 1.39197218E-3
14.998752 1.25020673E-3 0 8.64328817E-3 1.42760877E-3
14.996252 1.24978996E-3 4.63346858E-3 1.07629718E-2 1.46383047E-3
14.993752 1.25045411E-3 0 8.64157826E-3 1.49830186E-3
14.991251 1.25003699E-3 0 8.64446163E-3 1.53401738E-3
14.988751 1.24962023E-3 4.63409815E-3 1.0764434E-2 1.57011789E-3
14.986252 1.25028309E-3 0 8.64276011E-3 1.60530698E-3
14.983751 1.24986598E-3 0 8.64564441E-3 1.64214126E-3
14.981252 1.24998845E-3 0 8.64479784E-3 1.67823478E-3
14.978751 1.25011057E-3 0 8.64395313E-3 1.71416171E-3
14.976252 1.24969333E-3 4.63382713E-3 1.07638044E-2 1.75053312E-3
14.973751 1.25035399E-3 0 8.64227023E-3 1.78477692E-3
14.971251 1.24993653E-3 0 8.64515733E-3 1.8193376E-3
14.968751 1.25005771E-3 0 8.64431914E-3 1.85023085E-3
14.966251 1.24964025E-3 4.63402411E-3 1.07642617E-2 1.87470589E-3
14.963752 1.25029916E-3 4.63158125E-3 1.07585881E-2 1.88247766E-3
14.961251 1.24988146E-3 0 8.64553731E-3 1.86878874E-3
14.958752 1.2500016E-3 0 8.64470657E-3 1.82890834E-3
14.956251 1.25012151E-3 0 8.64387676E-3 1.76895829E-3
14.953752 1.2497037E-3 0 8.64676759E-3 1.69821293E-3
14.951251 1.25036051E-3 0 8.64222553E-3 1.62066671E-3
14.948751 1.24994235E-3 0 8.64511635E-3 1.54210813E-3
14.946251 1.25006121E-3 4.63246321E-3 1.07606361E-2 1.46164279E-3
14.943751 1.24964316E-3 4.63401293E-3 1.07642366E-2 1.38098688E-3
14.941252 1.25029834E-3 0 8.64265487E-3 1.29860186E-3
14.938751 1.24987995E-3 0 8.64554849E-3 1.21699017E-3
14.936252 1.24999788E-3 4.63269791E-3 1.07611818E-2 1.13468419E-3
14.933751 1.25011557E-3 0 8.64391867E-3 1.0523753E-3
14.931252 1.24969706E-3 4.63381317E-3 1.07637728E-2 9.70560766E-4
14.928751 1.25035003E-3 0 8.64229817E-3 8.88024515E-4
14.926251 1.24993117E-3 0 8.64519365E-3 8.06416268E-4
14.923751 1.25004794E-3 0 8.64438619E-3 7.24679674E-4
14.921251 1.24962919E-3 4.63406462E-3 1.07643567E-2 6.43539417E-4
14.918752 1.25028042E-3 0 8.64277873E-3 5.62210393E-4
14.916251 1.24986144E-3 0 8.64567608E-3 4.81747964E-4
14.913752 1.24997715E-3 0 8.64487514E-3 4.01497295E-4
14.911252 1.25009264E-3 0 8.644077E-3 3.21928906E-4
14.908751 1.25020766E-3 0 8.64328165E-3 2.43907372E-4
14.906251 1.24978845E-3 0 8.64618085E-3 1.70069354E-4
14.903751 1.24990323E-3 0 8.64538737E-3 1.05455496E-4
14.901252 1.25001767E-3 4.63262433E-3 1.07610114E-2 5.624802E-5
14.898751 1.25013187E-3 0 8.64380598E-3 2.52163827E-5
14.896252 1.24971231E-3 0 8.64670705E-3 9.62306513E-6
14.893751 1.25035935E-3 0 8.64223391E-3 3.37790993E-6
14.891252 1.24993955E-3 4.63291444E-3 1.07616838E-2 1.3321494E-6
14.888751 1.25005271E-3 0 8.64435267E-3 7.93781737E-7
14.886251 1.25016563E-3 0 8.64357222E-3 6.24548704E-7
14.883751 1.24974572E-3 0 8.64647608E-3 5.33198317E-7
14.881251 1.24985829E-3 4.63321526E-3 1.07623832E-2 4.65756187E-7
14.878752 1.24997052E-3 0 8.64492171E-3 4.11380995E-7
14.876251 1.25008251E-3 0 8.64414684E-3 3.66068861E-7
14.873752 1.25019404E-3 0 8.64337571E-3 3.27595842E-7
14.871251 1.24977389E-3 0 8.64628237E-3 2.94626517E-7
14.868752 1.24988519E-3 0 8.64551216E-3 2.65858432E-7
NO NO NO NO NO
15.128752 1.24996621E-3 0 8.64495151E-3 0
15.126251 1.25010312E-3 0 8.64400435E-3 0
15.123752 1.24968996E-3 0 8.64686258E-3 0
15.121251 1.25037599E-3 0 8.64211749E-3 0
15.118752 1.2499626E-3 0 8.64497665E-3 0
15.116251 1.25009846E-3 0 8.64403695E-3 0
15.113751 1.24968507E-3 0 8.64689611E-3 0
15.111251 1.25036947E-3 0 8.64216313E-3 0
15.108751 1.24995573E-3 0 8.64502415E-3 0
15.106252 1.24954211E-3 0 8.64788517E-3 0
15.103752 1.25022535E-3 0 8.64315964E-3 0
15.101252 1.2498115E-3 0 8.6460216E-3 0
15.098752 1.24994572E-3 0 8.64509307E-3 0
15.096251 1.2500796E-3 0 8.64416733E-3 0
15.093752 1.25021324E-3 0 8.64324346E-3 0
15.091251 1.24979904E-3 0 8.64610728E-3 0
15.088752 1.24993233E-3 0 8.64518527E-3 0
15.086252 1.25006528E-3 0 8.64426605E-3 0
15.083752 1.25019788E-3 0 8.64334963E-3 0
15.081251 1.24978344E-3 0 8.64621531E-3 0
15.078752 1.24991569E-3 0 8.64530075E-3 0
15.076252 1.25004759E-3 0 8.64438806E-3 0
15.073751 1.25017925E-3 0 8.64347816E-3 0
15.071251 1.25031045E-3 0 8.64257105E-3 0
15.068751 1.24989566E-3 0 8.64543952E-3 0
15.066251 1.25002663E-3 0 8.64453334E-3 0
15.063751 1.24961184E-3 0 8.64740275E-3 0
15.061252 1.25028763E-3 0 8.64272844E-3 0
15.058751 1.24987261E-3 0 8.64559878E-3 0
15.056252 1.25000253E-3 0 8.64470005E-3 0
15.053751 1.25013222E-3 0 8.64380319E-3 0
15.051251 1.24971708E-3 0 8.64667539E-3 0
15.048752 1.25039066E-3 0 8.64201691E-3 0
15.046251 1.24997518E-3 0 8.64489004E-3 0
15.043752 1.24955992E-3 0 8.64776224E-3 0
15.041252 1.25023222E-3 0 8.64311215E-3 0
15.038752 1.24981673E-3 0 8.64598528E-3 0
15.036252 1.24994467E-3 0 8.64510052E-3 0
15.033751 1.25007238E-3 0 8.64421763E-3 0
15.031252 1.25019962E-3 0 8.64333659E-3 0
15.028751 1.24978379E-3 0 8.64621252E-3 0
15.026252 1.25045353E-3 0 8.64158291E-3 0
15.023751 1.24949485E-3 0 8.64821207E-3 0
15.021252 1.25016388E-3 0 8.64358433E-3 0
15.018751 1.25028996E-3 0 8.64271354E-3 0
15.016252 1.24987366E-3 0 8.64559133E-3 0
15.013751 1.24999939E-3 0 8.64472147E-3 0
15.011251 1.25012477E-3 0 8.64385534E-3 0
15.008751 1.24970847E-3 0 8.64673499E-3 0
15.006251 1.25037471E-3 0 8.64212681E-3 0
15.003751 1.24995806E-3 0 8.64500739E-3 0
15.001251 1.24954164E-3 0 8.6478889E-3 0
14.998752 1.25020673E-3 0 8.64328817E-3 0
14.996252 1.24978996E-3 0 8.64617061E-3 0
14.993752 1.25045411E-3 0 8.64157826E-3 0
14.991251 1.25003699E-3 0 8.64446163E-3 0
14.988751 1.24962023E-3 0 8.64734501E-3 0
14.986252 1.25028309E-3 0 8.64276011E-3 0
14.983751 1.24986598E-3 0 8.64564441E-3 0
14.981252 1.24998845E-3 0 8.64479784E-3 0
14.978751 1.25011057E-3 0 8.64395313E-3 0
14.976252 1.24969333E-3 0 8.6468393E-3 0
14.973751 1.25035399E-3 0 8.64227023E-3 0
14.971251 1.24993653E-3 0 8.64515733E-3 0
14.968751 1.25005771E-3 0 8.64431914E-3 0
14.966251 1.24964025E-3 0 8.64720624E-3 0
14.963752 1.25029916E-3 0 8.64264928E-3 0
14.961251 1.24988146E-3 0 8.64553731E-3 0
14.958752 1.2500016E-3 0 8.64470657E-3 0
14.956251 1.25012151E-3 0 8.64387676E-3 0
14.953752 1.2497037E-3 0 8.64676759E-3 0
14.951251 1.25036051E-3 0 8.64222553E-3 0
14.948751 1.24994235E-3 0 8.64511635E-3 0
14.946251 1.25006121E-3 0 8.64429399E-3 0
14.943751 1.24964316E-3 0 8.64718575E-3 0
14.941252 1.25029834E-3 0 8.64265487E-3 0
14.938751 1.24987995E-3 0 8.64554849E-3 0
14.936252 1.24999788E-3 0 8.64473265E-3 0
14.933751 1.25011557E-3 0 8.64391867E-3 0
14.931252 1.24969706E-3 0 8.64681322E-3 0
14.928751 1.25035003E-3 0 8.64229817E-3 0
14.926251 1.24993117E-3 0 8.64519365E-3 0
14.923751 1.25004794E-3 0 8.64438619E-3 0
14.921251 1.24962919E-3 0 8.64728261E-3 0
14.918752 1.25028042E-3 0 8.64277873E-3 0
14.916251 1.24986144E-3 0 8.64567608E-3 0
14.913752 1.24997715E-3 0 8.64487514E-3 0
14.911252 1.25009264E-3 0 8.644077E-3 0
14.908751 1.25020766E-3 0 8.64328165E-3 0
14.906251 1.24978845E-3 0 8.64618085E-3 0
14.903751 1.24990323E-3 0 8.64538737E-3 0
14.901252 1.25001767E-3 0 8.64459574E-3 0
14.898751 1.25013187E-3 0 8.64380598E-3 0
14.896252 1.24971231E-3 0 8.64670705E-3 0
14.893751 1.25035935E-3 0 8.64223391E-3 0
14.891252 1.24993955E-3 0 8.64513591E-3 0
14.888751 1.25005271E-3 0 8.64435267E-3 0
14.886251 1.25016563E-3 0 8.64357222E-3 0
14.883751 1.24974572E-3 0 8.64647608E-3 0
14.881251 1.24985829E-3 0 8.6456975E-3 0
14.878752 1.24997052E-3 0 8.64492171E-3 0
14.876251 1.25008251E-3 0 8.64414684E-3 0
14.873752 1.25019404E-3 0 8.64337571E-3 0
14.871251 1.24977389E-3 0 8.64628237E-3 0
14.868752 1.24988519E-3 0 8.64551216E-3 0
