15.127501 2.50006933E-3 2.31628073E-3 5.38043259E-3 1.49913237E-3
15.122501 2.50006607E-3 2.31628399E-3 5.38043957E-3 1.79504452E-3
15.117501 2.50006095E-3 6.94886548E-3 6.80176215E-3 2.14767526E-3
15.112501 2.50005443E-3 0 4.32226481E-3 2.50999769E-3
15.107501 2.49949773E-3 0 4.32322733E-3 2.86504696E-3
15.102502 2.50003673E-3 0 4.32229508E-3 3.21306591E-3
15.097502 2.50002532E-3 2.31632148E-3 5.38052712E-3 3.56101082E-3
15.092502 2.50001228E-3 6.94900099E-3 6.80189487E-3 3.91251128E-3
15.087502 2.49999762E-3 4.63269465E-3 6.15757471E-3 4.27100062E-3
15.082501 2.49998132E-3 6.94908714E-3 6.80197915E-3 4.63928189E-3
15.077502 2.49996339E-3 2.31637899E-3 5.38066076E-3 5.01961354E-3
15.072501 2.50048959E-3 0 4.3215123E-3 5.41285798E-3
15.067501 2.49992218E-3 6.94925105E-3 6.80213934E-3 5.82509022E-3
15.062501 2.49989959E-3 2.31643813E-3 5.38079813E-3 6.25638757E-3
15.057502 2.49987515E-3 9.26584285E-3 7.36506982E-3 6.71254424E-3
15.052502 2.4998493E-3 6.94945455E-3 6.80233818E-3 7.198242E-3
15.047502 2.50036572E-3 6.94801891E-3 6.80093328E-3 7.71551719E-3
15.042501 2.49979203E-3 9.26615112E-3 7.36531476E-3 8.2720248E-3
15.037501 2.49976129E-3 1.15828309E-2 7.87149649E-3 8.86443071E-3
15.032501 2.50027212E-3 6.94827922E-3 6.80118799E-3 9.49233491E-3
15.027501 2.50023743E-3 1.38967512E-2 8.33359454E-3 1.01568643E-2
15.022501 2.49965885E-3 2.31666118E-3 5.38131641E-3 1.08529096E-2
15.017502 2.50016362E-3 1.62133537E-2 8.76420364E-3 1.15664089E-2
15.012501 2.50012404E-3 1.85298398E-2 9.16773081E-3 1.22973258E-2
15.007501 2.50008306E-3 2.08464116E-2 9.54881217E-3 1.30374357E-2
15.002501 2.49949959E-3 6.95042592E-3 6.80328952E-3 1.37856258E-2
14.997502 2.49999668E-3 1.38980886E-2 8.33439641E-3 1.4529068E-2
14.992501 2.50049098E-3 2.08430123E-2 9.547255E-3 1.52668701E-2
14.987501 2.49990332E-3 1.38986083E-2 8.3347084E-3 1.59940217E-2
14.982501 2.49985442E-3 1.38988802E-2 8.33487138E-3 1.66805051E-2
14.977502 2.4998039E-3 2.3165267E-2 9.91176814E-3 1.72890928E-2
14.972502 2.50029052E-3 1.3896456E-2 8.33341759E-3 1.77053586E-2
14.967502 2.49969796E-3 2.77995002E-2 1.05886301E-2 1.77559275E-2
14.962502 2.50018062E-3 1.15808882E-2 7.87017681E-3 1.72990263E-2
14.957501 2.50012311E-3 1.38973854E-2 8.33397545E-3 1.64028723E-2
14.952501 2.50006421E-3 1.38977133E-2 8.33417196E-3 1.52364932E-2
14.947501 2.50000367E-3 2.31634174E-2 9.91097651E-3 1.39416764E-2
14.942501 2.4999415E-3 1.15819965E-2 7.87093025E-3 1.25853997E-2
14.937501 2.49987771E-3 6.94937492E-3 6.80226041E-3 1.1196211E-2
14.932502 2.49981252E-3 6.94955606E-3 6.80243829E-3 9.79038142E-3
14.927502 2.5002812E-3 1.38965072E-2 8.33344832E-3 8.37786868E-3
14.922502 2.49967701E-3 2.31664418E-3 5.38127683E-3 6.97623938E-3
14.917501 2.50014197E-3 4.63242689E-3 6.15721894E-3 5.59642073E-3
14.912501 2.50006979E-3 0 4.32223827E-3 4.27735411E-3
14.907501 2.49999622E-3 4.63269744E-3 6.15757797E-3 3.10750795E-3
14.902501 2.49992101E-3 0 4.32249578E-3 2.22357782E-3
14.897502 2.49984418E-3 0 4.32262802E-3 1.69817463E-3
14.892502 2.5002989E-3 2.31606816E-3 5.37993852E-3 1.4602798E-3
14.887501 2.50021834E-3 0 4.32198122E-3 1.37223268E-3
14.882502 2.49960413E-3 0 4.32304339E-3 1.33830239E-3
14.877501 2.50005303E-3 2.31629587E-3 5.38046751E-3 1.32161728E-3
14.872501 2.49996781E-3 4.63274959E-3 6.15764782E-3 1.31234713E-3
14.867502 2.4998812E-3 0 4.32256423E-3 1.30643265E-3
NO NO NO NO NO
15.127501 2.50006933E-3 0 4.3222392E-3 3.99377866E-4
15.122501 2.50006607E-3 0 4.32224479E-3 4.5914654E-4
15.117501 2.50006095E-3 0 4.32225317E-3 5.38215041E-4
15.112501 2.50005443E-3 0 4.32226481E-3 6.21471321E-4
15.107501 2.49949773E-3 2.31681042E-3 5.38166286E-3 7.01300218E-4
15.102502 2.50003673E-3 2.316311E-3 5.38050244E-3 7.76593748E-4
15.097502 2.50002532E-3 0 4.3223151E-3 8.48706579E-4
15.092502 2.50001228E-3 0 4.32233745E-3 9.18737322E-4
15.087502 2.49999762E-3 0 4.32236306E-3 9.87913925E-4
15.082501 2.49998132E-3 2.31636246E-3 5.38062211E-3 1.05760817E-3
15.077502 2.49996339E-3 0 4.3224222E-3 1.129371E-3
15.072501 2.50048959E-3 0 4.3215123E-3 1.20470067E-3
15.067501 2.49992218E-3 0 4.32249298E-3 1.28727616E-3
15.062501 2.49989959E-3 0 4.32253256E-3 1.38102728E-3
15.057502 2.49987515E-3 0 4.32257447E-3 1.49135303E-3
15.052502 2.4998493E-3 0 4.32261964E-3 1.62015844E-3
15.047502 2.50036572E-3 4.63201245E-3 6.15666807E-3 1.76353124E-3
15.042501 2.49979203E-3 2.31653778E-3 5.3810291E-3 1.91602262E-3
15.037501 2.49976129E-3 0 4.32277145E-3 2.07149005E-3
15.032501 2.50027212E-3 0 4.32188855E-3 2.22965213E-3
15.027501 2.50023743E-3 6.94837561E-3 6.80128252E-3 2.39669532E-3
15.022501 2.49965885E-3 2.31666118E-3 5.38131641E-3 2.57971371E-3
15.017502 2.50016362E-3 0 4.32207622E-3 2.78118043E-3
15.012501 2.50012404E-3 2.31622998E-3 5.38031431E-3 3.0043372E-3
15.007501 2.50008306E-3 9.26507171E-3 7.36445747E-3 3.24912649E-3
15.002501 2.49949959E-3 2.31680879E-3 5.38165867E-3 3.51243047E-3
14.997502 2.49999668E-3 6.9490443E-3 6.80193724E-3 3.7827238E-3
14.992501 2.50049098E-3 0 4.32150997E-3 4.05459851E-3
14.987501 2.49990332E-3 2.31643463E-3 5.38078975E-3 4.33377828E-3
14.982501 2.49985442E-3 4.63296007E-3 6.15792722E-3 4.62507829E-3
14.977502 2.4998039E-3 6.94958027E-3 6.80246158E-3 4.92185168E-3
14.972502 2.50029052E-3 0 4.32185642E-3 5.18496474E-3
14.967502 2.49969796E-3 2.31662509E-3 5.38123213E-3 5.35094738E-3
14.962502 2.50018062E-3 0 4.32204641E-3 5.35392016E-3
14.957501 2.50012311E-3 6.94869272E-3 6.80159312E-3 5.18927397E-3
14.952501 2.50006421E-3 4.63257125E-3 6.15741033E-3 4.90098167E-3
14.947501 2.50000367E-3 6.94902521E-3 6.80191815E-3 4.54493426E-3
14.942501 2.4999415E-3 4.63279849E-3 6.15771301E-3 4.1621998E-3
14.937501 2.49987771E-3 0 4.32257028E-3 3.77615704E-3
14.932502 2.49981252E-3 1.15825934E-2 7.87133537E-3 3.39003536E-3
14.927502 2.5002812E-3 6.94825361E-3 6.80116285E-3 2.99439998E-3
14.922502 2.49967701E-3 2.31664418E-3 5.38127683E-3 2.58439477E-3
14.917501 2.50014197E-3 2.31621345E-3 5.38027612E-3 2.1577687E-3
14.912501 2.50006979E-3 4.632561E-3 6.15739683E-3 1.72271265E-3
14.907501 2.49999622E-3 0 4.32236539E-3 1.30206789E-3
14.902501 2.49992101E-3 4.63283667E-3 6.1577633E-3 9.45186941E-4
14.897502 2.49984418E-3 0 4.32262802E-3 7.00231525E-4
14.892502 2.5002989E-3 2.31606816E-3 5.37993852E-3 5.68645482E-4
14.887501 2.50021834E-3 0 4.32198122E-3 5.09084319E-4
14.882502 2.49960413E-3 2.31671194E-3 5.38143422E-3 4.81015071E-4
14.877501 2.50005303E-3 0 4.32226714E-3 4.65058809E-4
14.872501 2.49996781E-3 2.3163748E-3 5.38065098E-3 4.53751039E-4
14.867502 2.4998812E-3 0 4.32256423E-3 4.4377154E-4
NO NO NO NO NO
NO NO NO NO NO
