16.897501 2.50027585E-3 0 4.32188204E-3 2.338224E-4
16.892502 2.49948236E-3 0 4.32325387E-3 2.34959341E-4
16.887503 2.50005955E-3 0 4.32225596E-3 2.35800981E-4
16.882502 2.49994965E-3 2.31639179E-3 5.3806901E-3 2.36576307E-4
16.877502 2.50052288E-3 0 4.32145502E-3 2.3720348E-4
16.872501 2.4997259E-3 0 4.32283292E-3 2.37925793E-4
16.867502 2.5002961E-3 0 4.32184665E-3 2.38516834E-4
16.862501 2.49949773E-3 2.31681066E-3 5.38166333E-3 2.39251865E-4
16.857502 2.5000649E-3 0 4.32224665E-3 2.3987428E-4
16.852503 2.49994732E-3 0 4.32244968E-3 2.40579131E-4
16.847502 2.50051077E-3 0 4.32147551E-3 2.41229238E-4
16.842501 2.49970867E-3 0 4.32286272E-3 2.42013222E-4
16.837502 2.5002691E-3 0 4.32189368E-3 2.42661394E-4
16.832502 2.4994656E-3 0 4.32328321E-3 2.43440256E-4
16.827501 2.50002299E-3 0 4.32231929E-3 2.44094321E-4
16.822502 2.49989796E-3 0 4.32253536E-3 2.44824419E-4
16.817501 2.50045164E-3 0 4.32157796E-3 2.45490635E-4
16.812502 2.49964441E-3 0 4.32297355E-3 2.46290088E-4
16.807503 2.50019506E-3 4.63232864E-3 6.15708856E-3 2.46959506E-4
16.802502 2.5000649E-3 2.31628492E-3 5.38044237E-3 2.47702672E-4
16.797503 2.49993359E-3 2.31640646E-3 5.38072456E-3 2.48452823E-4
16.792501 2.49980134E-3 2.31652916E-3 5.38100954E-3 2.49203062E-4
16.787502 2.500345E-3 6.94807619E-3 6.80098915E-3 2.49874283E-4
16.782501 2.50020972E-3 6.94845244E-3 6.80135749E-3 2.50602432E-4
16.777502 2.49939691E-3 2.31690402E-3 5.38187986E-3 2.51405989E-4
16.772501 2.50061229E-3 0 4.32130042E-3 2.52024533E-4
16.767502 2.49979715E-3 4.63306578E-3 6.15806784E-3 2.52863509E-4
16.762501 2.49965745E-3 2.31666234E-3 5.38131874E-3 2.53637874E-4
16.757502 2.50019156E-3 2.31616758E-3 5.38016949E-3 2.5432749E-4
16.752502 2.50004907E-3 2.31629959E-3 5.38047636E-3 2.55053164E-4
16.747501 2.49990518E-3 6.94929855E-3 6.8021859E-3 2.55751569E-4
16.742502 2.49976036E-3 4.63313423E-3 6.15815865E-3 2.5644683E-4
16.737501 2.50028772E-3 1.15803927E-2 7.86983967E-3 2.57093139E-4
16.732502 2.50013988E-3 0 4.32211673E-3 2.57838139E-4
16.727501 2.4999911E-3 6.94905967E-3 6.80195214E-3 2.58608401E-4
16.722502 2.49984115E-3 4.63298429E-3 6.15795981E-3 2.59389606E-4
16.717501 2.50036176E-3 2.31600972E-3 5.37980301E-3 2.60097499E-4
16.712502 2.49953778E-3 4.63354681E-3 6.1587072E-3 2.60938832E-4
16.707502 2.50005559E-3 0 4.32226295E-3 2.61642737E-4
16.702501 2.49990053E-3 0 4.3225307E-3 2.62423448E-4
16.697502 2.50041438E-3 6.9478834E-3 6.80080056E-3 2.63136317E-4
16.692501 2.4995869E-3 4.63345554E-3 6.15858613E-3 2.6399229E-4
16.687502 2.50009797E-3 4.63250838E-3 6.15732744E-3 2.64716131E-4
16.682503 2.49993801E-3 0 4.32246597E-3 2.65520328E-4
16.677502 2.50044512E-3 0 4.32158913E-3 2.66253453E-4
16.672501 2.49961438E-3 0 4.3230257E-3 2.67121213E-4
16.667501 2.50011869E-3 0 4.32215352E-3 2.67840835E-4
16.662502 2.49995361E-3 0 4.32243897E-3 2.68635136E-4
16.657501 2.49978737E-3 2.31654197E-3 5.38103934E-3 2.6943913E-4
16.652502 2.50028656E-3 0 4.32186341E-3 2.70175922E-4
16.647501 2.50011776E-3 0 4.32215538E-3 2.70976103E-4
16.642502 2.49994756E-3 0 4.32244921E-3 2.71761412E-4
16.637501 2.49977643E-3 0 4.32274537E-3 2.72536941E-4
NO NO NO NO NO
16.897501 2.50027585E-3 0 4.32188204E-3 9.11165916E-5
16.892502 2.49948236E-3 0 4.32325387E-3 9.14719494E-5
16.887503 2.50005955E-3 0 4.32225596E-3 9.17797297E-5
16.882502 2.49994965E-3 0 4.32244595E-3 9.21150131E-5
16.877502 2.50052288E-3 0 4.32145502E-3 9.24252745E-5
16.872501 2.4997259E-3 2.31659901E-3 5.38117206E-3 9.27847577E-5
16.867502 2.5002961E-3 0 4.32184665E-3 9.30931055E-5
16.862501 2.49949773E-3 0 4.3232278E-3 9.34536656E-5
16.857502 2.5000649E-3 0 4.32224665E-3 9.37651275E-5
16.852503 2.49994732E-3 0 4.32244968E-3 9.41025064E-5
16.847502 2.50051077E-3 0 4.32147551E-3 9.44121712E-5
16.842501 2.49970867E-3 0 4.32286272E-3 9.47706794E-5
16.837502 2.5002691E-3 0 4.32189368E-3 9.50769027E-5
16.832502 2.4994656E-3 0 4.32328321E-3 9.54368079E-5
16.827501 2.50002299E-3 0 4.32231929E-3 9.57482698E-5
16.822502 2.49989796E-3 2.31643952E-3 5.38080139E-3 9.60884645E-5
16.817501 2.50045164E-3 0 4.32157796E-3 9.6402604E-5
16.812502 2.49964441E-3 0 4.32297355E-3 9.67676315E-5
16.807503 2.50019506E-3 0 4.32202173E-3 9.70794281E-5
16.802502 2.5000649E-3 0 4.32224665E-3 9.74175055E-5
16.797503 2.49993359E-3 0 4.32247343E-3 9.77564778E-5
16.792501 2.49980134E-3 0 4.32270253E-3 9.80979385E-5
16.787502 2.500345E-3 0 4.32176236E-3 9.84151338E-5
16.782501 2.50020972E-3 0 4.32199612E-3 9.87593594E-5
16.777502 2.49939691E-3 0 4.32340195E-3 9.9131219E-5
16.772501 2.50061229E-3 0 4.32130042E-3 9.94249131E-5
16.767502 2.49979715E-3 0 4.32270952E-3 9.98022952E-5
16.762501 2.49965745E-3 0 4.32295073E-3 1.00159014E-4
16.757502 2.50019156E-3 0 4.32202779E-3 1.00499339E-4
16.752502 2.50004907E-3 4.63259919E-3 6.15744805E-3 1.00877012E-4
16.747501 2.49990518E-3 0 4.32252279E-3 1.01260979E-4
16.742502 2.49976036E-3 0 4.32277285E-3 1.01649617E-4
16.737501 2.50028772E-3 4.63215681E-3 6.15685992E-3 1.02014004E-4
16.732502 2.50013988E-3 4.63243062E-3 6.1572236E-3 1.02405618E-4
16.727501 2.4999911E-3 4.63270629E-3 6.15759054E-3 1.02793143E-4
16.722502 2.49984115E-3 4.63298429E-3 6.15795981E-3 1.03174229E-4
16.717501 2.50036176E-3 6.94802962E-3 6.80094352E-3 1.03519633E-4
16.712502 2.49953778E-3 0 4.32315795E-3 1.03914659E-4
16.707502 2.50005559E-3 0 4.32226295E-3 1.04253188E-4
16.702501 2.49990053E-3 2.3164372E-3 5.3807958E-3 1.04621664E-4
16.697502 2.50041438E-3 0 4.32164222E-3 1.04962455E-4
16.692501 2.4995869E-3 0 4.3230732E-3 1.05359082E-4
16.687502 2.50009797E-3 2.31625419E-3 5.38037112E-3 1.05701016E-4
16.682503 2.49993801E-3 0 4.32246597E-3 1.06073538E-4
16.677502 2.50044512E-3 0 4.32158913E-3 1.06418345E-4
16.672501 2.49961438E-3 0 4.3230257E-3 1.06820124E-4
16.667501 2.50011869E-3 0 4.32215352E-3 1.07166285E-4
16.662502 2.49995361E-3 0 4.32243897E-3 1.07542728E-4
16.657501 2.49978737E-3 0 4.32272628E-3 1.07920867E-4
16.652502 2.50028656E-3 0 4.32186341E-3 1.08272143E-4
16.647501 2.50011776E-3 0 4.32215538E-3 1.08653738E-4
16.642502 2.49994756E-3 0 4.32244921E-3 1.0903678E-4
16.637501 2.49977643E-3 0 4.32274537E-3 1.09422224E-4
NO NO NO NO NO
16.898752 1.24997972E-3 0 8.64485838E-3 1.69825453E-5
16.896252 1.25029613E-3 0 8.6426707E-3 1.70042877E-5
16.893751 1.24992605E-3 0 8.64522904E-3 1.70376006E-5
16.891253 1.2495562E-3 0 8.64778738E-3 1.7070548E-5
16.888752 1.2505576E-3 0 8.640863E-3 1.70837502E-5
16.886251 1.24950195E-3 0 8.64816364E-3 1.71248721E-5
16.883751 1.25050242E-3 0 8.64124391E-3 1.71386419E-5
16.881252 1.24944712E-3 0 8.64854269E-3 1.71810443E-5
16.878752 1.25044677E-3 0 8.64162948E-3 1.71958072E-5
16.876251 1.25007622E-3 0 8.64419062E-3 1.7231634E-5
16.873751 1.24970591E-3 0 8.64675175E-3 1.72724995E-5
16.871252 1.25001988E-3 0 8.64457991E-3 1.73097906E-5
16.868752 1.25033339E-3 0 8.64241272E-3 1.73490498E-5
16.866251 1.24996272E-3 0 8.64497479E-3 1.73957342E-5
16.86375 1.24959229E-3 0 8.64753779E-3 1.74401739E-5
16.861252 1.24990533E-3 0 8.64537247E-3 1.74751822E-5
16.858751 1.2502179E-3 0 8.64321087E-3 1.75117966E-5
16.856253 1.24984712E-3 0 8.64577573E-3 1.75582645E-5
16.853752 1.25015911E-3 0 8.64361692E-3 1.75944369E-5
16.851252 1.24978833E-3 0 8.64618178E-3 1.76407138E-5
16.848751 1.25009986E-3 0 8.6440267E-3 1.76783651E-5
16.846251 1.25041103E-3 0 8.64187628E-3 1.77154197E-5
16.843752 1.24935794E-3 0 8.64916015E-3 1.77697457E-5
16.841251 1.25035073E-3 0 8.64229258E-3 1.77939E-5
16.838751 1.24997948E-3 0 8.64485931E-3 1.78387927E-5
16.836252 1.25028961E-3 0 8.64271447E-3 1.78761493E-5
16.833752 1.24991836E-3 0 8.64528213E-3 1.79242179E-5
16.831251 1.24954723E-3 0 8.64784978E-3 1.79721355E-5
16.828751 1.25053746E-3 0 8.64100177E-3 1.80000898E-5
16.826252 1.24948542E-3 0 8.64827726E-3 1.80573297E-5
16.823751 1.25047483E-3 0 8.64143483E-3 1.8084269E-5
16.821251 1.24942313E-3 0 8.64870939E-3 1.81383239E-5
16.818752 1.25041173E-3 0 8.64187162E-3 1.81598716E-5
16.816252 1.2500399E-3 0 8.64444114E-3 1.81997329E-5
16.813751 1.2496683E-3 0 8.64701252E-3 1.82407512E-5
16.811253 1.24997611E-3 0 8.64488259E-3 1.82730128E-5
16.808752 1.25028344E-3 0 8.64275731E-3 1.83041193E-5
16.806252 1.2499115E-3 0 8.64532962E-3 1.83428674E-5
16.803751 1.25021837E-3 0 8.64320714E-3 1.83709089E-5
16.80125 1.24984642E-3 0 8.64577945E-3 1.84102482E-5
16.798752 1.25015283E-3 0 8.64366069E-3 1.84413439E-5
16.796251 1.24978076E-3 0 8.64623394E-3 1.84827277E-5
16.793751 1.2500867E-3 0 8.64411797E-3 1.85125809E-5
16.791252 1.24971452E-3 0 8.64669215E-3 1.8547109E-5
16.788752 1.25002E-3 0 8.64457898E-3 1.85548997E-5
16.786251 1.250325E-3 0 8.64247046E-3 1.85249228E-5
16.783751 1.24995259E-3 0 8.64504557E-3 1.84452729E-5
16.781252 1.25025713E-3 0 8.64293985E-3 1.82871736E-5
16.778751 1.2498846E-3 0 8.64551589E-3 1.80830411E-5
16.776251 1.24951231E-3 0 8.64809193E-3 1.7847311E-5
16.773752 1.25049253E-3 0 8.64131283E-3 1.75822806E-5
16.771252 1.25011976E-3 0 8.6438898E-3 1.7337572E-5
16.768751 1.249747E-3 0 8.6464677E-3 1.70973508E-5
16.766251 1.25005015E-3 0 8.64437036E-3 1.68543665E-5
16.763752 1.2496775E-3 0 8.64694919E-3 1.66296977E-5
16.761251 1.24998007E-3 0 8.64485558E-3 1.64118337E-5
16.758751 1.25028228E-3 0 8.64276569E-3 1.62263805E-5
16.756252 1.24990928E-3 0 8.64534546E-3 1.61017415E-5
16.753752 1.25021103E-3 0 8.64325836E-3 1.6029273E-5
16.751251 1.24983792E-3 0 8.64583813E-3 1.60145592E-5
16.748751 1.2501392E-3 0 8.64375476E-3 1.6016711E-5
16.746252 1.24976609E-3 0 8.64633638E-3 1.60354175E-5
16.743752 1.25006679E-3 0 8.64425581E-3 1.60491472E-5
16.741251 1.24969357E-3 0 8.64683744E-3 1.60760101E-5
16.738752 1.24999392E-3 0 8.64475965E-3 1.61000571E-5
16.736252 1.2502938E-3 0 8.64268653E-3 1.61341886E-5
16.733751 1.24992023E-3 0 8.64526909E-3 1.61916269E-5
16.731251 1.25021965E-3 0 8.64319876E-3 1.62591332E-5
16.728752 1.24984607E-3 4.63326043E-3 1.07624885E-2 1.6356671E-5
16.726252 1.25014503E-3 0 8.64371471E-3 1.64681878E-5
16.723751 1.24977133E-3 0 8.64629913E-3 1.66124755E-5
16.721252 1.25006982E-3 0 8.64423439E-3 1.67663693E-5
16.718752 1.25036796E-3 0 8.6421743E-3 1.69282976E-5
16.716251 1.24999392E-3 0 8.64475965E-3 1.7096896E-5
16.713751 1.24962011E-3 0 8.64734501E-3 1.72561577E-5
16.711252 1.24991767E-3 4.632995E-3 1.07618719E-2 1.73934823E-5
16.708752 1.25021476E-3 0 8.64323229E-3 1.75149562E-5
16.706251 1.24984072E-3 0 8.6458195E-3 1.76292888E-5
16.703753 1.25013734E-3 0 8.6437678E-3 1.77224647E-5
16.701252 1.24976318E-3 0 8.64635594E-3 1.78204082E-5
16.698751 1.25005934E-3 0 8.64430703E-3 1.79073195E-5
16.696251 1.25035504E-3 0 8.64226278E-3 1.79901963E-5
16.69375 1.24998065E-3 0 8.64485186E-3 1.80750194E-5
16.691252 1.24960637E-3 0 8.64744093E-3 1.81516225E-5
16.688751 1.2499016E-3 0 8.64539854E-3 1.82141466E-5
16.686253 1.25019636E-3 0 8.64335988E-3 1.82755703E-5
16.683752 1.24982174E-3 0 8.64594989E-3 1.8345414E-5
16.681252 1.25011615E-3 0 8.64391495E-3 1.84005912E-5
16.678751 1.25040999E-3 0 8.6418828E-3 1.8448849E-5
16.67625 1.25003513E-3 0 8.64447467E-3 1.85026256E-5
16.673752 1.24966039E-3 0 8.64706654E-3 1.85563513E-5
16.671251 1.24995387E-3 0 8.64503719E-3 1.86010602E-5
16.668751 1.25024677E-3 0 8.64301063E-3 1.86441339E-5
16.666252 1.2498718E-3 0 8.64560436E-3 1.86918369E-5
16.663752 1.25016435E-3 0 8.64358153E-3 1.87243604E-5
16.661251 1.24978926E-3 0 8.64617527E-3 1.87646383E-5
16.658752 1.25008135E-3 0 8.64415523E-3 1.87951664E-5
16.656252 1.24970614E-3 0 8.64674989E-3 1.88354388E-5
16.653751 1.24999776E-3 0 8.64473358E-3 1.8862389E-5
16.651251 1.25028891E-3 0 8.64272006E-3 1.88842187E-5
16.648752 1.24991348E-3 0 8.64531565E-3 1.89130387E-5
16.646252 1.25020416E-3 0 8.64330586E-3 1.89305974E-5
16.643751 1.24982873E-3 0 8.64590239E-3 1.89564198E-5
16.641251 1.25011895E-3 0 8.64389539E-3 1.8966939E-5
16.638752 1.24974339E-3 0 8.64649285E-3 1.89817638E-5
NO NO NO NO NO
16.898752 1.24997972E-3 0 8.64485838E-3 0
16.896252 1.25029613E-3 0 8.6426707E-3 0
16.893751 1.24992605E-3 0 8.64522904E-3 0
16.891253 1.2495562E-3 0 8.64778738E-3 0
16.888752 1.2505576E-3 0 8.640863E-3 0
16.886251 1.24950195E-3 0 8.64816364E-3 0
16.883751 1.25050242E-3 0 8.64124391E-3 0
16.881252 1.24944712E-3 0 8.64854269E-3 0
16.878752 1.25044677E-3 0 8.64162948E-3 0
16.876251 1.25007622E-3 0 8.64419062E-3 0
16.873751 1.24970591E-3 0 8.64675175E-3 0
16.871252 1.25001988E-3 0 8.64457991E-3 0
16.868752 1.25033339E-3 0 8.64241272E-3 0
16.866251 1.24996272E-3 0 8.64497479E-3 0
16.86375 1.24959229E-3 0 8.64753779E-3 0
16.861252 1.24990533E-3 0 8.64537247E-3 0
16.858751 1.2502179E-3 0 8.64321087E-3 0
16.856253 1.24984712E-3 0 8.64577573E-3 0
16.853752 1.25015911E-3 0 8.64361692E-3 0
16.851252 1.24978833E-3 0 8.64618178E-3 0
16.848751 1.25009986E-3 0 8.6440267E-3 0
16.846251 1.25041103E-3 0 8.64187628E-3 0
16.843752 1.24935794E-3 0 8.64916015E-3 0
16.841251 1.25035073E-3 0 8.64229258E-3 0
16.838751 1.24997948E-3 0 8.64485931E-3 0
16.836252 1.25028961E-3 0 8.64271447E-3 0
16.833752 1.24991836E-3 0 8.64528213E-3 0
16.831251 1.24954723E-3 0 8.64784978E-3 0
16.828751 1.25053746E-3 0 8.64100177E-3 0
16.826252 1.24948542E-3 0 8.64827726E-3 0
16.823751 1.25047483E-3 0 8.64143483E-3 0
16.821251 1.24942313E-3 0 8.64870939E-3 0
16.818752 1.25041173E-3 0 8.64187162E-3 0
16.816252 1.2500399E-3 0 8.64444114E-3 0
16.813751 1.2496683E-3 0 8.64701252E-3 0
16.811253 1.24997611E-3 0 8.64488259E-3 0
16.808752 1.25028344E-3 0 8.64275731E-3 0
16.806252 1.2499115E-3 0 8.64532962E-3 0
16.803751 1.25021837E-3 0 8.64320714E-3 0
16.80125 1.24984642E-3 0 8.64577945E-3 0
16.798752 1.25015283E-3 0 8.64366069E-3 0
16.796251 1.24978076E-3 0 8.64623394E-3 0
16.793751 1.2500867E-3 0 8.64411797E-3 0
16.791252 1.24971452E-3 0 8.64669215E-3 0
16.788752 1.25002E-3 0 8.64457898E-3 0
16.786251 1.250325E-3 0 8.64247046E-3 0
16.783751 1.24995259E-3 0 8.64504557E-3 0
16.781252 1.25025713E-3 0 8.64293985E-3 0
16.778751 1.2498846E-3 0 8.64551589E-3 0
16.776251 1.24951231E-3 0 8.64809193E-3 0
16.773752 1.25049253E-3 0 8.64131283E-3 0
16.771252 1.25011976E-3 0 8.6438898E-3 0
16.768751 1.249747E-3 0 8.6464677E-3 0
16.766251 1.25005015E-3 0 8.64437036E-3 0
16.763752 1.2496775E-3 0 8.64694919E-3 0
16.761251 1.24998007E-3 0 8.64485558E-3 0
16.758751 1.25028228E-3 0 8.64276569E-3 0
16.756252 1.24990928E-3 0 8.64534546E-3 0
16.753752 1.25021103E-3 0 8.64325836E-3 0
16.751251 1.24983792E-3 0 8.64583813E-3 0
16.748751 1.2501392E-3 0 8.64375476E-3 0
16.746252 1.24976609E-3 0 8.64633638E-3 0
16.743752 1.25006679E-3 0 8.64425581E-3 0
16.741251 1.24969357E-3 0 8.64683744E-3 0
16.738752 1.24999392E-3 0 8.64475965E-3 0
16.736252 1.2502938E-3 0 8.64268653E-3 0
16.733751 1.24992023E-3 0 8.64526909E-3 0
16.731251 1.25021965E-3 0 8.64319876E-3 0
16.728752 1.24984607E-3 0 8.64578225E-3 0
16.726252 1.25014503E-3 0 8.64371471E-3 0
16.723751 1.24977133E-3 0 8.64629913E-3 0
16.721252 1.25006982E-3 0 8.64423439E-3 0
16.718752 1.25036796E-3 0 8.6421743E-3 0
16.716251 1.24999392E-3 0 8.64475965E-3 0
16.713751 1.24962011E-3 0 8.64734501E-3 0
16.711252 1.24991767E-3 0 8.64528678E-3 0
16.708752 1.25021476E-3 0 8.64323229E-3 0
16.706251 1.24984072E-3 0 8.6458195E-3 0
16.703753 1.25013734E-3 0 8.6437678E-3 0
16.701252 1.24976318E-3 0 8.64635594E-3 0
16.698751 1.25005934E-3 0 8.64430703E-3 0
16.696251 1.25035504E-3 0 8.64226278E-3 0
16.69375 1.24998065E-3 0 8.64485186E-3 0
16.691252 1.24960637E-3 0 8.64744093E-3 0
16.688751 1.2499016E-3 0 8.64539854E-3 0
16.686253 1.25019636E-3 0 8.64335988E-3 0
16.683752 1.24982174E-3 0 8.64594989E-3 0
16.681252 1.25011615E-3 0 8.64391495E-3 0
16.678751 1.25040999E-3 0 8.6418828E-3 0
16.67625 1.25003513E-3 0 8.64447467E-3 0
16.673752 1.24966039E-3 0 8.64706654E-3 0
16.671251 1.24995387E-3 0 8.64503719E-3 0
16.668751 1.25024677E-3 0 8.64301063E-3 0
16.666252 1.2498718E-3 0 8.64560436E-3 0
16.663752 1.25016435E-3 0 8.64358153E-3 0
16.661251 1.24978926E-3 0 8.64617527E-3 0
16.658752 1.25008135E-3 0 8.64415523E-3 0
16.656252 1.24970614E-3 0 8.64674989E-3 0
16.653751 1.24999776E-3 0 8.64473358E-3 0
16.651251 1.25028891E-3 0 8.64272006E-3 0
16.648752 1.24991348E-3 0 8.64531565E-3 0
16.646252 1.25020416E-3 0 8.64330586E-3 0
16.643751 1.24982873E-3 0 8.64590239E-3 0
16.641251 1.25011895E-3 0 8.64389539E-3 0
16.638752 1.24974339E-3 0 8.64649285E-3 0
