7.917501 2.50010751E-3 0 4.32217261E-3 5.42909326E-3
7.9125009 2.4999606E-3 0 4.32242686E-3 5.44854114E-3
7.9075007 2.50010868E-3 4.63248882E-3 6.1573009E-3 5.47909318E-3
7.9025006 2.49995012E-3 2.3163911E-3 5.3806887E-3 5.51063335E-3
7.897501 2.49978621E-3 9.26617254E-3 7.36533199E-3 5.53724077E-3
7.8925009 2.50021555E-3 4.63229045E-3 6.1570378E-3 5.56004653E-3
7.8875008 2.50003953E-3 2.31630844E-3 5.38049685E-3 5.58408676E-3
7.8825006 2.49985792E-3 9.26590711E-3 7.36512104E-3 5.60799986E-3
7.877501 2.49996921E-3 6.94912067E-3 6.80201175E-3 5.63552463E-3
7.8725009 2.50007398E-3 1.38976583E-2 8.33413936E-3 5.66942478E-3
7.8675008 2.49987515E-3 1.85316857E-2 9.16864444E-3 5.70749491E-3
7.8625007 2.50026491E-3 6.94829924E-3 6.80120755E-3 5.74354362E-3
7.8575006 2.4997571E-3 1.15828505E-2 7.87151046E-3 5.77618042E-3
7.8525009 2.50013405E-3 2.08459869E-2 9.54861846E-3 5.79543272E-3
7.8475008 2.4999117E-3 1.62149873E-2 8.7650856E-3 5.79114351E-3
7.8425007 2.49997969E-3 9.26545542E-3 7.36476202E-3 5.74735506E-3
7.837501 2.50004139E-3 1.38978409E-2 8.33424833E-3 5.66916773E-3
7.8325009 2.50009657E-3 1.15812775E-2 7.8704413E-3 5.57430694E-3
7.8275008 2.49985117E-3 2.54813116E-2 1.02569861E-2 5.48218843E-3
7.8225007 2.50018854E-3 2.08455324E-2 9.54840984E-3 5.39996708E-3
7.8175006 2.49993149E-3 9.26563423E-3 7.36490451E-3 5.33113163E-3
NO NO NO NO NO
7.917501 2.50010751E-3 0 4.32217261E-3 6.06851885E-3
7.9125009 2.4999606E-3 2.31638155E-3 5.38066635E-3 6.07951311E-3
7.9075007 2.50010868E-3 9.26497765E-3 7.36438204E-3 6.10926887E-3
7.9025006 2.49995012E-3 1.38983475E-2 8.33455194E-3 6.14498463E-3
7.897501 2.49978621E-3 4.63308627E-3 6.15809485E-3 6.17675949E-3
7.8925009 2.50021555E-3 9.26458091E-3 7.36406725E-3 6.20333385E-3
7.8875008 2.50003953E-3 9.26523376E-3 7.364586E-3 6.23107515E-3
7.8825006 2.49985792E-3 0 4.32260428E-3 6.25858176E-3
7.877501 2.49996921E-3 6.94912067E-3 6.80201175E-3 6.28840271E-3
7.8725009 2.50007398E-3 1.62139349E-2 8.76451749E-3 6.32546702E-3
7.8675008 2.49987515E-3 1.85316857E-2 9.16864444E-3 6.36838563E-3
7.8625007 2.50026491E-3 4.63219965E-3 6.15691626E-3 6.41154312E-3
7.8575006 2.4997571E-3 2.54822709E-2 1.02573726E-2 6.45722216E-3
7.8525009 2.50013405E-3 1.38973249E-2 8.33393913E-3 6.50113355E-3
7.8475008 2.4999117E-3 2.77971216E-2 1.05877249E-2 6.5451758E-3
7.8425007 2.49997969E-3 4.63272771E-3 6.15761848E-3 6.57624425E-3
7.837501 2.50004139E-3 4.63261362E-3 6.15746668E-3 6.58713095E-3
7.8325009 2.50009657E-3 1.62137896E-2 8.76443833E-3 6.57956535E-3
7.8275008 2.49985117E-3 1.62153803E-2 8.76529794E-3 6.56660087E-3
7.8225007 2.50018854E-3 2.77940426E-2 1.05865523E-2 6.55752933E-3
7.8175006 2.49993149E-3 1.62148606E-2 8.76501668E-3 6.55059749E-3
NO NO NO NO NO
7.9187508 1.25014712E-3 4.6321447E-3 1.07598966E-2 2.28976202E-3
7.9162507 1.24996039E-3 0 8.64499155E-3 2.29180208E-3
7.9137506 1.25007425E-3 0 8.64420366E-3 2.29710015E-3
7.9112506 1.24988635E-3 4.63311141E-3 1.0762142E-2 2.30587274E-3
7.9087505 1.24999869E-3 9.26539022E-3 1.23151504E-2 2.3157082E-3
7.9062505 1.25010998E-3 0 8.64395685E-3 2.32573063E-3
7.9037504 1.24992023E-3 0 8.64526909E-3 2.33540288E-3
7.9012508 1.25003001E-3 0 8.64451006E-3 2.34265858E-3
7.8987508 1.24983897E-3 0 8.64583068E-3 2.34861067E-3
7.8962512 1.24994735E-3 0 8.64508189E-3 2.35277507E-3
7.8937511 1.25005457E-3 9.26497579E-3 1.2314599E-2 2.35653156E-3
7.8912506 1.25016097E-3 0 8.64360482E-3 2.36092275E-3
7.8887506 1.24996726E-3 0 8.64494406E-3 2.36733188E-3
7.8862505 1.25007215E-3 0 8.64421856E-3 2.37408164E-3
7.8837504 1.24987727E-3 0 8.64556618E-3 2.38091685E-3
7.8812509 1.24998065E-3 9.26552434E-3 1.23153282E-2 2.38638907E-3
7.8787508 1.25008298E-3 4.63238265E-3 1.07604489E-2 2.39276723E-3
7.8762507 1.24988623E-3 4.63311188E-3 1.07621429E-2 2.40206625E-3
7.8737507 1.24998705E-3 0 8.64480715E-3 2.41205096E-3
7.8712506 1.25008693E-3 9.2647355E-3 1.23142805E-2 2.42094765E-3
7.868751 1.24988833E-3 4.63310396E-3 1.07621243E-2 2.42923968E-3
7.866251 1.2499867E-3 0 8.64480902E-3 2.43804697E-3
7.8637509 1.25008414E-3 9.26475599E-3 1.23143084E-2 2.44850572E-3
7.8612504 1.25018065E-3 4.63202083E-3 1.07596088E-2 2.4590008E-3
7.8587503 1.24997937E-3 4.63276636E-3 1.07613411E-2 2.46900786E-3
7.8562508 1.24977774E-3 4.63351374E-3 1.07630771E-2 2.47860444E-3
7.8537507 1.25016866E-3 0 8.64355173E-3 2.4877619E-3
7.8512506 1.24996551E-3 0 8.64495616E-3 2.49867886E-3
7.8487506 1.25005806E-3 1.38974255E-2 1.36032244E-2 2.50877929E-3
7.8462505 1.24985375E-3 1.3899697E-2 1.36054484E-2 2.51778145E-3
7.843751 1.24994479E-3 9.26578976E-3 1.23156812E-2 2.52365135E-3
7.8412509 1.2500349E-3 0 8.64447653E-3 2.52663088E-3
7.8387508 1.25012407E-3 4.63223038E-3 1.0760095E-2 2.5270679E-3
7.8362508 1.2499172E-3 4.63299686E-3 1.07618757E-2 2.5262984E-3
7.8337507 1.25000498E-3 1.3898016E-2 1.36038028E-2 2.5241361E-3
7.8312507 1.25009171E-3 9.26470105E-3 1.23142339E-2 2.52101291E-3
7.8287506 1.24988297E-3 0 8.64552706E-3 2.51787063E-3
7.826251 1.24996831E-3 2.77968459E-2 1.66691951E-2 2.51523103E-3
7.823751 1.25005259E-3 9.26499069E-3 1.23146186E-2 2.51456862E-3
7.8212504 1.25013606E-3 4.63218614E-3 1.07599925E-2 2.51443125E-3
7.8187504 1.24992477E-3 9.26593784E-3 1.23158786E-2 2.51382915E-3
NO NO NO NO NO
7.9187508 1.25014712E-3 1.38964346E-2 1.36022549E-2 2.17397721E-3
7.9162507 1.24996039E-3 0 8.64499155E-3 2.17708643E-3
7.9137506 1.25007425E-3 0 8.64420366E-3 2.18323106E-3
7.9112506 1.24988635E-3 4.63311141E-3 1.0762142E-2 2.19256198E-3
7.9087505 1.24999869E-3 0 8.64472706E-3 2.20262748E-3
7.9062505 1.25010998E-3 4.63228254E-3 1.0760216E-2 2.21266248E-3
7.9037504 1.24992023E-3 0 8.64526909E-3 2.22242367E-3
7.9012508 1.25003001E-3 0 8.64451006E-3 2.23044306E-3
7.8987508 1.24983897E-3 0 8.64583068E-3 2.23771902E-3
7.8962512 1.24994735E-3 4.63288557E-3 1.07616168E-2 2.24323175E-3
7.8937511 1.25005457E-3 0 8.64433963E-3 2.24796869E-3
7.8912506 1.25016097E-3 4.63209348E-3 1.07597774E-2 2.25283648E-3
7.8887506 1.24996726E-3 0 8.64494406E-3 2.25951523E-3
7.8862505 1.25007215E-3 0 8.64421856E-3 2.26668082E-3
7.8837504 1.24987727E-3 4.63314494E-3 1.07622202E-2 2.27399799E-3
7.8812509 1.24998065E-3 0 8.64485186E-3 2.27969117E-3
7.8787508 1.25008298E-3 0 8.64414405E-3 2.28536432E-3
7.8762507 1.24988623E-3 9.26622376E-3 1.23162577E-2 2.29327218E-3
7.8737507 1.24998705E-3 4.63273795E-3 1.0761275E-2 2.30183941E-3
7.8712506 1.25008693E-3 9.2647355E-3 1.23142805E-2 2.30968092E-3
7.868751 1.24988833E-3 4.63310396E-3 1.07621243E-2 2.3170237E-3
7.866251 1.2499867E-3 0 8.64480902E-3 2.32467824E-3
7.8637509 1.25008414E-3 4.632378E-3 1.07604386E-2 2.3345775E-3
7.8612504 1.25018065E-3 4.63202083E-3 1.07596088E-2 2.34512682E-3
7.8587503 1.24997937E-3 9.26553272E-3 1.23153403E-2 2.35523796E-3
7.8562508 1.24977774E-3 4.63351374E-3 1.07630771E-2 2.36456166E-3
7.8537507 1.25016866E-3 4.63206507E-3 1.07597122E-2 2.37344787E-3
7.8512506 1.24996551E-3 4.63281805E-3 1.07614603E-2 2.38446356E-3
7.8487506 1.25005806E-3 9.26495064E-3 1.23145655E-2 2.39512185E-3
7.8462505 1.24985375E-3 4.63323202E-3 1.07624223E-2 2.40485789E-3
7.843751 1.24994479E-3 1.38986837E-2 1.36044566E-2 2.41140486E-3
7.8412509 1.2500349E-3 0 8.64447653E-3 2.41498603E-3
7.8387508 1.25012407E-3 4.63223038E-3 1.0760095E-2 2.41596578E-3
7.8362508 1.2499172E-3 1.3898991E-2 1.36047574E-2 2.41560629E-3
7.8337507 1.25000498E-3 0 8.64468329E-3 2.413932E-3
7.8312507 1.25009171E-3 0 8.64408351E-3 2.41191546E-3
7.8287506 1.24988297E-3 0 8.64552706E-3 2.41032313E-3
7.826251 1.24996831E-3 0 8.64493754E-3 2.40913453E-3
7.823751 1.25005259E-3 0 8.6443536E-3 2.40901066E-3
7.8212504 1.25013606E-3 4.63218614E-3 1.07599925E-2 2.40857457E-3
7.8187504 1.24992477E-3 4.63296892E-3 1.07618114E-2 2.40739249E-3
