8.4975004 2.50005326E-3 6.9488869E-3 6.80178311E-3 5.88101475E-3
8.4925013 2.49988586E-3 6.9493521E-3 6.80223852E-3 5.90046402E-3
8.4875011 2.50006001E-3 9.26515739E-3 7.36452546E-3 5.9221969E-3
8.482501 2.4998826E-3 4.63290745E-3 6.15785783E-3 5.94657892E-3
8.4775009 2.50004604E-3 6.94890739E-3 6.80180313E-3 5.97134605E-3
8.4725008 2.50020344E-3 9.26462654E-3 7.3641031E-3 5.99703053E-3
8.4675007 2.50001065E-3 9.26533993E-3 7.36467075E-3 6.0226745E-3
8.4625006 2.49981345E-3 1.38991075E-2 8.33500735E-3 6.04421878E-3
8.4575014 2.49995524E-3 9.26554576E-3 7.36483373E-3 6.06112601E-3
8.4525013 2.50009145E-3 4.63252049E-3 6.15734328E-3 6.07784884E-3
8.4475012 2.49987911E-3 9.26582888E-3 7.36505864E-3 6.09677099E-3
8.4425011 2.5000046E-3 1.38980448E-2 8.33437033E-3 6.11414248E-3
8.437501 2.50012451E-3 9.26491898E-3 7.36433594E-3 6.12853188E-3
8.4325008 2.4998968E-3 1.38986437E-2 8.33472982E-3 6.14167284E-3
8.4275007 2.50000623E-3 3.47450897E-2 1.15090264E-2 6.15357328E-3
8.4225006 2.50010984E-3 2.77949199E-2 1.05868857E-2 6.16547652E-3
8.4175005 2.49986723E-3 1.6215276E-2 8.76524206E-3 6.1785006E-3
8.4125013 2.4999606E-3 3.47457267E-2 1.15092369E-2 6.18987996E-3
8.4075012 2.50004791E-3 2.54793055E-2 1.02561787E-2 6.19916944E-3
8.4025011 2.50012986E-3 3.2427147E-2 1.12118544E-2 6.20843191E-3
8.397501 2.49986746E-3 3.24305519E-2 1.12130316E-2 6.22046925E-3
8.3925009 2.50027748E-3 2.54769679E-2 1.0255238E-2 6.23118179E-3
8.3875008 2.5000046E-3 2.3163408E-2 9.91097279E-3 6.24230644E-3
8.3825006 2.4997273E-3 1.85327809E-2 9.16918647E-3 6.25285739E-3
8.3775005 2.50012032E-3 1.6213635E-2 8.76435544E-3 6.2624109E-3
8.3725014 2.49983277E-3 6.94949972E-3 6.80238288E-3 6.27526501E-3
8.3675013 2.50021392E-3 1.38968816E-2 8.33367277E-3 6.28752215E-3
8.3625011 2.49991613E-3 0 4.32250369E-3 6.3007581E-3
8.357501 2.49994989E-3 6.94917468E-3 6.80206437E-3 6.31191209E-3
8.3525009 2.49997806E-3 2.31636548E-3 5.3806291E-3 6.32313918E-3
8.3475008 2.50000064E-3 4.63268859E-3 6.15756679E-3 6.33502938E-3
NO NO NO NO NO
8.4975004 2.50005326E-3 6.9488869E-3 6.80178311E-3 7.19392672E-3
8.4925013 2.49988586E-3 9.2658028E-3 7.36503815E-3 7.20427325E-3
8.4875011 2.50006001E-3 6.94886828E-3 6.80176495E-3 7.2142831E-3
8.482501 2.4998826E-3 6.94936141E-3 6.80224737E-3 7.22581567E-3
8.4775009 2.50004604E-3 9.26520955E-3 7.3645669E-3 7.23656733E-3
8.4725008 2.50020344E-3 6.94846967E-3 6.80137472E-3 7.24730222E-3
8.4675007 2.50001065E-3 1.62143465E-2 8.76473915E-3 7.2588278E-3
8.4625006 2.49981345E-3 1.15825897E-2 7.87133258E-3 7.27018621E-3
8.4575014 2.49995524E-3 6.94915932E-3 6.80204947E-3 7.28039024E-3
8.4525013 2.50009145E-3 1.15813017E-2 7.87045714E-3 7.29021896E-3
8.4475012 2.49987911E-3 1.85316578E-2 9.16862953E-3 7.30060739E-3
8.4425011 2.5000046E-3 1.85307264E-2 9.16816946E-3 7.30975671E-3
8.437501 2.50012451E-3 2.77947579E-2 1.05868243E-2 7.31885945E-3
8.4325008 2.4998968E-3 2.0847965E-2 9.5495237E-3 7.32906768E-3
8.4275007 2.50000623E-3 2.31633931E-2 9.91096627E-3 7.33853085E-3
8.4225006 2.50010984E-3 2.5478676E-2 1.02559254E-2 7.3481896E-3
8.4175005 2.49986723E-3 3.01140845E-2 1.09061617E-2 7.35880574E-3
8.4125013 2.4999606E-3 3.2429345E-2 1.12126144E-2 7.36824889E-3
8.4075012 2.50004791E-3 2.08467059E-2 9.54894722E-3 7.37743359E-3
8.4025011 2.50012986E-3 3.01109198E-2 1.09050162E-2 7.38633703E-3
8.397501 2.49986746E-3 3.70634869E-2 1.17970211E-2 7.39620486E-3
8.3925009 2.50027748E-3 2.31608804E-2 9.90989059E-3 7.40405405E-3
8.3875008 2.5000046E-3 3.01124305E-2 1.09055629E-2 7.41360104E-3
8.3825006 2.4997273E-3 2.54825745E-2 1.02574946E-2 7.4231429E-3
8.3775005 2.50012032E-3 1.15811685E-2 7.8703668E-3 7.43171293E-3
8.3725014 2.49983277E-3 2.08484996E-2 9.54976864E-3 7.44424341E-3
8.3675013 2.50021392E-3 1.85291748E-2 9.16740205E-3 7.45675527E-3
8.3625011 2.49991613E-3 4.63284552E-3 6.15777494E-3 7.47232139E-3
8.357501 2.49994989E-3 9.26556624E-3 7.36485003E-3 7.48691149E-3
8.3525009 2.49997806E-3 6.94909645E-3 6.801988E-3 7.50115234E-3
8.3475008 2.50000064E-3 6.94903312E-3 6.80192607E-3 7.515206E-3
NO NO NO NO NO
8.4987507 1.25004735E-3 4.6325149E-3 1.07607562E-2 2.35202117E-3
8.4962511 1.25000603E-3 0 8.64467584E-3 2.3751806E-3
8.4937506 1.24996423E-3 0 8.64496548E-3 2.40291259E-3
8.491251 1.24992174E-3 4.6329801E-3 1.07618375E-2 2.42909859E-3
8.4887505 1.25022512E-3 0 8.64316151E-3 2.44930084E-3
8.4862509 1.24983501E-3 0 8.64585955E-3 2.46538129E-3
8.4837503 1.25013676E-3 0 8.64377245E-3 2.47658906E-3
8.4812508 1.24974595E-3 0 8.64647515E-3 2.48772814E-3
8.4787512 1.25004607E-3 0 8.64439923E-3 2.49702344E-3
8.4762506 1.24999986E-3 4.63269092E-3 1.07611651E-2 2.50689918E-3
8.4737511 1.24995294E-3 0 8.64504278E-3 2.51632137E-3
8.4712505 1.2502505E-3 0 8.64298549E-3 2.5243829E-3
8.468751 1.24985736E-3 0 8.64570402E-3 2.53345468E-3
8.4662504 1.25015329E-3 0 8.64365697E-3 2.54157232E-3
8.4637508 1.24975957E-3 4.63358127E-3 1.07632335E-2 2.55247741E-3
8.4612513 1.25005399E-3 9.26498044E-3 1.23146055E-2 2.56344839E-3
8.4587507 1.25000323E-3 4.63267788E-3 1.07611353E-2 2.57560983E-3
8.4562511 1.24995213E-3 4.63286787E-3 1.07615758E-2 2.5865538E-3
8.4537506 1.25024375E-3 4.63178707E-3 1.07590659E-2 2.59467168E-3
8.451251 1.2498477E-3 4.63325437E-3 1.07624745E-2 2.60205218E-3
8.4487505 1.25013792E-3 4.63217916E-3 1.07599767E-2 2.60597351E-3
8.4462509 1.24974118E-3 0 8.64650775E-3 2.60968716E-3
8.4437513 1.25002977E-3 0 8.64451192E-3 2.6110108E-3
8.4412508 1.24997483E-3 9.26556718E-3 1.2315386E-2 2.61301594E-3
8.4387512 1.25026144E-3 9.26344283E-3 1.23125613E-2 2.61485251E-3
8.4362507 1.24986295E-3 9.26639605E-3 1.23164877E-2 2.61880062E-3
8.4337511 1.25014805E-3 4.63214144E-3 1.07598891E-2 2.6217897E-3
8.4312506 1.24974886E-3 4.63362131E-3 1.07633267E-2 2.62637576E-3
8.428751 1.25003245E-3 1.38977095E-2 1.36035029E-2 2.62932037E-3
8.4262514 1.24997366E-3 4.63278731E-3 1.07613895E-2 2.63251504E-3
8.4237509 1.25025539E-3 2.31587179E-2 1.57382749E-2 2.63442192E-3
8.4212503 1.24985434E-3 4.63323016E-3 1.07624177E-2 2.6373493E-3
8.4187508 1.25013455E-3 1.38965743E-2 1.36023918E-2 2.63864477E-3
8.4162512 1.2497328E-3 4.63368092E-3 1.07634645E-2 2.6415668E-3
8.4137506 1.2500115E-3 1.38979424E-2 1.36037311E-2 2.64364667E-3
8.4112511 1.24994898E-3 3.70630324E-2 1.83371212E-2 2.64716498E-3
8.4087505 1.25022582E-3 9.26370639E-3 1.23129133E-2 2.65019597E-3
8.406251 1.24982221E-3 4.6333489E-3 1.07626943E-2 2.65426515E-3
8.4037514 1.25009753E-3 4.63232864E-3 1.07603241E-2 2.65620393E-3
8.4012508 1.25003245E-3 1.85302794E-2 1.4729022E-2 2.65834318E-3
8.3987513 1.24996679E-3 4.63281292E-3 1.07614491E-2 2.66034272E-3
8.3962507 1.24990067E-3 1.38991755E-2 1.36049381E-2 2.66269827E-3
8.3937511 1.2501725E-3 9.26410127E-3 1.23134376E-2 2.66498071E-3
8.3912506 1.25010486E-3 9.26460326E-3 1.23141045E-2 2.66855769E-3
8.388751 1.24969846E-3 2.78028473E-2 1.66727938E-2 2.67300452E-3
8.3862505 1.25030614E-3 0 8.64260085E-3 2.67480756E-3
8.3837509 1.24989857E-3 9.26613156E-3 1.23161357E-2 2.67788046E-3
8.3812504 1.24982873E-3 9.26664937E-3 1.23168239E-2 2.67941249E-3
8.3787508 1.25009578E-3 0 8.64405558E-3 2.68005021E-3
8.3762512 1.25002454E-3 1.3897798E-2 1.36035895E-2 2.68207863E-3
8.3737507 1.24995259E-3 9.26573109E-3 1.23156039E-2 2.68534757E-3
8.3712511 1.24988018E-3 4.63313423E-3 1.07621951E-2 2.68974318E-3
8.3687506 1.25014386E-3 0 8.64372309E-3 2.69381749E-3
8.366251 1.25006994E-3 4.63243062E-3 1.07605606E-2 2.69831857E-3
8.3637505 1.24999555E-3 0 8.64474848E-3 2.70236237E-3
8.3612509 1.24992058E-3 0 8.64526629E-3 2.70630769E-3
8.3587503 1.25018088E-3 0 8.64346698E-3 2.70976732E-3
8.3562508 1.24976889E-3 4.63354681E-3 1.07631534E-2 2.71491357E-3
8.3537512 1.2500278E-3 4.63258708E-3 1.07609248E-2 2.71854852E-3
8.3512506 1.24995026E-3 0 8.6450614E-3 2.72266008E-3
8.3487511 1.25020719E-3 0 8.64328444E-3 2.72593112E-3
NO NO NO NO NO
8.4987507 1.25004735E-3 0 8.64439085E-3 2.28335708E-3
8.4962511 1.25000603E-3 0 8.64467584E-3 2.28634081E-3
8.4937506 1.24996423E-3 0 8.64496548E-3 2.28931149E-3
8.491251 1.24992174E-3 4.6329801E-3 1.07618375E-2 2.2923057E-3
8.4887505 1.25022512E-3 9.26371198E-3 1.23129198E-2 2.29465263E-3
8.4862509 1.24983501E-3 9.26660374E-3 1.23167634E-2 2.29824428E-3
8.4837503 1.25013676E-3 0 8.64377245E-3 2.30052578E-3
8.4812508 1.24974595E-3 4.63363202E-3 1.07633518E-2 2.30409065E-3
8.4787512 1.25004607E-3 4.63251909E-3 1.07607665E-2 2.3064143E-3
8.4762506 1.24999986E-3 0 8.64471868E-3 2.30940338E-3
8.4737511 1.24995294E-3 4.63286415E-3 1.07615683E-2 2.31240736E-3
8.4712505 1.2502505E-3 4.63176193E-3 1.07590072E-2 2.31474196E-3
8.468751 1.24985736E-3 4.63321852E-3 1.07623916E-2 2.31832475E-3
8.4662504 1.25015329E-3 0 8.64365697E-3 2.32060323E-3
8.4637508 1.24975957E-3 4.63358127E-3 1.07632335E-2 2.32418813E-3
8.4612513 1.25005399E-3 9.26498044E-3 1.23146055E-2 2.32653809E-3
8.4587507 1.25000323E-3 0 8.64469446E-3 2.32955604E-3
8.4562511 1.24995213E-3 4.63286787E-3 1.07615758E-2 2.33258121E-3
8.4537506 1.25024375E-3 4.63178707E-3 1.07590659E-2 2.33492558E-3
8.451251 1.2498477E-3 1.38997631E-2 1.36055136E-2 2.33852048E-3
8.4487505 1.25013792E-3 0 8.64376407E-3 2.34080874E-3
8.4462509 1.24974118E-3 0 8.64650775E-3 2.34442507E-3
8.4437513 1.25002977E-3 1.38977394E-2 1.36035318E-2 2.34682136E-3
8.4412508 1.24997483E-3 9.26556718E-3 1.2315386E-2 2.34991615E-3
8.4387512 1.25026144E-3 1.38951633E-2 1.36010107E-2 2.35233828E-3
8.4362507 1.24986295E-3 9.26639605E-3 1.23164877E-2 2.35599815E-3
8.4337511 1.25014805E-3 9.26428288E-3 1.23136789E-2 2.35833274E-3
8.4312506 1.24974886E-3 0 8.64645559E-3 2.3619819E-3
8.428751 1.25003245E-3 9.2651397E-3 1.23148179E-2 2.36435654E-3
8.4262514 1.24997366E-3 1.85311493E-2 1.4729714E-2 2.36735307E-3
8.4237509 1.25025539E-3 4.63174377E-3 1.07589653E-2 2.36959686E-3
8.4212503 1.24985434E-3 0 8.64572544E-3 2.37303739E-3
8.4187508 1.25013455E-3 1.38965743E-2 1.36023918E-2 2.37513403E-3
8.4162512 1.2497328E-3 4.63368092E-3 1.07634645E-2 2.3785613E-3
8.4137506 1.2500115E-3 0 8.64463858E-3 2.3807555E-3
8.4112511 1.24994898E-3 1.85315162E-2 1.47300055E-2 2.38365005E-3
8.4087505 1.25022582E-3 1.38955601E-2 1.3601399E-2 2.38587521E-3
8.406251 1.24982221E-3 4.6333489E-3 1.07626943E-2 2.38936883E-3
8.4037514 1.25009753E-3 9.26465727E-3 1.23141771E-2 2.39156E-3
8.4012508 1.25003245E-3 9.2651397E-3 1.23148179E-2 2.39441264E-3
8.3987513 1.24996679E-3 9.26562585E-3 1.23154642E-2 2.39726552E-3
8.3962507 1.24990067E-3 4.63305833E-3 1.07620191E-2 2.40013073E-3
8.3937511 1.2501725E-3 1.38961524E-2 1.36019783E-2 2.40234984E-3
8.3912506 1.25010486E-3 9.26460326E-3 1.23141045E-2 2.40517757E-3
8.388751 1.24969846E-3 0 8.64680391E-3 2.4086528E-3
8.3862505 1.25030614E-3 4.6315561E-3 1.07585285E-2 2.41019554E-3
8.3837509 1.24989857E-3 9.26613156E-3 1.23161357E-2 2.41373735E-3
8.3812504 1.24982873E-3 0 8.64590146E-3 2.41674087E-3
8.3787508 1.25009578E-3 4.63233516E-3 1.0760339E-2 2.41930573E-3
8.3762512 1.25002454E-3 0 8.64454824E-3 2.42274511E-3
8.3737507 1.24995259E-3 0 8.64504557E-3 2.42633349E-3
8.3712511 1.24988018E-3 1.38994027E-2 1.36051597E-2 2.43002805E-3
8.3687506 1.25014386E-3 0 8.64372309E-3 2.43311608E-3
8.366251 1.25006994E-3 0 8.64423346E-3 2.43683881E-3
8.3637505 1.24999555E-3 0 8.64474848E-3 2.44051008E-3
8.3612509 1.24992058E-3 0 8.64526629E-3 2.44417251E-3
8.3587503 1.25018088E-3 0 8.64346698E-3 2.44717277E-3
8.3562508 1.24976889E-3 0 8.6463159E-3 2.45149899E-3
8.3537512 1.2500278E-3 0 8.64452589E-3 2.45452952E-3
8.3512506 1.24995026E-3 0 8.6450614E-3 2.45824945E-3
8.3487511 1.25020719E-3 0 8.64328444E-3 2.46128137E-3
