8.4975004 2.50005326E-3 6.9488869E-3 6.80178311E-3 6.03450881E-3
8.4925013 2.49988586E-3 6.9493521E-3 6.80223852E-3 6.15030108E-3
8.4875011 2.50006001E-3 9.26515739E-3 7.36452546E-3 6.38544187E-3
8.482501 2.4998826E-3 4.63290745E-3 6.15785783E-3 6.81525655E-3
8.4775009 2.50004604E-3 6.94890739E-3 6.80180313E-3 7.43678864E-3
8.4725008 2.50020344E-3 9.26462654E-3 7.3641031E-3 8.1876209E-3
8.4675007 2.50001065E-3 9.26533993E-3 7.36467075E-3 9.03116725E-3
8.4625006 2.49981345E-3 1.38991075E-2 8.33500735E-3 9.97671485E-3
8.4575014 2.49995524E-3 9.26554576E-3 7.36483373E-3 1.10605182E-2
8.4525013 2.50009145E-3 4.63252049E-3 6.15734328E-3 1.23384017E-2
8.4475012 2.49987911E-3 9.26582888E-3 7.36505864E-3 1.3871491E-2
8.4425011 2.5000046E-3 1.38980448E-2 8.33437033E-3 1.56875327E-2
8.437501 2.50012451E-3 9.26491898E-3 7.36433594E-3 1.77284554E-2
8.4325008 2.4998968E-3 1.38986437E-2 8.33472982E-3 1.98294073E-2
8.4275007 2.50000623E-3 3.47450897E-2 1.15090264E-2 2.17987634E-2
8.4225006 2.50010984E-3 2.77949199E-2 1.05868857E-2 2.35326756E-2
8.4175005 2.49986723E-3 1.6215276E-2 8.76524206E-3 2.50073168E-2
8.4125013 2.4999606E-3 3.47457267E-2 1.15092369E-2 2.61892322E-2
8.4075012 2.50004791E-3 2.54793055E-2 1.02561787E-2 2.70077735E-2
8.4025011 2.50012986E-3 3.2427147E-2 1.12118544E-2 2.7193401E-2
8.397501 2.49986746E-3 3.24305519E-2 1.12130316E-2 2.61343569E-2
8.3925009 2.50027748E-3 2.54769679E-2 1.0255238E-2 2.35007815E-2
8.3875008 2.5000046E-3 2.3163408E-2 9.91097279E-3 1.99669376E-2
8.3825006 2.4997273E-3 1.85327809E-2 9.16918647E-3 1.65244453E-2
8.3775005 2.50012032E-3 1.6213635E-2 8.76435544E-3 1.36333313E-2
8.3725014 2.49983277E-3 6.94949972E-3 6.80238288E-3 1.13115516E-2
8.3675013 2.50021392E-3 1.38968816E-2 8.33367277E-3 9.46963299E-3
8.3625011 2.49991613E-3 0 4.32250369E-3 8.08747206E-3
8.357501 2.49994989E-3 6.94917468E-3 6.80206437E-3 7.19682639E-3
8.3525009 2.49997806E-3 2.31636548E-3 5.3806291E-3 6.75539859E-3
8.3475008 2.50000064E-3 4.63268859E-3 6.15756679E-3 6.58570928E-3
NO NO NO NO NO
8.4975004 2.50005326E-3 6.9488869E-3 6.80178311E-3 7.32631702E-3
8.4925013 2.49988586E-3 9.2658028E-3 7.36503815E-3 7.40603125E-3
8.4875011 2.50006001E-3 6.94886828E-3 6.80176495E-3 7.5894217E-3
8.482501 2.4998826E-3 6.94936141E-3 6.80224737E-3 7.97870662E-3
8.4775009 2.50004604E-3 9.26520955E-3 7.3645669E-3 8.6072199E-3
8.4725008 2.50020344E-3 6.94846967E-3 6.80137472E-3 9.41238739E-3
8.4675007 2.50001065E-3 1.62143465E-2 8.76473915E-3 1.03334831E-2
8.4625006 2.49981345E-3 1.15825897E-2 7.87133258E-3 1.13699883E-2
8.4575014 2.49995524E-3 6.94915932E-3 6.80204947E-3 1.25543978E-2
8.4525013 2.50009145E-3 1.15813017E-2 7.87045714E-3 1.39401564E-2
8.4475012 2.49987911E-3 1.85316578E-2 9.16862953E-3 1.56003954E-2
8.4425011 2.5000046E-3 1.85307264E-2 9.16816946E-3 1.75978802E-2
8.437501 2.50012451E-3 2.77947579E-2 1.05868243E-2 1.9920988E-2
8.4325008 2.4998968E-3 2.0847965E-2 9.5495237E-3 2.24143788E-2
8.4275007 2.50000623E-3 2.31633931E-2 9.91096627E-3 2.48399451E-2
8.4225006 2.50010984E-3 2.5478676E-2 1.02559254E-2 2.70357076E-2
8.4175005 2.49986723E-3 3.01140845E-2 1.09061617E-2 2.89479494E-2
8.4125013 2.4999606E-3 3.2429345E-2 1.12126144E-2 3.05586141E-2
8.4075012 2.50004791E-3 2.08467059E-2 9.54894722E-3 3.18362601E-2
8.4025011 2.50012986E-3 3.01109198E-2 1.09050162E-2 3.25507224E-2
8.397501 2.49986746E-3 3.70634869E-2 1.17970211E-2 3.20296735E-2
8.3925009 2.50027748E-3 2.31608804E-2 9.90989059E-3 2.96167415E-2
8.3875008 2.5000046E-3 3.01124305E-2 1.09055629E-2 2.57368591E-2
8.3825006 2.4997273E-3 2.54825745E-2 1.02574946E-2 2.15687286E-2
8.3775005 2.50012032E-3 1.15811685E-2 7.8703668E-3 1.78772882E-2
8.3725014 2.49983277E-3 2.08484996E-2 9.54976864E-3 1.48189226E-2
8.3675013 2.50021392E-3 1.85291748E-2 9.16740205E-3 1.2336581E-2
8.3625011 2.49991613E-3 4.63284552E-3 6.15777494E-3 1.0406537E-2
8.357501 2.49994989E-3 9.26556624E-3 7.36485003E-3 9.06314049E-3
8.3525009 2.49997806E-3 6.94909645E-3 6.801988E-3 8.30549095E-3
8.3475008 2.50000064E-3 6.94903312E-3 6.80192607E-3 7.96243642E-3
NO NO NO NO NO
8.4987507 1.25004735E-3 4.6325149E-3 1.07607562E-2 2.35546287E-3
8.4962511 1.25000603E-3 0 8.64467584E-3 2.37922207E-3
8.4937506 1.24996423E-3 0 8.64496548E-3 2.40798132E-3
8.491251 1.24992174E-3 4.6329801E-3 1.07618375E-2 2.43722927E-3
8.4887505 1.25022512E-3 0 8.64316151E-3 2.46845628E-3
8.4862509 1.24983501E-3 0 8.64585955E-3 2.51661032E-3
8.4837503 1.25013676E-3 0 8.64377245E-3 2.5954661E-3
8.4812508 1.24974595E-3 0 8.64647515E-3 2.71299691E-3
8.4787512 1.25004607E-3 0 8.64439923E-3 2.85604666E-3
8.4762506 1.24999986E-3 4.63269092E-3 1.07611651E-2 3.01309442E-3
8.4737511 1.24995294E-3 0 8.64504278E-3 3.17613524E-3
8.4712505 1.2502505E-3 0 8.64298549E-3 3.34245013E-3
8.468751 1.24985736E-3 0 8.64570402E-3 3.5166489E-3
8.4662504 1.25015329E-3 0 8.64365697E-3 3.69817973E-3
8.4637508 1.24975957E-3 4.63358127E-3 1.07632335E-2 3.89458309E-3
8.4612513 1.25005399E-3 9.26498044E-3 1.23146055E-2 4.10413323E-3
8.4587507 1.25000323E-3 4.63267788E-3 1.07611353E-2 4.33095172E-3
8.4562511 1.24995213E-3 4.63286787E-3 1.07615758E-2 4.57393844E-3
8.4537506 1.25024375E-3 4.63178707E-3 1.07590659E-2 4.83335415E-3
8.451251 1.2498477E-3 4.63325437E-3 1.07624745E-2 5.1167761E-3
8.4487505 1.25013792E-3 4.63217916E-3 1.07599767E-2 5.42358775E-3
8.4462509 1.24974118E-3 0 8.64650775E-3 5.76621294E-3
8.4437513 1.25002977E-3 0 8.64451192E-3 6.14647986E-3
8.4412508 1.24997483E-3 9.26556718E-3 1.2315386E-2 6.5753595E-3
8.4387512 1.25026144E-3 9.26344283E-3 1.23125613E-2 7.04722386E-3
8.4362507 1.24986295E-3 9.26639605E-3 1.23164877E-2 7.55398115E-3
8.4337511 1.25014805E-3 4.63214144E-3 1.07598891E-2 8.06590915E-3
8.4312506 1.24974886E-3 4.63362131E-3 1.07633267E-2 8.57061986E-3
8.428751 1.25003245E-3 1.38977095E-2 1.36035029E-2 9.04450752E-3
8.4262514 1.24997366E-3 4.63278731E-3 1.07613895E-2 9.48749203E-3
8.4237509 1.25025539E-3 2.31587179E-2 1.57382749E-2 9.89295077E-3
8.4212503 1.24985434E-3 4.63323016E-3 1.07624177E-2 1.02708926E-2
8.4187508 1.25013455E-3 1.38965743E-2 1.36023918E-2 1.06136147E-2
8.4162512 1.2497328E-3 4.63368092E-3 1.07634645E-2 1.09367725E-2
8.4137506 1.2500115E-3 1.38979424E-2 1.36037311E-2 1.12330345E-2
8.4112511 1.24994898E-3 3.70630324E-2 1.83371212E-2 1.15142912E-2
8.4087505 1.25022582E-3 9.26370639E-3 1.23129133E-2 1.17742913E-2
8.406251 1.24982221E-3 4.6333489E-3 1.07626943E-2 1.20207975E-2
8.4037514 1.25009753E-3 4.63232864E-3 1.07603241E-2 1.22348405E-2
8.4012508 1.25003245E-3 1.85302794E-2 1.4729022E-2 1.23974932E-2
8.3987513 1.24996679E-3 4.63281292E-3 1.07614491E-2 1.24154575E-2
8.3962507 1.24990067E-3 1.38991755E-2 1.36049381E-2 1.21456711E-2
8.3937511 1.2501725E-3 9.26410127E-3 1.23134376E-2 1.15080224E-2
8.3912506 1.25010486E-3 9.26460326E-3 1.23141045E-2 1.05930055E-2
8.388751 1.24969846E-3 2.78028473E-2 1.66727938E-2 9.58279427E-3
8.3862505 1.25030614E-3 0 8.64260085E-3 8.60365946E-3
8.3837509 1.24989857E-3 9.26613156E-3 1.23161357E-2 7.72858178E-3
8.3812504 1.24982873E-3 9.26664937E-3 1.23168239E-2 6.95517799E-3
8.3787508 1.25009578E-3 0 8.64405558E-3 6.27261167E-3
8.3762512 1.25002454E-3 1.3897798E-2 1.36035895E-2 5.67155285E-3
8.3737507 1.24995259E-3 9.26573109E-3 1.23156039E-2 5.13880793E-3
8.3712511 1.24988018E-3 4.63313423E-3 1.07621951E-2 4.66392701E-3
8.3687506 1.25014386E-3 0 8.64372309E-3 4.23632888E-3
8.366251 1.25006994E-3 4.63243062E-3 1.07605606E-2 3.85143282E-3
8.3637505 1.24999555E-3 0 8.64474848E-3 3.50658153E-3
8.3612509 1.24992058E-3 0 8.64526629E-3 3.21136019E-3
8.3587503 1.25018088E-3 0 8.64346698E-3 2.98488955E-3
8.3562508 1.24976889E-3 4.63354681E-3 1.07631534E-2 2.84274528E-3
8.3537512 1.2500278E-3 4.63258708E-3 1.07609248E-2 2.77144671E-3
8.3512506 1.24995026E-3 0 8.6450614E-3 2.74525816E-3
8.3487511 1.25020719E-3 0 8.64328444E-3 2.73833936E-3
NO NO NO NO NO
8.4987507 1.25004735E-3 0 8.64439085E-3 2.28675338E-3
8.4962511 1.25000603E-3 0 8.64467584E-3 2.29041534E-3
8.4937506 1.24996423E-3 0 8.64496548E-3 2.29473179E-3
8.491251 1.24992174E-3 4.6329801E-3 1.07618375E-2 2.30191695E-3
8.4887505 1.25022512E-3 9.26371198E-3 1.23129198E-2 2.31734011E-3
8.4862509 1.24983501E-3 9.26660374E-3 1.23167634E-2 2.35400163E-3
8.4837503 1.25013676E-3 0 8.64377245E-3 2.42202543E-3
8.4812508 1.24974595E-3 4.63363202E-3 1.07633518E-2 2.52671191E-3
8.4787512 1.25004607E-3 4.63251909E-3 1.07607665E-2 2.65485002E-3
8.4762506 1.24999986E-3 0 8.64471868E-3 2.79469485E-3
8.4737511 1.24995294E-3 4.63286415E-3 1.07615683E-2 2.93868245E-3
8.4712505 1.2502505E-3 4.63176193E-3 1.07590072E-2 3.08559742E-3
8.468751 1.24985736E-3 4.63321852E-3 1.07623916E-2 3.23969661E-3
8.4662504 1.25015329E-3 0 8.64365697E-3 3.39937164E-3
8.4637508 1.24975957E-3 4.63358127E-3 1.07632335E-2 3.57020833E-3
8.4612513 1.25005399E-3 9.26498044E-3 1.23146055E-2 3.75033123E-3
8.4587507 1.25000323E-3 0 8.64469446E-3 3.9448333E-3
8.4562511 1.24995213E-3 4.63286787E-3 1.07615758E-2 4.15523257E-3
8.4537506 1.25024375E-3 4.63178707E-3 1.07590659E-2 4.38329158E-3
8.451251 1.2498477E-3 1.38997631E-2 1.36055136E-2 4.63640969E-3
8.4487505 1.25013792E-3 0 8.64376407E-3 4.91436897E-3
8.4462509 1.24974118E-3 0 8.64650775E-3 5.22825122E-3
8.4437513 1.25002977E-3 1.38977394E-2 1.36035318E-2 5.57824038E-3
8.4412508 1.24997483E-3 9.26556718E-3 1.2315386E-2 5.97168226E-3
8.4387512 1.25026144E-3 1.38951633E-2 1.36010107E-2 6.40132744E-3
8.4362507 1.24986295E-3 9.26639605E-3 1.23164877E-2 6.85910741E-3
8.4337511 1.25014805E-3 9.26428288E-3 1.23136789E-2 7.31840264E-3
8.4312506 1.24974886E-3 0 8.64645559E-3 7.76901469E-3
8.428751 1.25003245E-3 9.2651397E-3 1.23148179E-2 8.19109101E-3
8.4262514 1.24997366E-3 1.85311493E-2 1.4729714E-2 8.58609658E-3
8.4237509 1.25025539E-3 4.63174377E-3 1.07589653E-2 8.94873962E-3
8.4212503 1.24985434E-3 0 8.64572544E-3 9.28800739E-3
8.4187508 1.25013455E-3 1.38965743E-2 1.36023918E-2 9.5964754E-3
8.4162512 1.2497328E-3 4.63368092E-3 1.07634645E-2 9.88723151E-3
8.4137506 1.2500115E-3 0 8.64463858E-3 1.01520782E-2
8.4112511 1.24994898E-3 1.85315162E-2 1.47300055E-2 1.04010757E-2
8.4087505 1.25022582E-3 1.38955601E-2 1.3601399E-2 1.06298961E-2
8.406251 1.24982221E-3 4.6333489E-3 1.07626943E-2 1.08472472E-2
8.4037514 1.25009753E-3 9.26465727E-3 1.23141771E-2 1.10333897E-2
8.4012508 1.25003245E-3 9.2651397E-3 1.23148179E-2 1.11618144E-2
8.3987513 1.24996679E-3 9.26562585E-3 1.23154642E-2 1.11516509E-2
8.3962507 1.24990067E-3 4.63305833E-3 1.07620191E-2 1.08820777E-2
8.3937511 1.2501725E-3 1.38961524E-2 1.36019783E-2 1.02838008E-2
8.3912506 1.25010486E-3 9.26460326E-3 1.23141045E-2 9.43755824E-3
8.388751 1.24969846E-3 0 8.64680391E-3 8.51189625E-3
8.3862505 1.25030614E-3 4.6315561E-3 1.07585285E-2 7.63161015E-3
8.3837509 1.24989857E-3 9.26613156E-3 1.23161357E-2 6.8564536E-3
8.3812504 1.24982873E-3 0 8.64590146E-3 6.17554737E-3
8.3787508 1.25009578E-3 4.63233516E-3 1.0760339E-2 5.57553442E-3
8.3762512 1.25002454E-3 0 8.64454824E-3 5.04618045E-3
8.3737507 1.24995259E-3 0 8.64504557E-3 4.57477337E-3
8.3712511 1.24988018E-3 1.38994027E-2 1.36051597E-2 4.15254897E-3
8.3687506 1.25014386E-3 0 8.64372309E-3 3.7715775E-3
8.366251 1.25006994E-3 0 8.64423346E-3 3.42944334E-3
8.3637505 1.24999555E-3 0 8.64474848E-3 3.12547851E-3
8.3612509 1.24992058E-3 0 8.64526629E-3 2.86768633E-3
8.3587503 1.25018088E-3 0 8.64346698E-3 2.67151021E-3
8.3562508 1.24976889E-3 0 8.6463159E-3 2.55030254E-3
8.3537512 1.2500278E-3 0 8.64452589E-3 2.49226647E-3
8.3512506 1.24995026E-3 0 8.6450614E-3 2.47400929E-3
8.3487511 1.25020719E-3 0 8.64328444E-3 2.47065164E-3
