7.917501 2.50010751E-3 0 4.32217261E-3 1.53746543E-4
7.9125009 2.4999606E-3 0 4.32242686E-3 2.90700962E-4
7.9075007 2.50010868E-3 4.63248882E-3 6.1573009E-3 5.53010905E-4
7.9025006 2.49995012E-3 2.3163911E-3 5.3806887E-3 9.39025835E-4
7.897501 2.49978621E-3 9.26617254E-3 7.36533199E-3 1.40506076E-3
7.8925009 2.50021555E-3 4.63229045E-3 6.1570378E-3 1.92722166E-3
7.8875008 2.50003953E-3 2.31630844E-3 5.38049685E-3 2.51509063E-3
7.8825006 2.49985792E-3 9.26590711E-3 7.36512104E-3 3.18787899E-3
7.877501 2.49996921E-3 6.94912067E-3 6.80201175E-3 3.96438083E-3
7.8725009 2.50007398E-3 1.38976583E-2 8.33413936E-3 4.83868737E-3
7.8675008 2.49987515E-3 1.85316857E-2 9.16864444E-3 5.75989811E-3
7.8625007 2.50026491E-3 6.94829924E-3 6.80120755E-3 6.6482923E-3
7.8575006 2.4997571E-3 1.15828505E-2 7.87151046E-3 7.44873239E-3
7.8525009 2.50013405E-3 2.08459869E-2 9.54861846E-3 8.13060626E-3
7.8475008 2.4999117E-3 1.62149873E-2 8.7650856E-3 8.67807679E-3
7.8425007 2.49997969E-3 9.26545542E-3 7.36476202E-3 9.06663854E-3
7.837501 2.50004139E-3 1.38978409E-2 8.33424833E-3 9.28783324E-3
7.8325009 2.50009657E-3 1.15812775E-2 7.8704413E-3 9.32458509E-3
7.8275008 2.49985117E-3 2.54813116E-2 1.02569861E-2 9.06329136E-3
7.8225007 2.50018854E-3 2.08455324E-2 9.54840984E-3 8.24613869E-3
7.8175006 2.49993149E-3 9.26563423E-3 7.36490451E-3 6.82204263E-3
NO NO NO NO NO
7.917501 2.50010751E-3 0 4.32217261E-3 1.16210009E-4
7.9125009 2.4999606E-3 2.31638155E-3 5.38066635E-3 2.21945986E-4
7.9075007 2.50010868E-3 9.26497765E-3 7.36438204E-3 4.52996348E-4
7.9025006 2.49995012E-3 1.38983475E-2 8.33455194E-3 8.28714867E-4
7.897501 2.49978621E-3 4.63308627E-3 6.15809485E-3 1.30805129E-3
7.8925009 2.50021555E-3 9.26458091E-3 7.36406725E-3 1.85428036E-3
7.8875008 2.50003953E-3 9.26523376E-3 7.364586E-3 2.47052847E-3
7.8825006 2.49985792E-3 0 4.32260428E-3 3.17599182E-3
7.877501 2.49996921E-3 6.94912067E-3 6.80201175E-3 3.99500271E-3
7.8725009 2.50007398E-3 1.62139349E-2 8.76451749E-3 4.93538566E-3
7.8675008 2.49987515E-3 1.85316857E-2 9.16864444E-3 5.95663907E-3
7.8625007 2.50026491E-3 4.63219965E-3 6.15691626E-3 6.97586546E-3
7.8575006 2.4997571E-3 2.54822709E-2 1.02573726E-2 7.92611018E-3
7.8525009 2.50013405E-3 1.38973249E-2 8.33393913E-3 8.77359882E-3
7.8475008 2.4999117E-3 2.77971216E-2 1.05877249E-2 9.517706E-3
7.8425007 2.49997969E-3 4.63272771E-3 6.15761848E-3 1.01444228E-2
7.837501 2.50004139E-3 4.63261362E-3 6.15746668E-3 1.06401518E-2
7.8325009 2.50009657E-3 1.62137896E-2 8.76443833E-3 1.09747984E-2
7.8275008 2.49985117E-3 1.62153803E-2 8.76529794E-3 1.10273091E-2
7.8225007 2.50018854E-3 2.77940426E-2 1.05865523E-2 1.04796169E-2
7.8175006 2.49993149E-3 1.62148606E-2 8.76501668E-3 9.11166891E-3
NO NO NO NO NO
7.9187508 1.25014712E-3 4.6321447E-3 1.07598966E-2 3.33295156E-6
7.9162507 1.24996039E-3 0 8.64499155E-3 5.43055194E-6
7.9137506 1.25007425E-3 0 8.64420366E-3 1.29752616E-5
7.9112506 1.24988635E-3 4.63311141E-3 1.0762142E-2 3.49159709E-5
7.9087505 1.24999869E-3 9.26539022E-3 1.23151504E-2 8.10160273E-5
7.9062505 1.25010998E-3 0 8.64395685E-3 1.52854162E-4
7.9037504 1.24992023E-3 0 8.64526909E-3 2.42362861E-4
7.9012508 1.25003001E-3 0 8.64451006E-3 3.39660997E-4
7.8987508 1.24983897E-3 0 8.64583068E-3 4.40357719E-4
7.8962512 1.24994735E-3 0 8.64508189E-3 5.43423812E-4
7.8937511 1.25005457E-3 9.26497579E-3 1.2314599E-2 6.50152972E-4
7.8912506 1.25016097E-3 0 8.64360482E-3 7.62277166E-4
7.8887506 1.24996726E-3 0 8.64494406E-3 8.81722372E-4
7.8862505 1.25007215E-3 0 8.64421856E-3 1.00938219E-3
7.8837504 1.24987727E-3 0 8.64556618E-3 1.14683365E-3
7.8812509 1.24998065E-3 9.26552434E-3 1.23153282E-2 1.29546435E-3
7.8787508 1.25008298E-3 4.63238265E-3 1.07604489E-2 1.45878852E-3
7.8762507 1.24988623E-3 4.63311188E-3 1.07621429E-2 1.64020492E-3
7.8737507 1.24998705E-3 0 8.64480715E-3 1.8387452E-3
7.8712506 1.25008693E-3 9.2647355E-3 1.23142805E-2 2.05042074E-3
7.868751 1.24988833E-3 4.63310396E-3 1.07621243E-2 2.26959446E-3
7.866251 1.2499867E-3 0 8.64480902E-3 2.48932838E-3
7.8637509 1.25008414E-3 9.26475599E-3 1.23143084E-2 2.70377845E-3
7.8612504 1.25018065E-3 4.63202083E-3 1.07596088E-2 2.90703634E-3
7.8587503 1.24997937E-3 4.63276636E-3 1.07613411E-2 3.09707061E-3
7.8562508 1.24977774E-3 4.63351374E-3 1.07630771E-2 3.27409711E-3
7.8537507 1.25016866E-3 0 8.64355173E-3 3.43866087E-3
7.8512506 1.24996551E-3 0 8.64495616E-3 3.59473331E-3
7.8487506 1.25005806E-3 1.38974255E-2 1.36032244E-2 3.73969995E-3
7.8462505 1.24985375E-3 1.3899697E-2 1.36054484E-2 3.87400738E-3
7.843751 1.24994479E-3 9.26578976E-3 1.23156812E-2 3.99525836E-3
7.8412509 1.2500349E-3 0 8.64447653E-3 4.10431297E-3
7.8387508 1.25012407E-3 4.63223038E-3 1.0760095E-2 4.20214981E-3
7.8362508 1.2499172E-3 4.63299686E-3 1.07618757E-2 4.29143291E-3
7.8337507 1.25000498E-3 1.3898016E-2 1.36038028E-2 4.37208265E-3
7.8312507 1.25009171E-3 9.26470105E-3 1.23142339E-2 4.44399705E-3
7.8287506 1.24988297E-3 0 8.64552706E-3 4.502506E-3
7.826251 1.24996831E-3 2.77968459E-2 1.66691951E-2 4.52338764E-3
7.823751 1.25005259E-3 9.26499069E-3 1.23146186E-2 4.45297174E-3
7.8212504 1.25013606E-3 4.63218614E-3 1.07599925E-2 4.22826316E-3
7.8187504 1.24992477E-3 9.26593784E-3 1.23158786E-2 3.84418364E-3
NO NO NO NO NO
7.9187508 1.25014712E-3 1.38964346E-2 1.36022549E-2 3.75492277E-6
7.9162507 1.24996039E-3 0 8.64499155E-3 6.7214346E-6
7.9137506 1.25007425E-3 0 8.64420366E-3 1.59476676E-5
7.9112506 1.24988635E-3 4.63311141E-3 1.0762142E-2 3.92283146E-5
7.9087505 1.24999869E-3 0 8.64472706E-3 8.54087702E-5
7.9062505 1.25010998E-3 4.63228254E-3 1.0760216E-2 1.56015114E-4
7.9037504 1.24992023E-3 0 8.64526909E-3 2.43402654E-4
7.9012508 1.25003001E-3 0 8.64451006E-3 3.37707694E-4
7.8987508 1.24983897E-3 0 8.64583068E-3 4.34496091E-4
7.8962512 1.24994735E-3 4.63288557E-3 1.07616168E-2 5.33531653E-4
7.8937511 1.25005457E-3 0 8.64433963E-3 6.362563E-4
7.8912506 1.25016097E-3 4.63209348E-3 1.07597774E-2 7.44288554E-4
7.8887506 1.24996726E-3 0 8.64494406E-3 8.59559339E-4
7.8862505 1.25007215E-3 0 8.64421856E-3 9.83011909E-4
7.8837504 1.24987727E-3 4.63314494E-3 1.07622202E-2 1.11614959E-3
7.8812509 1.24998065E-3 0 8.64485186E-3 1.26013707E-3
7.8787508 1.25008298E-3 0 8.64414405E-3 1.41786528E-3
7.8762507 1.24988623E-3 9.26622376E-3 1.23162577E-2 1.59240724E-3
7.8737507 1.24998705E-3 4.63273795E-3 1.0761275E-2 1.78285746E-3
7.8712506 1.25008693E-3 9.2647355E-3 1.23142805E-2 1.98540045E-3
7.868751 1.24988833E-3 4.63310396E-3 1.07621243E-2 2.19436828E-3
7.866251 1.2499867E-3 0 8.64480902E-3 2.40285019E-3
7.8637509 1.25008414E-3 4.632378E-3 1.07604386E-2 2.60619982E-3
7.8612504 1.25018065E-3 4.63202083E-3 1.07596088E-2 2.7990425E-3
7.8587503 1.24997937E-3 9.26553272E-3 1.23153403E-2 2.97915284E-3
7.8562508 1.24977774E-3 4.63351374E-3 1.07630771E-2 3.1464342E-3
7.8537507 1.25016866E-3 4.63206507E-3 1.07597122E-2 3.3019674E-3
7.8512506 1.24996551E-3 4.63281805E-3 1.07614603E-2 3.45018599E-3
7.8487506 1.25005806E-3 9.26495064E-3 1.23145655E-2 3.58862313E-3
7.8462505 1.24985375E-3 4.63323202E-3 1.07624223E-2 3.71726393E-3
7.843751 1.24994479E-3 1.38986837E-2 1.36044566E-2 3.83330882E-3
7.8412509 1.2500349E-3 0 8.64447653E-3 3.93753359E-3
7.8387508 1.25012407E-3 4.63223038E-3 1.0760095E-2 4.03087167E-3
7.8362508 1.2499172E-3 1.3898991E-2 1.36047574E-2 4.11572726E-3
7.8337507 1.25000498E-3 0 8.64468329E-3 4.19220468E-3
7.8312507 1.25009171E-3 0 8.64408351E-3 4.26028622E-3
7.8287506 1.24988297E-3 0 8.64552706E-3 4.31210361E-3
7.826251 1.24996831E-3 0 8.64493754E-3 4.32093628E-3
7.823751 1.25005259E-3 0 8.6443536E-3 4.2390083E-3
7.8212504 1.25013606E-3 4.63218614E-3 1.07599925E-2 4.00947873E-3
7.8187504 1.24992477E-3 4.63296892E-3 1.07618114E-2 3.62865138E-3
