9.397501 2.50023045E-3 6.9483947E-3 6.80130115E-3 1.38326475E-4
9.3925009 2.49969121E-3 9.26652551E-3 7.36561231E-3 2.28099772E-4
9.3875008 2.49999622E-3 2.31634849E-3 5.38058998E-3 4.36025235E-4
9.3825006 2.5002961E-3 6.94821216E-3 6.80112233E-3 8.37370928E-4
9.3775005 2.49974569E-3 2.31658062E-3 5.38112922E-3 1.41313416E-3
9.3725014 2.50003696E-3 6.94893254E-3 6.80182735E-3 2.05653836E-3
9.3675013 2.49990146E-3 9.26574599E-3 7.36499252E-3 2.68818089E-3
9.3625011 2.50018318E-3 9.26470105E-3 7.36416271E-3 3.28751002E-3
9.357501 2.50003906E-3 2.31630891E-3 5.38049778E-3 3.86020541E-3
9.3525009 2.49989121E-3 1.38986753E-2 8.33474845E-3 4.41747578E-3
9.3475008 2.5001592E-3 2.31619738E-3 5.38023887E-3 4.97075962E-3
9.3425007 2.50000274E-3 9.26536974E-3 7.36469403E-3 5.52898925E-3
9.3375006 2.49984255E-3 1.15824547E-2 7.87124131E-3 6.09337864E-3
9.3325005 2.50009703E-3 1.38975307E-2 8.33406206E-3 6.65678363E-3
9.3275003 2.49992847E-3 2.31641135E-3 5.38073573E-3 7.20707001E-3
9.3225002 2.50017364E-3 1.38971051E-2 8.33380688E-3 7.72835687E-3
9.3175001 2.49999645E-3 9.26539302E-3 7.36471219E-3 8.2193017E-3
9.312501 2.49981578E-3 1.62156112E-2 8.76542274E-3 8.68610013E-3
9.3075008 2.50004744E-3 1.15815056E-2 7.8705959E-3 9.14966688E-3
9.3025007 2.49985815E-3 1.38988588E-2 8.33485834E-3 9.65579879E-3
9.2975006 2.50008074E-3 1.85301621E-2 9.16789006E-3 1.02339871E-2
9.2925014 2.4998833E-3 2.08480787E-2 9.54957586E-3 1.08606694E-2
9.2875013 2.50009657E-3 2.31625568E-2 9.91060771E-3 1.1429281E-2
9.2825012 2.49989075E-3 1.62151232E-2 8.76516011E-3 1.18207391E-2
9.2775011 2.50009494E-3 1.38975428E-2 8.33406951E-3 1.20210759E-2
9.272501 2.49988073E-3 1.62151884E-2 8.76519457E-3 1.21625913E-2
9.2675009 2.50007585E-3 2.08464731E-2 9.54884011E-3 1.23780556E-2
9.2625008 2.50026584E-3 3.01092844E-2 1.0904423E-2 1.27520123E-2
9.2575006 2.49962718E-3 1.39001422E-2 8.33562855E-3 1.33593502E-2
9.2525015 2.50022043E-3 3.01098302E-2 1.09046213E-2 1.42734451E-2
9.2475004 2.49998551E-3 1.3898151E-2 8.33443366E-3 1.56409256E-2
9.2425003 2.50015757E-3 2.77943891E-2 1.05866836E-2 1.76659971E-2
9.2375002 2.4999145E-3 2.77970918E-2 1.05877127E-2 2.04706024E-2
9.232501 2.50007748E-3 3.01115531E-2 1.09052453E-2 2.38484815E-2
9.2275009 2.49982625E-3 5.32796383E-2 1.36057604E-2 2.74326205E-2
9.2225008 2.49998039E-3 5.09599932E-2 1.33647127E-2 3.09768002E-2
9.2175007 2.5001294E-3 1.85298007E-2 9.16771218E-3 3.4406051E-2
9.2125006 2.49986583E-3 3.47470418E-2 1.15096727E-2 3.76416147E-2
9.2075014 2.500006E-3 5.09594679E-2 1.33645749E-2 4.02657166E-2
9.2025003 2.50014127E-3 4.8640497E-2 1.31183174E-2 4.14881557E-2
9.1975012 2.49986537E-3 4.16964553E-2 1.23470789E-2 4.11456749E-2
9.1925011 2.4999918E-3 3.24289352E-2 1.12124737E-2 4.03080732E-2
9.187501 2.50011357E-3 5.55897579E-2 1.38393873E-2 4.01726067E-2
9.1825008 2.49982532E-3 1.62155498E-2 8.76538921E-3 4.1036278E-2
9.1775007 2.49993801E-3 5.09608537E-2 1.33649381E-2 4.26182076E-2
9.1725016 2.50004628E-3 5.09586483E-2 1.33643607E-2 4.46249284E-2
9.1675005 2.50014942E-3 6.25375807E-2 1.4517582E-2 4.68652509E-2
9.1625013 2.49984465E-3 5.5595737E-2 1.38408765E-2 4.92239818E-2
9.1575012 2.49993918E-3 7.64412507E-2 1.5773477E-2 5.149322E-2
9.1525011 2.50002882E-3 6.94895461E-2 1.51609238E-2 5.33357821E-2
9.147501 2.50011403E-3 5.095727E-2 1.33639984E-2 5.41316904E-2
9.1425009 2.50019436E-3 3.70586403E-2 1.17954789E-2 5.2639056E-2
9.1375008 2.49986863E-3 4.63293344E-2 1.28684752E-2 4.7671482E-2
9.1325006 2.49994034E-3 3.93788069E-2 1.20755676E-2 3.98274437E-2
9.1275005 2.50000716E-3 4.40104268E-2 1.26103703E-2 3.12574506E-2
9.1225004 2.50006956E-3 2.77953669E-2 1.05870562E-2 2.34998222E-2
9.1175003 2.50012707E-3 2.08460465E-2 9.54864454E-3 1.6901413E-2
9.1125011 2.49978085E-3 1.38992881E-2 8.33511632E-3 1.139169E-2
9.107501 2.50022858E-3 9.26453341E-3 7.36402906E-3 6.9354251E-3
9.1025009 2.49987398E-3 1.8531695E-2 9.16864909E-3 3.68981226E-3
9.0975008 2.49991356E-3 6.94927527E-3 6.80216309E-3 1.76873233E-3
9.0925007 2.49994872E-3 1.15819629E-2 7.87090696E-3 8.99748818E-4
9.0875015 2.49997899E-3 2.31636432E-3 5.38062677E-3 5.65658265E-4
9.0825014 2.50000483E-3 4.63268114E-3 6.15755655E-3 4.14282695E-4
9.0775013 2.50002602E-3 6.94896281E-3 6.80185715E-3 3.23458982E-4
9.0725012 2.50004255E-3 6.94891671E-3 6.80181244E-3 2.59753899E-4
9.0675011 2.50005443E-3 9.26517788E-3 7.36454176E-3 2.11184524E-4
NO NO NO NO NO
9.397501 2.50023045E-3 0 4.32196073E-3 3.76345743E-5
9.3925009 2.49969121E-3 2.31663138E-3 5.38124656E-3 5.8108235E-5
9.3875008 2.49999622E-3 0 4.32236539E-3 1.13474911E-4
9.3825006 2.5002961E-3 4.63214144E-3 6.15683943E-3 2.40316382E-4
9.3775005 2.49974569E-3 2.31658062E-3 5.38112922E-3 4.49682673E-4
9.3725014 2.50003696E-3 2.31631077E-3 5.38050197E-3 7.05377199E-4
9.3675013 2.49990146E-3 2.3164365E-3 5.38079394E-3 9.65349376E-4
9.3625011 2.50018318E-3 2.31617526E-3 5.38018765E-3 1.2144089E-3
9.357501 2.50003906E-3 2.31630891E-3 5.38049778E-3 1.45373843E-3
9.3525009 2.49989121E-3 2.31644581E-3 5.38081583E-3 1.68702542E-3
9.3475008 2.5001592E-3 6.94859261E-3 6.80149486E-3 1.91966456E-3
9.3425007 2.50000274E-3 6.94902707E-3 6.80192048E-3 2.15759734E-3
9.3375006 2.49984255E-3 4.63298196E-3 6.15795609E-3 2.40193564E-3
9.3325005 2.50009703E-3 9.26502049E-3 7.36441603E-3 2.64557218E-3
9.3275003 2.49992847E-3 9.26564541E-3 7.36491289E-3 2.86943535E-3
9.3225002 2.50017364E-3 2.31618411E-3 5.38020814E-3 3.04770772E-3
9.3175001 2.49999645E-3 2.31634825E-3 5.38058905E-3 3.17074335E-3
9.312501 2.49981578E-3 9.26606357E-3 7.36524491E-3 3.24387709E-3
9.3075008 2.50004744E-3 2.31630122E-3 5.38047962E-3 3.28153372E-3
9.3025007 2.49985815E-3 4.63295262E-3 6.1579179E-3 3.30733531E-3
9.2975006 2.50008074E-3 2.31627026E-3 5.38040791E-3 3.34033696E-3
9.2925014 2.4998833E-3 4.63290652E-3 6.15785643E-3 3.38599063E-3
9.2875013 2.50009657E-3 4.63251118E-3 6.1573307E-3 3.43514048E-3
9.2825012 2.49989075E-3 0 4.32254793E-3 3.47970473E-3
9.2775011 2.50009494E-3 4.63251444E-3 6.15733489E-3 3.52202728E-3
9.272501 2.49988073E-3 9.26582236E-3 7.36505352E-3 3.5834657E-3
9.2675009 2.50007585E-3 4.63254983E-3 6.15738193E-3 3.68233351E-3
9.2625008 2.50026584E-3 6.94829645E-3 6.80120476E-3 3.82723683E-3
9.2575006 2.49962718E-3 4.63338103E-3 6.15848694E-3 4.02040221E-3
9.2525015 2.50022043E-3 4.63228161E-3 6.15702569E-3 4.25925897E-3
9.2475004 2.49998551E-3 9.265434E-3 7.36474479E-3 4.55785822E-3
9.2425003 2.50015757E-3 9.26479697E-3 7.36423815E-3 4.94559109E-3
9.2375002 2.4999145E-3 1.15821213E-2 7.871015E-3 5.46481274E-3
9.232501 2.50007748E-3 1.15813669E-2 7.87050184E-3 6.12541288E-3
9.2275009 2.49982625E-3 0 4.32265922E-3 6.91979937E-3
9.2225008 2.49998039E-3 6.94908993E-3 6.80198148E-3 7.85069633E-3
9.2175007 2.5001294E-3 2.31622509E-3 5.38030313E-3 8.92493129E-3
9.2125006 2.49986583E-3 1.15823466E-2 7.87116773E-3 1.01227006E-2
9.2075014 2.500006E-3 1.15816975E-2 7.87072629E-3 1.13412915E-2
9.2025003 2.50014127E-3 6.94864243E-3 6.80154376E-3 1.23323696E-2
9.1975012 2.49986537E-3 2.08482277E-2 9.54964478E-3 1.28560998E-2
9.1925011 2.4999918E-3 1.85308214E-2 9.16821603E-3 1.29925013E-2
9.187501 2.50011357E-3 1.38974395E-2 8.33400711E-3 1.30857415E-2
9.1825008 2.49982532E-3 1.62155498E-2 8.76538921E-3 1.33592673E-2
9.1775007 2.49993801E-3 4.63280501E-3 6.15772093E-3 1.38245467E-2
9.1725016 2.50004628E-3 2.08467208E-2 9.54895373E-3 1.44439321E-2
9.1675005 2.50014942E-3 1.15810325E-2 7.87027553E-3 1.51895173E-2
9.1625013 2.49984465E-3 1.15824454E-2 7.87123479E-3 1.60531942E-2
9.1575012 2.49993918E-3 1.15820076E-2 7.87093677E-3 1.70390233E-2
9.1525011 2.50002882E-3 1.62142273E-2 8.76467489E-3 1.81967001E-2
9.147501 2.50011403E-3 1.85299162E-2 9.16776806E-3 1.95197873E-2
9.1425009 2.50019436E-3 2.08454859E-2 9.54838842E-3 2.0553343E-2
9.1375008 2.49986863E-3 1.38988011E-2 8.33482388E-3 2.03808881E-2
9.1325006 2.49994034E-3 3.24296057E-2 1.12127047E-2 1.85670871E-2
9.1275005 2.50000716E-3 2.08470449E-2 9.54910275E-3 1.57097653E-2
9.1225004 2.50006956E-3 1.38976835E-2 8.33415426E-3 1.26213264E-2
9.1175003 2.50012707E-3 1.62135921E-2 8.76433123E-3 9.66763683E-3
9.1125011 2.49978085E-3 6.94964407E-3 6.80252397E-3 6.95171766E-3
9.107501 2.50022858E-3 1.38967996E-2 8.33362434E-3 4.55291802E-3
9.1025009 2.49987398E-3 6.94938563E-3 6.80227112E-3 2.63014156E-3
9.0975008 2.49991356E-3 2.31642509E-3 5.3807674E-3 1.34522119E-3
9.0925007 2.49994872E-3 2.31639249E-3 5.38069196E-3 6.71491085E-4
9.0875015 2.49997899E-3 4.63272864E-3 6.15761988E-3 3.76917247E-4
9.0825014 2.50000483E-3 9.26536229E-3 7.36468798E-3 2.4364343E-4
9.0775013 2.50002602E-3 6.94896281E-3 6.80185715E-3 1.74597575E-4
9.0725012 2.50004255E-3 4.63261129E-3 6.15746388E-3 1.3420191E-4
9.0675011 2.50005443E-3 6.94888365E-3 6.80177985E-3 1.06671978E-4
NO NO NO NO NO
9.3987513 1.24981091E-3 4.63339081E-3 1.07627911E-2 2.32300295E-6
9.3962507 1.25041942E-3 4.63113608E-3 1.07575543E-2 2.76795504E-6
9.3937511 1.2497541E-3 0 8.64641834E-3 3.53958308E-6
9.3912506 1.24993699E-3 0 8.64515267E-3 5.98105862E-6
9.388751 1.25011918E-3 0 8.64389353E-3 1.55821526E-5
9.3862505 1.24987704E-3 4.63314587E-3 1.07622221E-2 4.6179317E-5
9.3837509 1.25005795E-3 4.63247532E-3 1.0760664E-2 1.15636096E-4
9.3812504 1.25023816E-3 9.26361606E-3 1.23127913E-2 2.29896337E-4
9.3787508 1.24999462E-3 0 8.644755E-3 3.7580682E-4
9.3762512 1.24975108E-3 0 8.64643976E-3 5.32432401E-4
9.3737507 1.24992966E-3 0 8.64520483E-3 6.86860934E-4
9.3712511 1.25010731E-3 4.63229232E-3 1.07602393E-2 8.34415492E-4
9.3687515 1.24986249E-3 4.63319989E-3 1.07623478E-2 9.75348463E-4
9.366251 1.25003897E-3 0 8.64444766E-3 1.11031928E-3
9.3637505 1.25021476E-3 0 8.64323322E-3 1.24078989E-3
9.3612509 1.24996854E-3 0 8.64493567E-3 1.36814371E-3
9.3587503 1.25014305E-3 4.63216007E-3 1.0759932E-2 1.49219309E-3
9.3562508 1.24989601E-3 0 8.64543673E-3 1.61431567E-3
9.3537502 1.25006947E-3 4.63243295E-3 1.07605653E-2 1.73376279E-3
9.3512506 1.24982174E-3 1.39000528E-2 1.36057967E-2 1.85223925E-3
9.3487511 1.24999392E-3 0 8.64475965E-3 1.96930766E-3
9.3462505 1.25016528E-3 4.63207765E-3 1.07597401E-2 2.08630599E-3
9.343751 1.24991627E-3 0 8.6452961E-3 2.20464915E-3
9.3412504 1.25008659E-3 9.26473923E-3 1.23142852E-2 2.32355972E-3
9.3387508 1.24983676E-3 0 8.64584651E-3 2.44484982E-3
9.3362513 1.25000579E-3 0 8.64467677E-3 2.56657694E-3
9.3337507 1.25017413E-3 0 8.64351355E-3 2.68854736E-3
9.3312502 1.24992302E-3 4.63297544E-3 1.07618263E-2 2.81031197E-3
9.3287506 1.25009008E-3 0 8.64409469E-3 2.92860717E-3
9.326251 1.24983839E-3 0 8.64583533E-3 3.04403133E-3
9.3237505 1.25000428E-3 4.63267416E-3 1.07611269E-2 3.15352669E-3
9.3212509 1.25016936E-3 0 8.64354614E-3 3.25754052E-3
9.3187504 1.24991627E-3 4.63300012E-3 1.0761884E-2 3.35729145E-3
9.3162508 1.2500803E-3 0 8.64416268E-3 3.45109426E-3
9.3137503 1.24982651E-3 9.26666707E-3 1.23168472E-2 3.54163209E-3
9.3112507 1.24998926E-3 1.38981901E-2 1.36039732E-2 3.62655404E-3
9.3087511 1.2501512E-3 4.6321298E-3 1.07598612E-2 3.70740751E-3
9.3062506 1.24989613E-3 9.26615018E-3 1.23161599E-2 3.78774735E-3
9.303751 1.25005702E-3 9.26495809E-3 1.23145757E-2 3.87083576E-3
9.3012505 1.24980125E-3 4.63342667E-3 1.0762875E-2 3.9675287E-3
9.2987509 1.24996097E-3 0 8.64498783E-3 4.0802611E-3
9.2962513 1.25011976E-3 4.63224621E-3 1.07601322E-2 4.20812936E-3
9.2937508 1.24986272E-3 9.26639792E-3 1.23164896E-2 4.3465523E-3
9.2912512 1.25002046E-3 1.38978427E-2 1.36036333E-2 4.48832195E-3
9.2887506 1.25017739E-3 0 8.64349119E-3 4.62908344E-3
9.2862511 1.24991906E-3 0 8.64527747E-3 4.75636125E-3
9.2837505 1.25007483E-3 4.63241246E-3 1.07605187E-2 4.84610768E-3
9.281251 1.2498158E-3 4.63337265E-3 1.07627492E-2 4.89002001E-3
9.2787514 1.24997052E-3 0 8.64492171E-3 4.89419978E-3
9.2762508 1.2501243E-3 9.2644589E-3 1.23139126E-2 4.88200644E-3
9.2737513 1.24986412E-3 4.63319384E-3 1.07623339E-2 4.87157051E-3
9.2712517 1.25001674E-3 4.63262806E-3 1.07610188E-2 4.86878306E-3
9.2687511 1.25016866E-3 9.26413015E-3 1.23134758E-2 4.87935496E-3
9.2662506 1.24990719E-3 0 8.64536036E-3 4.90656868E-3
9.263751 1.25005795E-3 9.26495064E-3 1.23145664E-2 4.94767074E-3
9.2612505 1.25020789E-3 0 8.64327978E-3 5.00541134E-3
9.2587509 1.24994514E-3 0 8.64509773E-3 5.0852811E-3
9.2562513 1.24968216E-3 4.63386811E-3 1.07639004E-2 5.19116595E-3
9.2537508 1.25024223E-3 0 8.6430423E-3 5.32370107E-3
9.2512512 1.2499782E-3 1.3898313E-2 1.36040933E-2 5.49057219E-3
9.2487507 1.25012512E-3 0 8.64385255E-3 5.6884014E-3
9.2462511 1.24986039E-3 0 8.64568353E-3 5.93401399E-3
9.2437506 1.25000626E-3 1.38980011E-2 1.36037888E-2 6.24605315E-3
9.241251 1.25015131E-3 1.38963889E-2 1.36022102E-2 6.64250832E-3
9.2387505 1.2498853E-3 4.63311514E-3 1.07621513E-2 7.12852878E-3
9.2362509 1.25002919E-3 4.63258196E-3 1.07609127E-2 7.68796913E-3
9.2337513 1.24976248E-3 0 8.6463606E-3 8.29830859E-3
9.2312508 1.25031488E-3 1.38945701E-2 1.36004305E-2 8.90934747E-3
9.2287502 1.25004712E-3 1.85300615E-2 1.47288498E-2 9.50049516E-3
9.2262506 1.24977925E-3 4.63350862E-3 1.0763065E-2 1.00527331E-2
9.2237511 1.24992011E-3 4.63298615E-3 1.07618514E-2 1.05626592E-2
9.2212505 1.25006016E-3 1.38974013E-2 1.36032011E-2 1.10415379E-2
9.218751 1.25019951E-3 2.31597535E-2 1.5738979E-2 1.15033798E-2
9.2162504 1.24992989E-3 1.38988504E-2 1.36046195E-2 1.19739939E-2
9.2137508 1.25006808E-3 4.6324376E-3 1.07605774E-2 1.24744363E-2
9.2112503 1.24979776E-3 9.26687941E-3 1.23171303E-2 1.30360173E-2
9.2087507 1.2499349E-3 2.31646579E-2 1.57423113E-2 1.3645608E-2
9.2062511 1.25007122E-3 1.38972793E-2 1.36030819E-2 1.42473187E-2
9.2037506 1.25020673E-3 9.26384795E-3 1.23131005E-2 1.47054726E-2
9.201251 1.24993466E-3 0 8.64516944E-3 1.48666808E-2
9.1987505 1.25006912E-3 4.63243434E-3 1.0760569E-2 1.46797122E-2
9.1962509 1.24979625E-3 0 8.64612684E-3 1.42908981E-2
9.1937513 1.24992966E-3 9.26590152E-3 1.23158302E-2 1.39026577E-2
9.1912508 1.25006225E-3 1.8529838E-2 1.47286709E-2 1.36530735E-2
9.1887512 1.25019404E-3 1.3895913E-2 1.36017445E-2 1.35814296E-2
9.1862507 1.24991953E-3 9.26597696E-3 1.23159308E-2 1.36708403E-2
9.1837511 1.25005015E-3 1.85300168E-2 1.47288134E-2 1.38787311E-2
9.1812506 1.24977506E-3 1.39005724E-2 1.36063052E-2 1.41891856E-2
9.178751 1.24990463E-3 1.38991307E-2 1.36048943E-2 1.4571528E-2
9.1762514 1.2500335E-3 3.24279629E-2 1.75290834E-2 1.50075601E-2
9.1737509 1.25016156E-3 1.85283665E-2 1.47275012E-2 1.54790198E-2
9.1712513 1.2498846E-3 9.26623587E-3 1.23162745E-2 1.59808081E-2
9.1687508 1.25001161E-3 1.85305886E-2 1.47292679E-2 1.64972078E-2
9.1662512 1.25013781E-3 9.26435832E-3 1.23137794E-2 1.70289967E-2
9.1637506 1.24985969E-3 1.85328405E-2 1.47310579E-2 1.75799523E-2
9.1612511 1.24998484E-3 2.77964771E-2 1.66689735E-2 1.81343593E-2
9.1587505 1.25010917E-3 1.85291413E-2 1.47281177E-2 1.86905302E-2
9.156251 1.24982989E-3 3.7066564E-2 1.83388684E-2 1.92441437E-2
9.1537504 1.25035585E-3 1.38941146E-2 1.35999843E-2 1.97682846E-2
9.1512508 1.24967296E-3 9.26780421E-3 1.23183597E-2 2.02877782E-2
9.1487513 1.25019753E-3 3.24237086E-2 1.75267849E-2 2.07547341E-2
9.1462507 1.2499165E-3 1.85319986E-2 1.47303892E-2 2.11752933E-2
9.1437511 1.25003711E-3 2.77953148E-2 1.66682769E-2 2.14394815E-2
9.1412506 1.25015713E-3 1.85284317E-2 1.47275534E-2 2.13392042E-2
9.138751 1.24987483E-3 2.77989227E-2 1.66704394E-2 2.06228551E-2
9.1362505 1.24999369E-3 9.26542655E-3 1.23151988E-2 1.92124173E-2
9.1337509 1.25011185E-3 1.85291022E-2 1.4728087E-2 1.73427835E-2
9.1312504 1.24982849E-3 9.26665217E-3 1.23168277E-2 1.53495129E-2
9.1287508 1.24994549E-3 4.63289209E-3 1.07616326E-2 1.34288333E-2
9.1262512 1.25006179E-3 9.2649227E-3 1.23145282E-2 1.16686951E-2
9.1237507 1.25017727E-3 9.26406588E-3 1.23133911E-2 1.0073822E-2
9.1212511 1.24989217E-3 9.26617905E-3 1.2316199E-2 8.6283898E-3
9.1187506 1.25000672E-3 9.26533062E-3 1.23150712E-2 7.30519928E-3
9.116251 1.25012035E-3 4.63224389E-3 1.07601276E-2 6.09019166E-3
9.1137505 1.2498342E-3 4.63330466E-3 1.07625918E-2 4.97373519E-3
9.1112509 1.24994677E-3 0 8.64508562E-3 3.94368218E-3
9.1087513 1.25005865E-3 1.3897418E-2 1.36032179E-2 2.99517205E-3
9.1062508 1.25016982E-3 4.63206088E-3 1.0759702E-2 2.12875358E-3
9.1037502 1.24988193E-3 4.63312771E-3 1.07621802E-2 1.36866223E-3
9.1012506 1.24999206E-3 0 8.64477269E-3 7.64996046E-4
9.0987511 1.25010137E-3 9.26462933E-3 1.23141389E-2 3.62210762E-4
9.0962505 1.24981231E-3 4.63338569E-3 1.076278E-2 1.48671257E-4
9.093751 1.24992058E-3 0 8.64526723E-3 5.99001251E-5
9.0912514 1.25002814E-3 4.63258568E-3 1.07609211E-2 2.98092618E-5
9.0887508 1.2501349E-3 4.63219034E-3 1.07600018E-2 2.05779634E-5
9.0862513 1.24984421E-3 9.26653575E-3 1.23166721E-2 1.6512211E-5
9.0837507 1.24994991E-3 0 8.6450642E-3 1.37529969E-5
9.0812511 1.25005492E-3 4.6324865E-3 1.07606901E-2 1.16255715E-5
9.0787506 1.25015923E-3 0 8.64361692E-3 9.93084723E-6
9.076251 1.24986679E-3 0 8.64563882E-3 8.56491624E-6
9.0737514 1.24997005E-3 0 8.6449245E-3 7.44956969E-6
9.0712509 1.2500725E-3 4.6324213E-3 1.07605392E-2 6.5355166E-6
9.0687504 1.25017425E-3 0 8.64351261E-3 5.78392383E-6
NO NO NO NO NO
9.3987513 1.24981091E-3 0 8.64602532E-3 2.17461434E-6
9.3962507 1.25041942E-3 0 8.64181761E-3 2.6567343E-6
9.3937511 1.2497541E-3 4.63360175E-3 1.0763281E-2 3.60650938E-6
9.3912506 1.24993699E-3 4.63292329E-3 1.07617052E-2 6.70567579E-6
9.388751 1.25011918E-3 0 8.64389353E-3 1.72426116E-5
9.3862505 1.24987704E-3 4.63314587E-3 1.07622221E-2 4.56090711E-5
9.3837509 1.25005795E-3 4.63247532E-3 1.0760664E-2 1.05862935E-4
9.3812504 1.25023816E-3 0 8.64307117E-3 2.03616262E-4
9.3787508 1.24999462E-3 0 8.644755E-3 3.29696777E-4
9.3762512 1.24975108E-3 0 8.64643976E-3 4.67654492E-4
9.3737507 1.24992966E-3 0 8.64520483E-3 6.05972193E-4
9.3712511 1.25010731E-3 0 8.64397548E-3 7.40696327E-4
9.3687515 1.24986249E-3 4.63319989E-3 1.07623478E-2 8.70637828E-4
9.366251 1.25003897E-3 0 8.64444766E-3 9.94319795E-4
9.3637505 1.25021476E-3 4.63189417E-3 1.07593155E-2 1.11200393E-3
9.3612509 1.24996854E-3 4.63280687E-3 1.07614351E-2 1.22519501E-3
9.3587503 1.25014305E-3 0 8.64372868E-3 1.33453275E-3
9.3562508 1.24989601E-3 0 8.64543673E-3 1.44199992E-3
9.3537502 1.25006947E-3 0 8.64423718E-3 1.54739968E-3
9.3512506 1.24982174E-3 4.63335076E-3 1.0762698E-2 1.65231538E-3
9.3487511 1.24999392E-3 4.63271234E-3 1.07612154E-2 1.75618997E-3
9.3462505 1.25016528E-3 0 8.64357408E-3 1.8600222E-3
9.343751 1.24991627E-3 9.26600024E-3 1.23159615E-2 1.96497142E-3
9.3412504 1.25008659E-3 9.26473923E-3 1.23142852E-2 2.07025139E-3
9.3387508 1.24983676E-3 4.63329488E-3 1.07625686E-2 2.17760168E-3
9.3362513 1.25000579E-3 0 8.64467677E-3 2.28556665E-3
9.3337507 1.25017413E-3 0 8.64351355E-3 2.39409925E-3
9.3312502 1.24992302E-3 0 8.64524953E-3 2.50266027E-3
9.3287506 1.25009008E-3 4.63235611E-3 1.07603874E-2 2.60799215E-3
9.326251 1.24983839E-3 4.6332893E-3 1.07625555E-2 2.7104714E-3
9.3237505 1.25000428E-3 0 8.64468794E-3 2.80747726E-3
9.3212509 1.25016936E-3 9.26412456E-3 1.23134684E-2 2.89946911E-3
9.3187504 1.24991627E-3 4.63300012E-3 1.0761884E-2 2.98738549E-3
9.3162508 1.2500803E-3 2.31619645E-2 1.57404803E-2 3.06943827E-3
9.3137503 1.24982651E-3 0 8.64591822E-3 3.14800767E-3
9.3112507 1.24998926E-3 4.63273004E-3 1.07612563E-2 3.22146551E-3
9.3087511 1.2501512E-3 9.2642596E-3 1.23136472E-2 3.29164742E-3
9.3062506 1.24989613E-3 9.26615018E-3 1.23161599E-2 3.3618724E-3
9.303751 1.25005702E-3 9.26495809E-3 1.23145757E-2 3.43437702E-3
9.3012505 1.24980125E-3 0 8.64609238E-3 3.5183297E-3
9.2987509 1.24996097E-3 4.63283481E-3 1.07615003E-2 3.61625664E-3
9.2962513 1.25011976E-3 9.26449243E-3 1.23139573E-2 3.72828264E-3
9.2937508 1.24986272E-3 0 8.64566676E-3 3.8506873E-3
9.2912512 1.25002046E-3 9.26522817E-3 1.23149352E-2 3.97595391E-3
9.2887506 1.25017739E-3 9.26406495E-3 1.23133892E-2 4.09924565E-3
9.2862511 1.24991906E-3 1.85319595E-2 1.47303576E-2 4.21073195E-3
9.2837505 1.25007483E-3 0 8.64419993E-3 4.29009553E-3
9.281251 1.2498158E-3 9.2667453E-3 1.23169515E-2 4.3293885E-3
9.2787514 1.24997052E-3 1.85311977E-2 1.47297522E-2 4.33274079E-3
9.2762508 1.2501243E-3 4.63222945E-3 1.07600931E-2 4.32080496E-3
9.2737513 1.24986412E-3 4.63319384E-3 1.07623339E-2 4.31154575E-3
9.2712517 1.25001674E-3 9.26525611E-3 1.23149715E-2 4.30976134E-3
9.2687511 1.25016866E-3 4.63206507E-3 1.07597113E-2 4.31938097E-3
9.2662506 1.24990719E-3 1.38991028E-2 1.36048673E-2 4.34307056E-3
9.263751 1.25005795E-3 4.63247532E-3 1.07606649E-2 4.37951554E-3
9.2612505 1.25020789E-3 4.63191979E-3 1.07593741E-2 4.43250919E-3
9.2587509 1.24994514E-3 0 8.64509773E-3 4.5068739E-3
9.2562513 1.24968216E-3 4.63386811E-3 1.07639004E-2 4.60501621E-3
9.2537508 1.25024223E-3 2.31589619E-2 1.57384407E-2 4.72652586E-3
9.2512512 1.2499782E-3 1.85310841E-2 1.47296609E-2 4.87876078E-3
9.2487507 1.25012512E-3 9.26445238E-3 1.23139042E-2 5.06073795E-3
9.2462511 1.24986039E-3 9.26641468E-3 1.23165129E-2 5.289027E-3
9.2437506 1.25000626E-3 4.63266717E-3 1.07611101E-2 5.58797456E-3
9.241251 1.25015131E-3 0 8.64367187E-3 5.98529214E-3
9.2387505 1.2498853E-3 4.63311514E-3 1.07621513E-2 6.49580872E-3
9.2362509 1.25002919E-3 9.26516391E-3 1.23148495E-2 7.10633583E-3
9.2337513 1.24976248E-3 1.85342822E-2 1.47322034E-2 7.78865255E-3
9.2312508 1.25031488E-3 2.77891401E-2 1.66645739E-2 8.49122368E-3
9.2287502 1.25004712E-3 9.26503073E-3 1.23146735E-2 9.19230003E-3
9.2262506 1.24977925E-3 9.26701725E-3 1.23173129E-2 9.87675879E-3
9.2237511 1.24992011E-3 2.31649317E-2 1.57424975E-2 1.05441175E-2
9.2212505 1.25006016E-3 1.38974013E-2 1.36032011E-2 1.12027284E-2
9.218751 1.25019951E-3 2.31597535E-2 1.5738979E-2 1.18570691E-2
9.2162504 1.24992989E-3 1.85318012E-2 1.47302309E-2 1.25153642E-2
9.2137508 1.25006808E-3 1.38973137E-2 1.36031155E-2 1.31734908E-2
9.2112503 1.24979776E-3 9.26687941E-3 1.23171303E-2 1.38409603E-2
9.2087507 1.2499349E-3 1.85317267E-2 1.47301722E-2 1.44951139E-2
9.2062511 1.25007122E-3 1.38972793E-2 1.36030819E-2 1.50872832E-2
9.2037506 1.25020673E-3 1.85276959E-2 1.47269685E-2 1.55108096E-2
9.201251 1.24993466E-3 4.6329326E-3 1.07617266E-2 1.56317391E-2
9.1987505 1.25006912E-3 3.70594747E-2 1.83353592E-2 1.540347E-2
9.1962509 1.24979625E-3 1.85337812E-2 1.47318058E-2 1.49705708E-2
9.1937513 1.24992966E-3 1.8531803E-2 1.47302337E-2 1.45350536E-2
9.1912508 1.25006225E-3 2.77947579E-2 1.66679416E-2 1.42437471E-2
9.1887512 1.25019404E-3 4.63197101E-3 1.07594933E-2 1.41320936E-2
9.1862507 1.24991953E-3 4.63298848E-3 1.0761857E-2 1.41844014E-2
9.1837511 1.25005015E-3 1.85300168E-2 1.47288134E-2 1.4355259E-2
9.1812506 1.24977506E-3 1.8534096E-2 1.47320563E-2 1.46198161E-2
9.178751 1.24990463E-3 1.38991307E-2 1.36048943E-2 1.49425594E-2
9.1762514 1.2500335E-3 9.26513225E-3 1.23148076E-2 1.53099969E-2
9.1737509 1.25016156E-3 4.63209162E-3 1.07597727E-2 1.57097597E-2
9.1712513 1.2498846E-3 9.26623587E-3 1.23162745E-2 1.61393713E-2
9.1687508 1.25001161E-3 3.70611772E-2 1.83362029E-2 1.65829081E-2
9.1662512 1.25013781E-3 1.85287166E-2 1.47277806E-2 1.70411151E-2
9.1637506 1.24985969E-3 2.77992599E-2 1.66706424E-2 1.75176878E-2
9.1612511 1.24998484E-3 2.77964771E-2 1.66689735E-2 1.80022568E-2
9.1587505 1.25010917E-3 1.85291413E-2 1.47281177E-2 1.84966791E-2
9.156251 1.24982989E-3 1.38999615E-2 1.36057073E-2 1.8995747E-2
9.1537504 1.25035585E-3 2.77882293E-2 1.66640263E-2 1.94670241E-2
9.1512508 1.24967296E-3 1.85356084E-2 1.47332586E-2 1.99316312E-2
9.1487513 1.25019753E-3 1.85278337E-2 1.47270774E-2 2.03431621E-2
9.1462507 1.2499165E-3 2.31649987E-2 1.57425422E-2 2.07012389E-2
9.1437511 1.25003711E-3 1.38976574E-2 1.36034517E-2 2.08842363E-2
9.1412506 1.25015713E-3 1.38963237E-2 1.36021469E-2 2.07029637E-2
9.138751 1.24987483E-3 2.77989227E-2 1.66704394E-2 1.99228991E-2
9.1362505 1.24999369E-3 1.85308531E-2 1.47294784E-2 1.84760056E-2
9.1337509 1.25011185E-3 9.2645511E-3 1.23140356E-2 1.65934023E-2
9.1312504 1.24982849E-3 2.77999565E-2 1.66710597E-2 1.4612779E-2
9.1287508 1.24994549E-3 1.85315683E-2 1.47300465E-2 1.27381459E-2
9.1262512 1.25006179E-3 4.63246135E-3 1.07606314E-2 1.10356463E-2
9.1237507 1.25017727E-3 9.26406588E-3 1.23133911E-2 9.50032938E-3
9.1212511 1.24989217E-3 4.63308953E-3 1.07620917E-2 8.11508205E-3
9.1187506 1.25000672E-3 1.38979964E-2 1.36037832E-2 6.85447734E-3
9.116251 1.25012035E-3 9.26448777E-3 1.23139508E-2 5.70374448E-3
9.1137505 1.2498342E-3 4.63330466E-3 1.07625918E-2 4.64884378E-3
9.1112509 1.24994677E-3 4.63288743E-3 1.07616214E-2 3.67434463E-3
9.1087513 1.25005865E-3 0 8.64431169E-3 2.77536758E-3
9.1062508 1.25016982E-3 4.63206088E-3 1.0759702E-2 1.95690757E-3
9.1037502 1.24988193E-3 1.38993831E-2 1.36051411E-2 1.24352844E-3
9.1012506 1.24999206E-3 0 8.64477269E-3 6.80451456E-4
9.0987511 1.25010137E-3 9.26462933E-3 1.23141389E-2 3.08675197E-4
9.0962505 1.24981231E-3 0 8.64601601E-3 1.17479227E-4
9.093751 1.24992058E-3 0 8.64526723E-3 4.49332401E-5
9.0912514 1.25002814E-3 0 8.6445231E-3 2.39978272E-5
9.0887508 1.2501349E-3 0 8.64378456E-3 1.76969297E-5
9.0862513 1.24984421E-3 0 8.64579529E-3 1.4576055E-5
9.0837507 1.24994991E-3 0 8.6450642E-3 1.22793645E-5
9.0812511 1.25005492E-3 0 8.64433777E-3 1.04282299E-5
9.0787506 1.25015923E-3 0 8.64361692E-3 8.91655509E-6
9.076251 1.24986679E-3 0 8.64563882E-3 7.68059908E-6
9.0737514 1.24997005E-3 0 8.6449245E-3 6.66343794E-6
9.0712509 1.2500725E-3 0 8.64421576E-3 5.82713801E-6
9.0687504 1.25017425E-3 0 8.64351261E-3 5.13961868E-6
