8.4975004 2.50005326E-3 6.9488869E-3 6.80178311E-3 1.53506742E-4
8.4925013 2.49988586E-3 6.9493521E-3 6.80223852E-3 2.49857723E-4
8.4875011 2.50006001E-3 9.26515739E-3 7.36452546E-3 4.63283912E-4
8.482501 2.4998826E-3 4.63290745E-3 6.15785783E-3 8.6875027E-4
8.4775009 2.50004604E-3 6.94890739E-3 6.80180313E-3 1.46556611E-3
8.4725008 2.50020344E-3 9.26462654E-3 7.3641031E-3 2.19077454E-3
8.4675007 2.50001065E-3 9.26533993E-3 7.36467075E-3 3.00874538E-3
8.4625006 2.49981345E-3 1.38991075E-2 8.33500735E-3 3.93282669E-3
8.4575014 2.49995524E-3 9.26554576E-3 7.36483373E-3 4.99981269E-3
8.4525013 2.50009145E-3 4.63252049E-3 6.15734328E-3 6.26107957E-3
8.4475012 2.49987911E-3 9.26582888E-3 7.36505864E-3 7.77537422E-3
8.4425011 2.5000046E-3 1.38980448E-2 8.33437033E-3 9.57419537E-3
8.437501 2.50012451E-3 9.26491898E-3 7.36433594E-3 1.16009004E-2
8.4325008 2.4998968E-3 1.38986437E-2 8.33472982E-3 1.36888875E-2
8.4275007 2.50000623E-3 3.47450897E-2 1.15090264E-2 1.56465098E-2
8.4225006 2.50010984E-3 2.77949199E-2 1.05868857E-2 1.7368665E-2
8.4175005 2.49986723E-3 1.6215276E-2 8.76524206E-3 1.88304055E-2
8.4125013 2.4999606E-3 3.47457267E-2 1.15092369E-2 2.00010408E-2
8.4075012 2.50004791E-3 2.54793055E-2 1.02561787E-2 2.0810362E-2
8.4025011 2.50012986E-3 3.2427147E-2 1.12118544E-2 2.09867414E-2
8.397501 2.49986746E-3 3.24305519E-2 1.12130316E-2 1.99155677E-2
8.3925009 2.50027748E-3 2.54769679E-2 1.0255238E-2 1.7271053E-2
8.3875008 2.5000046E-3 2.3163408E-2 9.91097279E-3 1.37257855E-2
8.3825006 2.4997273E-3 1.85327809E-2 9.16918647E-3 1.02724507E-2
8.3775005 2.50012032E-3 1.6213635E-2 8.76435544E-3 7.37153972E-3
8.3725014 2.49983277E-3 6.94949972E-3 6.80238288E-3 5.0367089E-3
8.3675013 2.50021392E-3 1.38968816E-2 8.33367277E-3 3.18237813E-3
8.3625011 2.49991613E-3 0 4.32250369E-3 1.78686355E-3
8.357501 2.49994989E-3 6.94917468E-3 6.80206437E-3 8.84988578E-4
8.3525009 2.49997806E-3 2.31636548E-3 5.3806291E-3 4.32295987E-4
8.3475008 2.50000064E-3 4.63268859E-3 6.15756679E-3 2.50700978E-4
NO NO NO NO NO
8.4975004 2.50005326E-3 6.9488869E-3 6.80178311E-3 1.32401125E-4
8.4925013 2.49988586E-3 9.2658028E-3 7.36503815E-3 2.01774877E-4
8.4875011 2.50006001E-3 6.94886828E-3 6.80176495E-3 3.75170377E-4
8.482501 2.4998826E-3 6.94936141E-3 6.80224737E-3 7.52953987E-4
8.4775009 2.50004604E-3 9.26520955E-3 7.3645669E-3 1.37076806E-3
8.4725008 2.50020344E-3 6.94846967E-3 6.80137472E-3 2.16526771E-3
8.4675007 2.50001065E-3 1.62143465E-2 8.76473915E-3 3.07491352E-3
8.4625006 2.49981345E-3 1.15825897E-2 7.87133258E-3 4.1001467E-3
8.4575014 2.49995524E-3 6.94915932E-3 6.80204947E-3 5.27445087E-3
8.4525013 2.50009145E-3 1.15813017E-2 7.87045714E-3 6.65049674E-3
8.4475012 2.49987911E-3 1.85316578E-2 9.16862953E-3 8.30048602E-3
8.4425011 2.5000046E-3 1.85307264E-2 9.16816946E-3 1.02889892E-2
8.437501 2.50012451E-3 2.77947579E-2 1.05868243E-2 1.26031889E-2
8.4325008 2.4998968E-3 2.0847965E-2 9.5495237E-3 1.50865819E-2
8.4275007 2.50000623E-3 2.31633931E-2 9.91096627E-3 1.75028909E-2
8.4225006 2.50010984E-3 2.5478676E-2 1.02559254E-2 1.96891781E-2
8.4175005 2.49986723E-3 3.01140845E-2 1.09061617E-2 2.15909667E-2
8.4125013 2.4999606E-3 3.2429345E-2 1.12126144E-2 2.31923237E-2
8.4075012 2.50004791E-3 2.08467059E-2 9.54894722E-3 2.44608913E-2
8.4025011 2.50012986E-3 3.01109198E-2 1.09050162E-2 2.51665115E-2
8.397501 2.49986746E-3 3.70634869E-2 1.17970211E-2 2.46355459E-2
8.3925009 2.50027748E-3 2.31608804E-2 9.90989059E-3 2.2214558E-2
8.3875008 2.5000046E-3 3.01124305E-2 1.09055629E-2 1.8324798E-2
8.3825006 2.4997273E-3 2.54825745E-2 1.02574946E-2 1.41467741E-2
8.3775005 2.50012032E-3 1.15811685E-2 7.8703668E-3 1.04464535E-2
8.3725014 2.49983277E-3 2.08484996E-2 9.54976864E-3 7.37529807E-3
8.3675013 2.50021392E-3 1.85291748E-2 9.16740205E-3 4.88023553E-3
8.3625011 2.49991613E-3 4.63284552E-3 6.15777494E-3 2.93446262E-3
8.357501 2.49994989E-3 9.26556624E-3 7.36485003E-3 1.57636148E-3
8.3525009 2.49997806E-3 6.94909645E-3 6.801988E-3 8.04406533E-4
8.3475008 2.50000064E-3 6.94903312E-3 6.80192607E-3 4.47267812E-4
NO NO NO NO NO
8.4987507 1.25004735E-3 4.6325149E-3 1.07607562E-2 3.4420143E-6
8.4962511 1.25000603E-3 0 8.64467584E-3 4.0417508E-6
8.4937506 1.24996423E-3 0 8.64496548E-3 5.06903143E-6
8.491251 1.24992174E-3 4.6329801E-3 1.07618375E-2 8.13151837E-6
8.4887505 1.25022512E-3 0 8.64316151E-3 1.91569507E-5
8.4862509 1.24983501E-3 0 8.64585955E-3 5.12334191E-5
8.4837503 1.25013676E-3 0 8.64377245E-3 1.1888703E-4
8.4812508 1.24974595E-3 0 8.64647515E-3 2.25287658E-4
8.4787512 1.25004607E-3 0 8.64439923E-3 3.59053549E-4
8.4762506 1.24999986E-3 4.63269092E-3 1.07611651E-2 5.06237615E-4
8.4737511 1.24995294E-3 0 8.64504278E-3 6.59869344E-4
8.4712505 1.2502505E-3 0 8.64298549E-3 8.18135857E-4
8.468751 1.24985736E-3 0 8.64570402E-3 9.8327687E-4
8.4662504 1.25015329E-3 0 8.64365697E-3 1.15670462E-3
8.4637508 1.24975957E-3 4.63358127E-3 1.07632335E-2 1.3422186E-3
8.4612513 1.25005399E-3 9.26498044E-3 1.23146055E-2 1.54081441E-3
8.4587507 1.25000323E-3 4.63267788E-3 1.07611353E-2 1.75548939E-3
8.4562511 1.24995213E-3 4.63286787E-3 1.07615758E-2 1.9875518E-3
8.4537506 1.25024375E-3 4.63178707E-3 1.07590659E-2 2.2388706E-3
8.451251 1.2498477E-3 4.63325437E-3 1.07624745E-2 2.51493533E-3
8.4487505 1.25013792E-3 4.63217916E-3 1.07599767E-2 2.81785103E-3
8.4462509 1.24974118E-3 0 8.64650775E-3 3.15679144E-3
8.4437513 1.25002977E-3 0 8.64451192E-3 3.53576615E-3
8.4412508 1.24997483E-3 9.26556718E-3 1.2315386E-2 3.96267697E-3
8.4387512 1.25026144E-3 9.26344283E-3 1.23125613E-2 4.43274435E-3
8.4362507 1.24986295E-3 9.26639605E-3 1.23164877E-2 4.93559567E-3
8.4337511 1.25014805E-3 4.63214144E-3 1.07598891E-2 5.4445779E-3
8.4312506 1.24974886E-3 4.63362131E-3 1.07633267E-2 5.94474515E-3
8.428751 1.25003245E-3 1.38977095E-2 1.36035029E-2 6.41572801E-3
8.4262514 1.24997366E-3 4.63278731E-3 1.07613895E-2 6.85555534E-3
8.4237509 1.25025539E-3 2.31587179E-2 1.57382749E-2 7.25914119E-3
8.4212503 1.24985434E-3 4.63323016E-3 1.07624177E-2 7.63418758E-3
8.4187508 1.25013455E-3 1.38965743E-2 1.36023918E-2 7.9756435E-3
8.4162512 1.2497328E-3 4.63368092E-3 1.07634645E-2 8.29590578E-3
8.4137506 1.2500115E-3 1.38979424E-2 1.36037311E-2 8.59011337E-3
8.4112511 1.24994898E-3 3.70630324E-2 1.83371212E-2 8.86787567E-3
8.4087505 1.25022582E-3 9.26370639E-3 1.23129133E-2 9.12486669E-3
8.406251 1.24982221E-3 4.6333489E-3 1.07626943E-2 9.36732348E-3
8.4037514 1.25009753E-3 4.63232864E-3 1.07603241E-2 9.57944617E-3
8.4012508 1.25003245E-3 1.85302794E-2 1.4729022E-2 9.73997265E-3
8.3987513 1.24996679E-3 4.63281292E-3 1.07614491E-2 9.75593831E-3
8.3962507 1.24990067E-3 1.38991755E-2 1.36049381E-2 9.48377233E-3
8.3937511 1.2501725E-3 9.26410127E-3 1.23134376E-2 8.84378608E-3
8.3912506 1.25010486E-3 9.26460326E-3 1.23141045E-2 7.92511366E-3
8.388751 1.24969846E-3 2.78028473E-2 1.66727938E-2 6.91037066E-3
8.3862505 1.25030614E-3 0 8.64260085E-3 5.92934992E-3
8.3837509 1.24989857E-3 9.26613156E-3 1.23161357E-2 5.05112531E-3
8.3812504 1.24982873E-3 9.26664937E-3 1.23168239E-2 4.27612476E-3
8.3787508 1.25009578E-3 0 8.64405558E-3 3.59286298E-3
8.3762512 1.25002454E-3 1.3897798E-2 1.36035895E-2 2.98972521E-3
8.3737507 1.24995259E-3 9.26573109E-3 1.23156039E-2 2.45366618E-3
8.3712511 1.24988018E-3 4.63313423E-3 1.07621951E-2 1.97434984E-3
8.3687506 1.25014386E-3 0 8.64372309E-3 1.54264085E-3
8.366251 1.25006994E-3 4.63243062E-3 1.07605606E-2 1.15321099E-3
8.3637505 1.24999555E-3 0 8.64474848E-3 8.04286683E-4
8.3612509 1.24992058E-3 0 8.64526629E-3 5.05094999E-4
8.3587503 1.25018088E-3 0 8.64346698E-3 2.75145285E-4
8.3562508 1.24976889E-3 4.63354681E-3 1.07631534E-2 1.27842242E-4
8.3537512 1.2500278E-3 4.63258708E-3 1.07609248E-2 5.29025674E-5
8.3512506 1.24995026E-3 0 8.6450614E-3 2.25998629E-5
8.3487511 1.25020719E-3 0 8.64328444E-3 1.24092148E-5
NO NO NO NO NO
8.4987507 1.25004735E-3 0 8.64439085E-3 3.39658595E-6
8.4962511 1.25000603E-3 0 8.64467584E-3 4.07487551E-6
8.4937506 1.24996423E-3 0 8.64496548E-3 5.42065754E-6
8.491251 1.24992174E-3 4.6329801E-3 1.07618375E-2 9.61206206E-6
8.4887505 1.25022512E-3 9.26371198E-3 1.23129198E-2 2.26892698E-5
8.4862509 1.24983501E-3 9.26660374E-3 1.23167634E-2 5.57622261E-5
8.4837503 1.25013676E-3 0 8.64377245E-3 1.21509889E-4
8.4812508 1.24974595E-3 4.63363202E-3 1.07633518E-2 2.22639923E-4
8.4787512 1.25004607E-3 4.63251909E-3 1.07607665E-2 3.48464906E-4
8.4762506 1.24999986E-3 0 8.64471868E-3 4.85332188E-4
8.4737511 1.24995294E-3 4.63286415E-3 1.07615683E-2 6.26327645E-4
8.4712505 1.2502505E-3 4.63176193E-3 1.07590072E-2 7.70920364E-4
8.468751 1.24985736E-3 4.63321852E-3 1.07623916E-2 9.21449275E-4
8.4662504 1.25015329E-3 0 8.64365697E-3 1.07885897E-3
8.4637508 1.24975957E-3 4.63358127E-3 1.07632335E-2 1.24612486E-3
8.4612513 1.25005399E-3 9.26498044E-3 1.23146055E-2 1.42391294E-3
8.4587507 1.25000323E-3 0 8.64469446E-3 1.61541312E-3
8.4562511 1.24995213E-3 4.63286787E-3 1.07615758E-2 1.82280492E-3
8.4537506 1.25024375E-3 4.63178707E-3 1.07590659E-2 2.0485383E-3
8.451251 1.2498477E-3 1.38997631E-2 1.36055136E-2 2.29808223E-3
8.4487505 1.25013792E-3 0 8.64376407E-3 2.57377652E-3
8.4462509 1.24974118E-3 0 8.64650775E-3 2.88406876E-3
8.4437513 1.25002977E-3 1.38977394E-2 1.36035318E-2 3.23169073E-3
8.4412508 1.24997483E-3 9.26556718E-3 1.2315386E-2 3.62207065E-3
8.4387512 1.25026144E-3 1.38951633E-2 1.36010107E-2 4.04933002E-3
8.4362507 1.24986295E-3 9.26639605E-3 1.23164877E-2 4.50348854E-3
8.4337511 1.25014805E-3 9.26428288E-3 1.23136789E-2 4.9604876E-3
8.4312506 1.24974886E-3 0 8.64645559E-3 5.4074889E-3
8.428751 1.25003245E-3 9.2651397E-3 1.23148179E-2 5.82722574E-3
8.4262514 1.24997366E-3 1.85311493E-2 1.4729714E-2 6.21926785E-3
8.4237509 1.25025539E-3 4.63174377E-3 1.07589653E-2 6.57969853E-3
8.4212503 1.24985434E-3 0 8.64572544E-3 6.91555394E-3
8.4187508 1.25013455E-3 1.38965743E-2 1.36023918E-2 7.22195115E-3
8.4162512 1.2497328E-3 4.63368092E-3 1.07634645E-2 7.50930421E-3
8.4137506 1.2500115E-3 0 8.64463858E-3 7.77197909E-3
8.4112511 1.24994898E-3 1.85315162E-2 1.47300055E-2 8.0181025E-3
8.4087505 1.25022582E-3 1.38955601E-2 1.3601399E-2 8.24471749E-3
8.406251 1.24982221E-3 4.6333489E-3 1.07626943E-2 8.45859293E-3
8.4037514 1.25009753E-3 9.26465727E-3 1.23141771E-2 8.64255987E-3
8.4012508 1.25003245E-3 9.2651397E-3 1.23148179E-2 8.7681422E-3
8.3987513 1.24996679E-3 9.26562585E-3 1.23154642E-2 8.75512417E-3
8.3962507 1.24990067E-3 4.63305833E-3 1.07620191E-2 8.48266203E-3
8.3937511 1.2501725E-3 1.38961524E-2 1.36019783E-2 7.8821145E-3
8.3912506 1.25010486E-3 9.26460326E-3 1.23141045E-2 7.03297229E-3
8.388751 1.24969846E-3 0 8.64680391E-3 6.10375684E-3
8.3862505 1.25030614E-3 4.6315561E-3 1.07585285E-2 5.22185303E-3
8.3837509 1.24989857E-3 9.26613156E-3 1.23161357E-2 4.44308948E-3
8.3812504 1.24982873E-3 0 8.64590146E-3 3.75912222E-3
8.3787508 1.25009578E-3 4.63233516E-3 1.0760339E-2 3.15649388E-3
8.3762512 1.25002454E-3 0 8.64454824E-3 2.6236556E-3
8.3737507 1.24995259E-3 0 8.64504557E-3 2.14862009E-3
8.3712511 1.24988018E-3 1.38994027E-2 1.36051597E-2 1.72266539E-3
8.3687506 1.25014386E-3 0 8.64372309E-3 1.33857375E-3
8.366251 1.25006994E-3 0 8.64423346E-3 9.92687768E-4
8.3637505 1.24999555E-3 0 8.64474848E-3 6.85025996E-4
8.3612509 1.24992058E-3 0 8.64526629E-3 4.23549238E-4
8.3587503 1.25018088E-3 0 8.64346698E-3 2.24356278E-4
8.3562508 1.24976889E-3 0 8.6463159E-3 9.88120446E-5
8.3537512 1.2500278E-3 0 8.64452589E-3 3.7740163E-5
8.3512506 1.24995026E-3 0 8.6450614E-3 1.57612412E-5
8.3487511 1.25020719E-3 0 8.64328444E-3 9.37103505E-6
