11.637501 2.50014057E-3 2.31621484E-3 5.38027892E-3 2.78787082E-3
11.632501 2.4999443E-3 4.63279337E-3 6.15770603E-3 2.89142295E-3
11.627501 2.49974569E-3 0 4.32279846E-3 3.05748568E-3
11.622501 2.50019389E-3 0 4.3220236E-3 3.26170772E-3
11.617501 2.4999897E-3 0 4.32237657E-3 3.47612891E-3
11.612501 2.49978318E-3 4.63309186E-3 6.15810277E-3 3.68902017E-3
11.607501 2.50022183E-3 9.26455855E-3 7.36404862E-3 3.9009701E-3
11.602501 2.50000972E-3 2.31633591E-3 5.38056064E-3 4.11740877E-3
11.597502 2.49979552E-3 4.6330695E-3 6.1580725E-3 4.34054388E-3
11.592502 2.50022463E-3 2.31613708E-3 5.38009824E-3 4.57206555E-3
11.587502 2.5000046E-3 6.94902195E-3 6.80191536E-3 4.81710583E-3
11.582501 2.49978248E-3 4.63309325E-3 6.15810417E-3 5.07781049E-3
11.577501 2.50020227E-3 6.94847293E-3 6.80137752E-3 5.35672577E-3
11.572501 2.49997457E-3 9.26547404E-3 7.36477692E-3 5.66177396E-3
11.567501 2.49974476E-3 0 4.32280032E-3 5.99971041E-3
11.562502 2.50015524E-3 9.26480535E-3 7.36424513E-3 6.38255477E-3
11.557502 2.49991985E-3 2.3164195E-3 5.38075436E-3 6.83665229E-3
11.552502 2.50032358E-3 4.63209068E-3 6.15677191E-3 7.40167825E-3
11.547501 2.5000826E-3 6.94880541E-3 6.80170348E-3 8.15943163E-3
11.5425 2.49983952E-3 1.15824686E-2 7.87125062E-3 9.14759282E-3
11.5375 2.50023394E-3 1.38967698E-2 8.33360571E-3 1.02226306E-2
11.5325 2.49998551E-3 1.62145104E-2 8.76482762E-3 1.11128073E-2
11.527501 2.49973475E-3 1.38995452E-2 8.33526999E-3 1.16275083E-2
11.522501 2.50011985E-3 1.38974041E-2 8.33398569E-3 1.1753493E-2
11.517501 2.49986374E-3 4.63294238E-3 6.1579044E-3 1.15757929E-2
11.512501 2.50024232E-3 1.15806023E-2 7.86998309E-3 1.11736814E-2
11.507501 2.49998085E-3 1.85309034E-2 9.16825701E-3 1.06208678E-2
11.502501 2.49971705E-3 4.63321432E-3 6.15826529E-3 9.96413082E-3
11.497501 2.50008656E-3 6.9487947E-3 6.80169277E-3 9.2363758E-3
11.492501 2.4998174E-3 4.63302853E-3 6.15801848E-3 8.46731383E-3
11.487501 2.50018039E-3 9.26471222E-3 7.36417109E-3 7.67038809E-3
11.482501 2.49990588E-3 1.38985934E-2 8.33470002E-3 6.86343526E-3
11.477501 2.50026234E-3 4.63220384E-3 6.15692232E-3 6.05519768E-3
11.472501 2.49998248E-3 2.31636129E-3 5.38061932E-3 5.26428595E-3
11.467501 2.49970052E-3 6.94986759E-3 6.80274284E-3 4.51443298E-3
11.462502 2.50004791E-3 2.31630052E-3 5.38047869E-3 3.8642711E-3
11.457501 2.50039157E-3 4.63196449E-3 6.15660427E-3 3.40060005E-3
11.452501 2.49947095E-3 9.26734135E-3 7.36626144E-3 3.1531509E-3
11.447501 2.50043883E-3 4.63187695E-3 6.15648786E-3 3.04941647E-3
11.442501 2.50014313E-3 4.63242503E-3 6.15721615E-3 3.00336536E-3
11.437501 2.49984534E-3 0 4.32262616E-3 2.96626799E-3
NO NO NO NO NO
11.637501 2.50014057E-3 4.63242969E-3 6.1572222E-3 2.56414665E-3
11.632501 2.4999443E-3 0 4.32245526E-3 2.6325623E-3
11.627501 2.49974569E-3 2.31658062E-3 5.38112922E-3 2.75906804E-3
11.622501 2.50019389E-3 4.63233097E-3 6.15709089E-3 2.93346844E-3
11.617501 2.4999897E-3 2.31635454E-3 5.38060395E-3 3.12848366E-3
11.612501 2.49978318E-3 0 4.32273373E-3 3.32607585E-3
11.607501 2.50022183E-3 4.63227928E-3 6.15702244E-3 3.52311973E-3
11.602501 2.50000972E-3 2.31633591E-3 5.38056064E-3 3.72313499E-3
11.597502 2.49979552E-3 1.15826735E-2 7.87138939E-3 3.92772118E-3
11.592502 2.50022463E-3 0 4.32197051E-3 4.13846737E-3
11.587502 2.5000046E-3 4.63268161E-3 6.15755701E-3 4.35998617E-3
11.582501 2.49978248E-3 9.26618651E-3 7.3653427E-3 4.59398609E-3
11.577501 2.50020227E-3 0 4.32200916E-3 4.84241406E-3
11.572501 2.49997457E-3 1.38982115E-2 8.33446998E-3 5.11163892E-3
11.567501 2.49974476E-3 0 4.32280032E-3 5.40607236E-3
11.562502 2.50015524E-3 6.94860378E-3 6.80150604E-3 5.73302899E-3
11.557502 2.49991985E-3 2.3164195E-3 5.38075436E-3 6.11030962E-3
11.552502 2.50032358E-3 9.26418137E-3 7.3637492E-3 6.56659203E-3
11.547501 2.5000826E-3 9.26507358E-3 7.36445887E-3 7.17416778E-3
11.5425 2.49983952E-3 9.2659751E-3 7.36517506E-3 8.00594222E-3
11.5375 2.50023394E-3 6.94838492E-3 6.80129137E-3 9.01028514E-3
11.5325 2.49998551E-3 9.265434E-3 7.36474525E-3 9.96602885E-3
11.527501 2.49973475E-3 4.63318173E-3 6.15822198E-3 1.0638888E-2
11.522501 2.50011985E-3 9.26493574E-3 7.36434897E-3 1.09486636E-2
11.517501 2.49986374E-3 9.26588476E-3 7.36510381E-3 1.09426146E-2
11.512501 2.50024232E-3 1.38967233E-2 8.33357777E-3 1.06873466E-2
11.507501 2.49998085E-3 6.94908854E-3 6.80198055E-3 1.02565428E-2
11.502501 2.49971705E-3 4.63321432E-3 6.15826529E-3 9.70175117E-3
11.497501 2.50008656E-3 6.9487947E-3 6.80169277E-3 9.06076469E-3
11.492501 2.4998174E-3 1.85321141E-2 9.16885585E-3 8.36691726E-3
11.487501 2.50018039E-3 9.26471222E-3 7.36417109E-3 7.63612986E-3
11.482501 2.49990588E-3 9.26572923E-3 7.36497948E-3 6.88734977E-3
11.477501 2.50026234E-3 2.31610192E-3 5.38001722E-3 6.12845318E-3
11.472501 2.49998248E-3 2.31636129E-3 5.38061932E-3 5.37365722E-3
11.467501 2.49970052E-3 2.31662253E-3 5.38122607E-3 4.63763997E-3
11.462502 2.50004791E-3 2.31630052E-3 5.38047869E-3 3.96142853E-3
11.457501 2.50039157E-3 1.15799112E-2 7.86951277E-3 3.42528825E-3
11.452501 2.49947095E-3 2.31683534E-3 5.38172061E-3 3.09204706E-3
11.447501 2.50043883E-3 0 4.32160031E-3 2.93114153E-3
11.442501 2.50014313E-3 2.31621251E-3 5.3802738E-3 2.86513125E-3
11.437501 2.49984534E-3 2.31648842E-3 5.38091455E-3 2.83550075E-3
NO NO NO NO NO
NO NO NO NO NO
