11.637501 2.50014057E-3 2.31621484E-3 5.38027892E-3 2.69105751E-3
11.632501 2.4999443E-3 4.63279337E-3 6.15770603E-3 2.69775186E-3
11.627501 2.49974569E-3 0 4.32279846E-3 2.70453282E-3
11.622501 2.50019389E-3 0 4.3220236E-3 2.71068141E-3
11.617501 2.4999897E-3 0 4.32237657E-3 2.71754735E-3
11.612501 2.49978318E-3 4.63309186E-3 6.15810277E-3 2.7244282E-3
11.607501 2.50022183E-3 9.26455855E-3 7.36404862E-3 2.73061381E-3
11.602501 2.50000972E-3 2.31633591E-3 5.38056064E-3 2.73750816E-3
11.597502 2.49979552E-3 4.6330695E-3 6.1580725E-3 2.74446351E-3
11.592502 2.50022463E-3 2.31613708E-3 5.38009824E-3 2.75078556E-3
11.587502 2.5000046E-3 6.94902195E-3 6.80191536E-3 2.75785755E-3
11.582501 2.49978248E-3 4.63309325E-3 6.15810417E-3 2.76498892E-3
11.577501 2.50020227E-3 6.94847293E-3 6.80137752E-3 2.77144718E-3
11.572501 2.49997457E-3 9.26547404E-3 7.36477692E-3 2.77860486E-3
11.567501 2.49974476E-3 0 4.32280032E-3 2.78576766E-3
11.562502 2.50015524E-3 9.26480535E-3 7.36424513E-3 2.79224594E-3
11.557502 2.49991985E-3 2.3164195E-3 5.38075436E-3 2.79946765E-3
11.552502 2.50032358E-3 4.63209068E-3 6.15677191E-3 2.8059748E-3
11.547501 2.5000826E-3 6.94880541E-3 6.80170348E-3 2.81320489E-3
11.5425 2.49983952E-3 1.15824686E-2 7.87125062E-3 2.82048411E-3
11.5375 2.50023394E-3 1.38967698E-2 8.33360571E-3 2.82707554E-3
11.5325 2.49998551E-3 1.62145104E-2 8.76482762E-3 2.83437758E-3
11.527501 2.49973475E-3 1.38995452E-2 8.33526999E-3 2.84170057E-3
11.522501 2.50011985E-3 1.38974041E-2 8.33398569E-3 2.84835394E-3
11.517501 2.49986374E-3 4.63294238E-3 6.1579044E-3 2.8557647E-3
11.512501 2.50024232E-3 1.15806023E-2 7.86998309E-3 2.86242063E-3
11.507501 2.49998085E-3 1.85309034E-2 9.16825701E-3 2.86976434E-3
11.502501 2.49971705E-3 4.63321432E-3 6.15826529E-3 2.87711713E-3
11.497501 2.50008656E-3 6.9487947E-3 6.80169277E-3 2.88377283E-3
11.492501 2.4998174E-3 4.63302853E-3 6.15801848E-3 2.89115985E-3
11.487501 2.50018039E-3 9.26471222E-3 7.36417109E-3 2.89777201E-3
11.482501 2.49990588E-3 1.38985934E-2 8.33470002E-3 2.90505448E-3
11.477501 2.50026234E-3 4.63220384E-3 6.15692232E-3 2.91149807E-3
11.472501 2.49998248E-3 2.31636129E-3 5.38061932E-3 2.91857054E-3
11.467501 2.49970052E-3 6.94986759E-3 6.80274284E-3 2.92558852E-3
11.462502 2.50004791E-3 2.31630052E-3 5.38047869E-3 2.93167308E-3
11.457501 2.50039157E-3 4.63196449E-3 6.15660427E-3 2.93705403E-3
11.452501 2.49947095E-3 9.26734135E-3 7.36626144E-3 2.94229575E-3
11.447501 2.50043883E-3 4.63187695E-3 6.15648786E-3 2.94146128E-3
11.442501 2.50014313E-3 4.63242503E-3 6.15721615E-3 2.93412432E-3
11.437501 2.49984534E-3 0 4.32262616E-3 2.91529624E-3
NO NO NO NO NO
11.637501 2.50014057E-3 4.63242969E-3 6.1572222E-3 2.50932062E-3
11.632501 2.4999443E-3 0 4.32245526E-3 2.51609902E-3
11.627501 2.49974569E-3 2.31658062E-3 5.38112922E-3 2.5228255E-3
11.622501 2.50019389E-3 4.63233097E-3 6.15709089E-3 2.52891448E-3
11.617501 2.4999897E-3 2.31635454E-3 5.38060395E-3 2.53566611E-3
11.612501 2.49978318E-3 0 4.32273373E-3 2.54241517E-3
11.607501 2.50022183E-3 4.63227928E-3 6.15702244E-3 2.54851533E-3
11.602501 2.50000972E-3 2.31633591E-3 5.38056064E-3 2.55524716E-3
11.597502 2.49979552E-3 1.15826735E-2 7.87138939E-3 2.56195362E-3
11.592502 2.50022463E-3 0 4.32197051E-3 2.56801769E-3
11.587502 2.5000046E-3 4.63268161E-3 6.15755701E-3 2.57475302E-3
11.582501 2.49978248E-3 9.26618651E-3 7.3653427E-3 2.58150417E-3
11.577501 2.50020227E-3 0 4.32200916E-3 2.58763321E-3
11.572501 2.49997457E-3 1.38982115E-2 8.33446998E-3 2.59444281E-3
11.567501 2.49974476E-3 0 4.32280032E-3 2.60127499E-3
11.562502 2.50015524E-3 6.94860378E-3 6.80150604E-3 2.60751555E-3
11.557502 2.49991985E-3 2.3164195E-3 5.38075436E-3 2.61448929E-3
11.552502 2.50032358E-3 9.26418137E-3 7.3637492E-3 2.6207841E-3
11.547501 2.5000826E-3 9.26507358E-3 7.36445887E-3 2.62769288E-3
11.5425 2.49983952E-3 9.2659751E-3 7.36517506E-3 2.63456488E-3
11.5375 2.50023394E-3 6.94838492E-3 6.80129137E-3 2.64076376E-3
11.5325 2.49998551E-3 9.265434E-3 7.36474525E-3 2.64765671E-3
11.527501 2.49973475E-3 4.63318173E-3 6.15822198E-3 2.65460578E-3
11.522501 2.50011985E-3 9.26493574E-3 7.36434897E-3 2.66098813E-3
11.517501 2.49986374E-3 9.26588476E-3 7.36510381E-3 2.66813184E-3
11.512501 2.50024232E-3 1.38967233E-2 8.33357777E-3 2.6745901E-3
11.507501 2.49998085E-3 6.94908854E-3 6.80198055E-3 2.68167583E-3
11.502501 2.49971705E-3 4.63321432E-3 6.15826529E-3 2.6887455E-3
11.497501 2.50008656E-3 6.9487947E-3 6.80169277E-3 2.69518467E-3
11.492501 2.4998174E-3 1.85321141E-2 9.16885585E-3 2.70236656E-3
11.487501 2.50018039E-3 9.26471222E-3 7.36417109E-3 2.70888885E-3
11.482501 2.49990588E-3 9.26572923E-3 7.36497948E-3 2.7161059E-3
11.477501 2.50026234E-3 2.31610192E-3 5.38001722E-3 2.72259838E-3
11.472501 2.49998248E-3 2.31636129E-3 5.38061932E-3 2.72970018E-3
11.467501 2.49970052E-3 2.31662253E-3 5.38122607E-3 2.73675844E-3
11.462502 2.50004791E-3 2.31630052E-3 5.38047869E-3 2.74312077E-3
11.457501 2.50039157E-3 1.15799112E-2 7.86951277E-3 2.74938671E-3
11.452501 2.49947095E-3 2.31683534E-3 5.38172061E-3 2.75684008E-3
11.447501 2.50043883E-3 0 4.32160031E-3 2.76185619E-3
11.442501 2.50014313E-3 2.31621251E-3 5.3802738E-3 2.76735751E-3
11.437501 2.49984534E-3 2.31648842E-3 5.38091455E-3 2.77115451E-3
NO NO NO NO NO
NO NO NO NO NO
