11.637501 2.50014057E-3 2.31621484E-3 5.38027892E-3 9.68812965E-5
11.632501 2.4999443E-3 4.63279337E-3 6.15770603E-3 1.93821557E-4
11.627501 2.49974569E-3 0 4.32279846E-3 3.53231531E-4
11.622501 2.50019389E-3 0 4.3220236E-3 5.51448145E-4
11.617501 2.4999897E-3 0 4.32237657E-3 7.59133662E-4
11.612501 2.49978318E-3 4.63309186E-3 6.15810277E-3 9.65254148E-4
11.607501 2.50022183E-3 9.26455855E-3 7.36404862E-3 1.1711102E-3
11.602501 2.50000972E-3 2.31633591E-3 5.38056064E-3 1.38073089E-3
11.597502 2.49979552E-3 4.6330695E-3 6.1580725E-3 1.5969713E-3
11.592502 2.50022463E-3 2.31613708E-3 5.38009824E-3 1.82221492E-3
11.587502 2.5000046E-3 6.94902195E-3 6.80191536E-3 2.06020661E-3
11.582501 2.49978248E-3 4.63309325E-3 6.15810417E-3 2.31377827E-3
11.577501 2.50020227E-3 6.94847293E-3 6.80137752E-3 2.58619967E-3
11.572501 2.49997457E-3 9.26547404E-3 7.36477692E-3 2.88400613E-3
11.567501 2.49974476E-3 0 4.32280032E-3 3.21461866E-3
11.562502 2.50015524E-3 9.26480535E-3 7.36424513E-3 3.59068555E-3
11.557502 2.49991985E-3 2.3164195E-3 5.38075436E-3 4.037017E-3
11.552502 2.50032358E-3 4.63209068E-3 6.15677191E-3 4.59447457E-3
11.547501 2.5000826E-3 6.94880541E-3 6.80170348E-3 5.34302089E-3
11.5425 2.49983952E-3 1.15824686E-2 7.87125062E-3 6.32122671E-3
11.5375 2.50023394E-3 1.38967698E-2 8.33360571E-3 7.38755194E-3
11.5325 2.49998551E-3 1.62145104E-2 8.76482762E-3 8.27004295E-3
11.527501 2.49973475E-3 1.38995452E-2 8.33526999E-3 8.7787658E-3
11.522501 2.50011985E-3 1.38974041E-2 8.33398569E-3 8.90035089E-3
11.517501 2.49986374E-3 4.63294238E-3 6.1579044E-3 8.71764962E-3
11.512501 2.50024232E-3 1.15806023E-2 7.86998309E-3 8.31104629E-3
11.507501 2.49998085E-3 1.85309034E-2 9.16825701E-3 7.75264017E-3
11.502501 2.49971705E-3 4.63321432E-3 6.15826529E-3 7.08984677E-3
11.497501 2.50008656E-3 6.9487947E-3 6.80169277E-3 6.35629194E-3
11.492501 2.4998174E-3 4.63302853E-3 6.15801848E-3 5.58029814E-3
11.487501 2.50018039E-3 9.26471222E-3 7.36417109E-3 4.77685733E-3
11.482501 2.49990588E-3 1.38985934E-2 8.33470002E-3 3.96241201E-3
11.477501 2.50026234E-3 4.63220384E-3 6.15692232E-3 3.14725749E-3
11.472501 2.49998248E-3 2.31636129E-3 5.38061932E-3 2.34859204E-3
11.467501 2.49970052E-3 6.94986759E-3 6.80274284E-3 1.59090175E-3
11.462502 2.50004791E-3 2.31630052E-3 5.38047869E-3 9.33830976E-4
11.457501 2.50039157E-3 4.63196449E-3 6.15660427E-3 4.64139186E-4
11.452501 2.49947095E-3 9.26734135E-3 7.36626144E-3 2.11092745E-4
11.447501 2.50043883E-3 4.63187695E-3 6.15648786E-3 1.08052518E-4
11.442501 2.50014313E-3 4.63242503E-3 6.15721615E-3 6.92917456E-5
11.437501 2.49984534E-3 0 4.32262616E-3 5.10043938E-5
NO NO NO NO NO
11.637501 2.50014057E-3 4.63242969E-3 6.1572222E-3 5.48602693E-5
11.632501 2.4999443E-3 0 4.32245526E-3 1.1655136E-4
11.627501 2.49974569E-3 2.31658062E-3 5.38112922E-3 2.36431151E-4
11.622501 2.50019389E-3 4.63233097E-3 6.15709089E-3 4.04872262E-4
11.617501 2.4999897E-3 2.31635454E-3 5.38060395E-3 5.93263481E-4
11.612501 2.49978318E-3 0 4.32273373E-3 7.84218428E-4
11.607501 2.50022183E-3 4.63227928E-3 6.15702244E-3 9.75257426E-4
11.602501 2.50000972E-3 2.31633591E-3 5.38056064E-3 1.16862182E-3
11.597502 2.49979552E-3 1.15826735E-2 7.87138939E-3 1.36656815E-3
11.592502 2.50022463E-3 0 4.32197051E-3 1.57130219E-3
11.587502 2.5000046E-3 4.63268161E-3 6.15755701E-3 1.78612152E-3
11.582501 2.49978248E-3 9.26618651E-3 7.3653427E-3 2.01338669E-3
11.577501 2.50020227E-3 0 4.32200916E-3 2.25567631E-3
11.572501 2.49997457E-3 1.38982115E-2 8.33446998E-3 2.51804874E-3
11.567501 2.49974476E-3 0 4.32280032E-3 2.80555687E-3
11.562502 2.50015524E-3 6.94860378E-3 6.80150604E-3 3.12609761E-3
11.557502 2.49991985E-3 2.3164195E-3 5.38075436E-3 3.4960804E-3
11.552502 2.50032358E-3 9.26418137E-3 7.3637492E-3 3.94539163E-3
11.547501 2.5000826E-3 9.26507358E-3 7.36445887E-3 4.54461761E-3
11.5425 2.49983952E-3 9.2659751E-3 7.36517506E-3 5.36716729E-3
11.5375 2.50023394E-3 6.94838492E-3 6.80129137E-3 6.36286894E-3
11.5325 2.49998551E-3 9.265434E-3 7.36474525E-3 7.31050456E-3
11.527501 2.49973475E-3 4.63318173E-3 6.15822198E-3 7.97692593E-3
11.522501 2.50011985E-3 9.26493574E-3 7.36434897E-3 8.28203093E-3
11.517501 2.49986374E-3 9.26588476E-3 7.36510381E-3 8.27100687E-3
11.512501 2.50024232E-3 1.38967233E-2 8.33357777E-3 8.01141746E-3
11.507501 2.49998085E-3 6.94908854E-3 6.80198055E-3 7.57537503E-3
11.502501 2.49971705E-3 4.63321432E-3 6.15826529E-3 7.01496704E-3
11.497501 2.50008656E-3 6.9487947E-3 6.80169277E-3 6.36858027E-3
11.492501 2.4998174E-3 1.85321141E-2 9.16885585E-3 5.66819683E-3
11.487501 2.50018039E-3 9.26471222E-3 7.36417109E-3 4.93117655E-3
11.482501 2.49990588E-3 9.26572923E-3 7.36497948E-3 4.17515356E-3
11.477501 2.50026234E-3 2.31610192E-3 5.38001722E-3 3.40946415E-3
11.472501 2.49998248E-3 2.31636129E-3 5.38061932E-3 2.64703529E-3
11.467501 2.49970052E-3 2.31662253E-3 5.38122607E-3 1.90324977E-3
11.462502 2.50004791E-3 2.31630052E-3 5.38047869E-3 1.21988379E-3
11.457501 2.50039157E-3 1.15799112E-2 7.86951277E-3 6.76773663E-4
11.452501 2.49947095E-3 2.31683534E-3 5.38172061E-3 3.35613615E-4
11.447501 2.50043883E-3 0 4.32160031E-3 1.6946574E-4
11.442501 2.50014313E-3 2.31621251E-3 5.3802738E-3 9.78615426E-5
11.437501 2.49984534E-3 2.31648842E-3 5.38091455E-3 6.43948224E-5
NO NO NO NO NO
NO NO NO NO NO
