11.637501 2.50014057E-3 2.31621484E-3 5.38027892E-3 9.26300781E-5
11.632501 2.4999443E-3 4.63279337E-3 6.15770603E-3 1.83730328E-4
11.627501 2.49974569E-3 0 4.32279846E-3 3.35107005E-4
11.622501 2.50019389E-3 0 4.3220236E-3 5.26615302E-4
11.617501 2.4999897E-3 0 4.32237657E-3 7.31409411E-4
11.612501 2.49978318E-3 4.63309186E-3 6.15810277E-3 9.3870284E-4
11.607501 2.50022183E-3 9.26455855E-3 7.36404862E-3 1.14945672E-3
11.602501 2.50000972E-3 2.31633591E-3 5.38056064E-3 1.36772299E-3
11.597502 2.49979552E-3 4.6330695E-3 6.1580725E-3 1.59674918E-3
11.592502 2.50022463E-3 2.31613708E-3 5.38009824E-3 1.83960597E-3
11.587502 2.5000046E-3 6.94902195E-3 6.80191536E-3 2.10106745E-3
11.582501 2.49978248E-3 4.63309325E-3 6.15810417E-3 2.3854014E-3
11.577501 2.50020227E-3 6.94847293E-3 6.80137752E-3 2.69777025E-3
11.572501 2.49997457E-3 9.26547404E-3 7.36477692E-3 3.04707116E-3
11.567501 2.49974476E-3 0 4.32280032E-3 3.44257453E-3
11.562502 2.50015524E-3 9.26480535E-3 7.36424513E-3 3.8950115E-3
11.557502 2.49991985E-3 2.3164195E-3 5.38075436E-3 4.41677449E-3
11.552502 2.50032358E-3 4.63209068E-3 6.15677191E-3 5.00929682E-3
11.547501 2.5000826E-3 6.94880541E-3 6.80170348E-3 5.66765154E-3
11.5425 2.49983952E-3 1.15824686E-2 7.87125062E-3 6.37365645E-3
11.5375 2.50023394E-3 1.38967698E-2 8.33360571E-3 7.10178213E-3
11.5325 2.49998551E-3 1.62145104E-2 8.76482762E-3 7.82389939E-3
11.527501 2.49973475E-3 1.38995452E-2 8.33526999E-3 8.49316549E-3
11.522501 2.50011985E-3 1.38974041E-2 8.33398569E-3 9.00362246E-3
11.517501 2.49986374E-3 4.63294238E-3 6.1579044E-3 9.16804653E-3
11.512501 2.50024232E-3 1.15806023E-2 7.86998309E-3 8.84229131E-3
11.507501 2.49998085E-3 1.85309034E-2 9.16825701E-3 8.11207574E-3
11.502501 2.49971705E-3 4.63321432E-3 6.15826529E-3 7.19133206E-3
11.497501 2.50008656E-3 6.9487947E-3 6.80169277E-3 6.23509753E-3
11.492501 2.4998174E-3 4.63302853E-3 6.15801848E-3 5.30464342E-3
11.487501 2.50018039E-3 9.26471222E-3 7.36417109E-3 4.41331649E-3
11.482501 2.49990588E-3 1.38985934E-2 8.33470002E-3 3.56914708E-3
11.477501 2.50026234E-3 4.63220384E-3 6.15692232E-3 2.77284323E-3
11.472501 2.49998248E-3 2.31636129E-3 5.38061932E-3 2.03126413E-3
11.467501 2.49970052E-3 6.94986759E-3 6.80274284E-3 1.35727925E-3
11.462502 2.50004791E-3 2.31630052E-3 5.38047869E-3 7.91669125E-4
11.457501 2.50039157E-3 4.63196449E-3 6.15660427E-3 3.95684445E-4
11.452501 2.49947095E-3 9.26734135E-3 7.36626144E-3 1.84207704E-4
11.447501 2.50043883E-3 4.63187695E-3 6.15648786E-3 9.75768053E-5
11.442501 2.50014313E-3 4.63242503E-3 6.15721615E-3 6.41490187E-5
11.437501 2.49984534E-3 0 4.32262616E-3 4.78341317E-5
NO NO NO NO NO
11.637501 2.50014057E-3 4.63242969E-3 6.1572222E-3 5.28890414E-5
11.632501 2.4999443E-3 0 4.32245526E-3 1.10538342E-4
11.627501 2.49974569E-3 2.31658062E-3 5.38112922E-3 2.23451934E-4
11.622501 2.50019389E-3 4.63233097E-3 6.15709089E-3 3.84559418E-4
11.617501 2.4999897E-3 2.31635454E-3 5.38060395E-3 5.68294141E-4
11.612501 2.49978318E-3 0 4.32273373E-3 7.58223992E-4
11.607501 2.50022183E-3 4.63227928E-3 6.15702244E-3 9.51672322E-4
11.602501 2.50000972E-3 2.31633591E-3 5.38056064E-3 1.15083891E-3
11.597502 2.49979552E-3 1.15826735E-2 7.87138939E-3 1.35820487E-3
11.592502 2.50022463E-3 0 4.32197051E-3 1.57645799E-3
11.587502 2.5000046E-3 4.63268161E-3 6.15755701E-3 1.80967571E-3
11.582501 2.49978248E-3 9.26618651E-3 7.3653427E-3 2.06136052E-3
11.577501 2.50020227E-3 0 4.32200916E-3 2.33567599E-3
11.572501 2.49997457E-3 1.38982115E-2 8.33446998E-3 2.63990858E-3
11.567501 2.49974476E-3 0 4.32280032E-3 2.98182783E-3
11.562502 2.50015524E-3 6.94860378E-3 6.80150604E-3 3.37132369E-3
11.557502 2.49991985E-3 2.3164195E-3 5.38075436E-3 3.82151641E-3
11.552502 2.50032358E-3 9.26418137E-3 7.3637492E-3 4.33812058E-3
11.547501 2.5000826E-3 9.26507358E-3 7.36445887E-3 4.92186937E-3
11.5425 2.49983952E-3 9.2659751E-3 7.36517506E-3 5.56062907E-3
11.5375 2.50023394E-3 6.94838492E-3 6.80129137E-3 6.23508636E-3
11.5325 2.49998551E-3 9.265434E-3 7.36474525E-3 6.92650676E-3
11.527501 2.49973475E-3 4.63318173E-3 6.15822198E-3 7.60485232E-3
11.522501 2.50011985E-3 9.26493574E-3 7.36434897E-3 8.20007641E-3
11.517501 2.49986374E-3 9.26588476E-3 7.36510381E-3 8.55958275E-3
11.512501 2.50024232E-3 1.38967233E-2 8.33357777E-3 8.4985923E-3
11.507501 2.49998085E-3 6.94908854E-3 6.80198055E-3 8.00044928E-3
11.502501 2.49971705E-3 4.63321432E-3 6.15826529E-3 7.23001221E-3
11.497501 2.50008656E-3 6.9487947E-3 6.80169277E-3 6.36267662E-3
11.492501 2.4998174E-3 1.85321141E-2 9.16885585E-3 5.4878043E-3
11.487501 2.50018039E-3 9.26471222E-3 7.36417109E-3 4.63491771E-3
11.482501 2.49990588E-3 9.26572923E-3 7.36497948E-3 3.82035086E-3
11.477501 2.50026234E-3 2.31610192E-3 5.38001722E-3 3.04645998E-3
11.472501 2.49998248E-3 2.31636129E-3 5.38061932E-3 2.31762021E-3
11.467501 2.49970052E-3 2.31662253E-3 5.38122607E-3 1.63998071E-3
11.462502 2.50004791E-3 2.31630052E-3 5.38047869E-3 1.04082853E-3
11.457501 2.50039157E-3 1.15799112E-2 7.86951277E-3 5.76906255E-4
11.452501 2.49947095E-3 2.31683534E-3 5.38172061E-3 2.89365504E-4
11.447501 2.50043883E-3 0 4.32160031E-3 1.49429819E-4
11.442501 2.50014313E-3 2.31621251E-3 5.3802738E-3 8.84389665E-5
11.437501 2.49984534E-3 2.31648842E-3 5.38091455E-3 5.94070334E-5
NO NO NO NO NO
11.638751 1.25033886E-3 0 8.64237454E-3 1.33935612E-6
11.63625 1.24980172E-3 0 8.64608865E-3 3.59976229E-6
11.633751 1.24991557E-3 0 8.64530168E-3 1.07755668E-5
11.631251 1.25002873E-3 0 8.64451844E-3 2.71124864E-5
11.628751 1.25014153E-3 0 8.64373893E-3 5.42853886E-5
11.626251 1.24960416E-3 0 8.64745583E-3 8.95893027E-5
11.623752 1.25036587E-3 0 8.64218827E-3 1.27979394E-4
11.621251 1.24982803E-3 0 8.64590704E-3 1.66485668E-4
11.618752 1.24993944E-3 0 8.64513684E-3 2.0384528E-4
11.616251 1.25005026E-3 0 8.64437036E-3 2.40234309E-4
11.613751 1.25016063E-3 0 8.64360668E-3 2.76111881E-4
11.611251 1.24962255E-3 0 8.64732917E-3 3.12044373E-4
11.608751 1.25038018E-3 0 8.64208955E-3 3.4783929E-4
11.606251 1.24984165E-3 4.63327719E-3 1.07625267E-2 3.84395506E-4
11.603751 1.24995061E-3 0 8.64505954E-3 4.21336212E-4
11.601252 1.25005911E-3 0 8.64430889E-3 4.58969153E-4
11.598751 1.25016714E-3 0 8.64356197E-3 4.97396046E-4
11.596251 1.24962826E-3 0 8.64728913E-3 5.37014101E-4
11.593751 1.25038193E-3 0 8.64207745E-3 5.77150087E-4
11.591251 1.24984269E-3 0 8.64580553E-3 6.19161408E-4
11.588751 1.24994933E-3 0 8.64506792E-3 6.62339909E-4
11.586251 1.25005539E-3 4.63248463E-3 1.07606864E-2 7.07119587E-4
11.583751 1.25016109E-3 0 8.64360388E-3 7.53648812E-4
11.581251 1.24962151E-3 0 8.64733569E-3 8.02616414E-4
11.578752 1.2503711E-3 0 8.64215195E-3 8.53158126E-4
11.576251 1.24983117E-3 4.63331584E-3 1.0762617E-2 9.07380076E-4
11.573751 1.24993548E-3 0 8.64516385E-3 9.64322884E-4
11.571251 1.2500392E-3 4.6325447E-3 1.07608261E-2 1.02477404E-3
11.568751 1.25014246E-3 4.63216193E-3 1.07599366E-2 1.08911365E-3
11.566252 1.2496023E-3 0 8.64746887E-3 1.15845387E-3
11.563751 1.25034782E-3 0 8.64231214E-3 1.23167271E-3
11.561252 1.2498073E-3 4.63340431E-3 1.07628228E-2 1.31200312E-3
11.558751 1.24990917E-3 9.26605333E-3 1.23160323E-2 1.39829761E-3
11.556252 1.25001057E-3 0 8.64464417E-3 1.49176642E-3
11.553751 1.2501115E-3 4.63227695E-3 1.0760203E-2 1.5924325E-3
11.551251 1.25021196E-3 0 8.64325184E-3 1.69915822E-3
11.548751 1.24967087E-3 0 8.6469939E-3 1.80990866E-3
11.546251 1.25041173E-3 0 8.64187162E-3 1.91768992E-3
11.543751 1.24987029E-3 0 8.64561554E-3 2.02325103E-3
11.541251 1.24996935E-3 9.26560722E-3 1.23154391E-2 2.1239866E-3
11.538751 1.25006796E-3 9.26487707E-3 1.23144677E-2 2.22475431E-3
11.536251 1.2501661E-3 4.63207485E-3 1.07597345E-2 2.33083661E-3
11.533751 1.2496243E-3 4.63408278E-3 1.07643986E-2 2.44748825E-3
11.531251 1.25036109E-3 0 8.64222087E-3 2.57134857E-3
11.52875 1.24981895E-3 4.63336101E-3 1.07627222E-2 2.70427135E-3
11.526251 1.2499158E-3 0 8.64530075E-3 2.83742719E-3
11.523751 1.25001208E-3 4.63264529E-3 1.07610598E-2 2.9673879E-3
11.521251 1.25010789E-3 0 8.64397176E-3 3.08695505E-3
11.518751 1.25020312E-3 9.26387496E-3 1.23131359E-2 3.17953178E-3
11.516251 1.24966062E-3 4.63394821E-3 1.07640866E-2 3.21975653E-3
11.513751 1.2497555E-3 4.63359663E-3 1.07632689E-2 3.18341842E-3
11.511251 1.25048682E-3 9.26177297E-3 1.23103429E-2 3.07413097E-3
11.508751 1.24994363E-3 0 8.64510704E-3 2.92230677E-3
11.50625 1.25003711E-3 4.63255262E-3 1.07608438E-2 2.75039393E-3
11.503751 1.25013012E-3 4.63220757E-3 1.07600428E-2 2.57637282E-3
11.501251 1.24958693E-3 9.2684431E-3 1.23192081E-2 2.40800297E-3
11.498751 1.25031511E-3 4.63152258E-3 1.07584521E-2 2.24224594E-3
11.496251 1.24977145E-3 0 8.6462982E-3 2.08284031E-3
11.493752 1.24986307E-3 4.63319756E-3 1.07623423E-2 1.9257759E-3
11.491252 1.24995434E-3 0 8.64503346E-3 1.77219044E-3
11.488751 1.25004502E-3 0 8.64440575E-3 1.6222056E-3
11.486251 1.25013525E-3 4.63218894E-3 1.0759999E-2 1.47559715E-3
11.483751 1.25022512E-3 0 8.64316151E-3 1.33203634E-3
11.481251 1.24968076E-3 0 8.64692591E-3 1.19208614E-3
11.478751 1.25040347E-3 0 8.64192843E-3 1.05409545E-3
11.476251 1.24985888E-3 0 8.64569377E-3 9.20594495E-4
11.473751 1.24994724E-3 4.63288557E-3 1.07616177E-2 7.90067948E-4
11.471251 1.25003525E-3 0 8.64447374E-3 6.63023675E-4
11.468751 1.25012279E-3 0 8.64386838E-3 5.3934555E-4
11.466251 1.24957785E-3 0 8.64763837E-3 4.19515738E-4
11.463751 1.2502966E-3 4.63159103E-3 1.07586104E-2 3.04496818E-4
11.461251 1.24975131E-3 0 8.6464379E-3 1.99920876E-4
11.458752 1.24983757E-3 0 8.64584185E-3 1.14063754E-4
11.456251 1.25055399E-3 0 8.64088815E-3 5.47878517E-5
11.453751 1.25000824E-3 0 8.64466093E-3 2.21835198E-5
11.451251 1.24946272E-3 0 8.64843559E-3 8.1778071E-6
11.448751 1.25017751E-3 0 8.64349026E-3 3.38323093E-6
11.446251 1.25026132E-3 4.63172188E-3 1.07589141E-2 2.03059813E-6
11.443751 1.24971522E-3 0 8.64668749E-3 1.59089188E-6
11.441251 1.25042791E-3 0 8.64175986E-3 1.33656556E-6
11.43875 1.24988146E-3 0 8.64553731E-3 1.14762668E-6
NO NO NO NO NO
11.638751 1.25033886E-3 0 8.64237454E-3 0
11.63625 1.24980172E-3 0 8.64608865E-3 0
11.633751 1.24991557E-3 0 8.64530168E-3 0
11.631251 1.25002873E-3 0 8.64451844E-3 0
11.628751 1.25014153E-3 0 8.64373893E-3 0
11.626251 1.24960416E-3 0 8.64745583E-3 0
11.623752 1.25036587E-3 0 8.64218827E-3 0
11.621251 1.24982803E-3 0 8.64590704E-3 0
11.618752 1.24993944E-3 0 8.64513684E-3 0
11.616251 1.25005026E-3 0 8.64437036E-3 0
11.613751 1.25016063E-3 0 8.64360668E-3 0
11.611251 1.24962255E-3 0 8.64732917E-3 0
11.608751 1.25038018E-3 0 8.64208955E-3 0
11.606251 1.24984165E-3 0 8.64581298E-3 0
11.603751 1.24995061E-3 0 8.64505954E-3 0
11.601252 1.25005911E-3 0 8.64430889E-3 0
11.598751 1.25016714E-3 0 8.64356197E-3 0
11.596251 1.24962826E-3 0 8.64728913E-3 0
11.593751 1.25038193E-3 0 8.64207745E-3 0
11.591251 1.24984269E-3 0 8.64580553E-3 0
11.588751 1.24994933E-3 0 8.64506792E-3 0
11.586251 1.25005539E-3 0 8.64433404E-3 0
11.583751 1.25016109E-3 0 8.64360388E-3 0
11.581251 1.24962151E-3 0 8.64733569E-3 0
11.578752 1.2503711E-3 0 8.64215195E-3 0
11.576251 1.24983117E-3 0 8.64588469E-3 0
11.573751 1.24993548E-3 0 8.64516385E-3 0
11.571251 1.2500392E-3 0 8.64444673E-3 0
11.568751 1.25014246E-3 0 8.64373241E-3 0
11.566252 1.2496023E-3 0 8.64746887E-3 0
11.563751 1.25034782E-3 0 8.64231214E-3 0
11.561252 1.2498073E-3 0 8.64605047E-3 0
11.558751 1.24990917E-3 0 8.64534546E-3 0
11.556252 1.25001057E-3 0 8.64464417E-3 0
11.553751 1.2501115E-3 0 8.64394661E-3 0
11.551251 1.25021196E-3 0 8.64325184E-3 0
11.548751 1.24967087E-3 0 8.6469939E-3 0
11.546251 1.25041173E-3 0 8.64187162E-3 0
11.543751 1.24987029E-3 0 8.64561554E-3 0
11.541251 1.24996935E-3 0 8.64493009E-3 0
11.538751 1.25006796E-3 0 8.64424836E-3 0
11.536251 1.2501661E-3 0 8.64356942E-3 0
11.533751 1.2496243E-3 0 8.64731614E-3 0
11.531251 1.25036109E-3 0 8.64222087E-3 0
11.52875 1.24981895E-3 0 8.64596944E-3 0
11.526251 1.2499158E-3 0 8.64530075E-3 0
11.523751 1.25001208E-3 0 8.64463393E-3 0
11.521251 1.25010789E-3 0 8.64397176E-3 0
11.518751 1.25020312E-3 0 8.64331238E-3 0
11.516251 1.24966062E-3 0 8.64706561E-3 0
11.513751 1.2497555E-3 0 8.64640903E-3 0
11.511251 1.25048682E-3 0 8.64135195E-3 0
11.508751 1.24994363E-3 0 8.64510704E-3 0
11.50625 1.25003711E-3 0 8.6444607E-3 0
11.503751 1.25013012E-3 0 8.64381716E-3 0
11.501251 1.24958693E-3 0 8.64757504E-3 0
11.498751 1.25031511E-3 0 8.64253938E-3 0
11.496251 1.24977145E-3 0 8.6462982E-3 0
11.493752 1.24986307E-3 0 8.6456649E-3 0
11.491252 1.24995434E-3 0 8.64503346E-3 0
11.488751 1.25004502E-3 0 8.64440575E-3 0
11.486251 1.25013525E-3 0 8.64378177E-3 0
11.483751 1.25022512E-3 0 8.64316151E-3 0
11.481251 1.24968076E-3 0 8.64692591E-3 0
11.478751 1.25040347E-3 0 8.64192843E-3 0
11.476251 1.24985888E-3 0 8.64569377E-3 0
11.473751 1.24994724E-3 0 8.64508189E-3 0
11.471251 1.25003525E-3 0 8.64447374E-3 0
11.468751 1.25012279E-3 0 8.64386838E-3 0
11.466251 1.24957785E-3 0 8.64763837E-3 0
11.463751 1.2502966E-3 0 8.64266697E-3 0
11.461251 1.24975131E-3 0 8.6464379E-3 0
11.458752 1.24983757E-3 0 8.64584185E-3 0
11.456251 1.25055399E-3 0 8.64088815E-3 0
11.453751 1.25000824E-3 0 8.64466093E-3 0
11.451251 1.24946272E-3 0 8.64843559E-3 0
11.448751 1.25017751E-3 0 8.64349026E-3 0
11.446251 1.25026132E-3 0 8.64291098E-3 0
11.443751 1.24971522E-3 0 8.64668749E-3 0
11.441251 1.25042791E-3 0 8.64175986E-3 0
11.43875 1.24988146E-3 0 8.64553731E-3 0
