9.7975006 2.50024977E-3 9.26445518E-3 7.36396667E-3 2.13320327E-5
9.7925005 2.5000032E-3 6.94902614E-3 6.80191908E-3 3.21065163E-5
9.7875013 2.49975361E-3 9.26629268E-3 7.36542791E-3 5.61398847E-5
9.7825012 2.49996083E-3 9.26552527E-3 7.36481743E-3 1.07922533E-4
9.7775011 2.50016339E-3 6.94858097E-3 6.80148369E-3 1.94127526E-4
9.772501 2.49990262E-3 4.63287067E-3 6.15780847E-3 3.04660527E-4
9.7675009 2.50009703E-3 6.94876537E-3 6.80166436E-3 4.26115352E-4
9.7625008 2.49982905E-3 4.63300711E-3 6.15798961E-3 5.54238737E-4
9.7575016 2.50001531E-3 9.26532317E-3 7.36465724E-3 6.90530171E-4
9.7525015 2.50019715E-3 2.31616246E-3 5.38015738E-3 8.38411273E-4
9.7475014 2.49991799E-3 6.94926316E-3 6.80215098E-3 1.0021585E-3
9.7425013 2.50009191E-3 4.63252002E-3 6.15734234E-3 1.18635746E-3
9.7375011 2.49980553E-3 1.1582626E-2 7.87135772E-3 1.39824871E-3
9.732501 2.49997131E-3 4.63274308E-3 6.15763897E-3 1.64990698E-3
9.7275009 2.50013266E-3 4.63244412E-3 6.15724176E-3 1.96711952E-3
9.7225008 2.50028959E-3 2.31607677E-3 5.37995854E-3 2.39542103E-3
9.7175007 2.4999883E-3 9.26542375E-3 7.36473687E-3 3.00360052E-3
9.7125006 2.49968399E-3 6.94991415E-3 6.80278847E-3 3.85736022E-3
9.7075005 2.50028213E-3 4.63216752E-3 6.15687389E-3 4.9452791E-3
9.7025003 2.49996991E-3 1.15818651E-2 7.87084084E-3 6.06976822E-3
9.6975012 2.49965466E-3 9.26666055E-3 7.36571988E-3 6.78946404E-3
9.6925011 2.50023906E-3 6.94837049E-3 6.8012774E-3 6.7241136E-3
9.687501 2.49991589E-3 4.63284599E-3 6.15777541E-3 5.98565768E-3
9.6825008 2.50004022E-3 1.15815382E-2 7.87061825E-3 5.01423096E-3
9.6775007 2.50016036E-3 9.26478673E-3 7.36423023E-3 4.11525695E-3
9.6725006 2.49982625E-3 9.26602446E-3 7.36521417E-3 3.35229514E-3
9.6675014 2.49993848E-3 2.31640204E-3 5.38071431E-3 2.70143151E-3
9.6625013 2.50004628E-3 2.31630215E-3 5.38048195E-3 2.13580742E-3
9.6575012 2.50014965E-3 1.38972383E-2 8.33388697E-3 1.63802691E-3
9.6525011 2.49980111E-3 0 4.32270253E-3 1.20058807E-3
9.647501 2.4998968E-3 6.94932183E-3 6.80220872E-3 8.20062647E-4
9.6425009 2.5004351E-3 4.63188393E-3 6.15649717E-3 5.02351904E-4
9.6375008 2.49962858E-3 6.95006736E-3 6.80293841E-3 2.67847325E-4
9.6325006 2.50015827E-3 0 4.32208553E-3 1.29445834E-4
9.6275015 2.49979133E-3 4.63307695E-3 6.15808275E-3 6.71955713E-5
9.6225014 2.50031124E-3 6.94816979E-3 6.80108089E-3 4.29109896E-5
9.6175003 2.49993685E-3 4.63280734E-3 6.15772419E-3 3.16142177E-5
NO NO NO NO NO
9.7975006 2.50024977E-3 4.63222759E-3 6.15695352E-3 1.53804267E-5
9.7925005 2.5000032E-3 2.31634197E-3 5.38057461E-3 2.13249277E-5
9.7875013 2.49975361E-3 4.63314634E-3 6.15817541E-3 3.54834301E-5
9.7825012 2.49996083E-3 6.94914395E-3 6.80203456E-3 7.12270412E-5
9.7775011 2.50016339E-3 6.94858097E-3 6.80148369E-3 1.40512508E-4
9.772501 2.49990262E-3 0 4.32252744E-3 2.38974637E-4
9.7675009 2.50009703E-3 9.26502049E-3 7.36441649E-3 3.52127216E-4
9.7625008 2.49982905E-3 6.94951043E-3 6.80239359E-3 4.7203133E-4
9.7575016 2.50001531E-3 4.63266158E-3 6.15753094E-3 5.97405655E-4
9.7525015 2.50019715E-3 2.31616246E-3 5.38015738E-3 7.28923013E-4
9.7475014 2.49991799E-3 2.3164209E-3 5.38075808E-3 8.69029725E-4
9.7425013 2.50009191E-3 4.63252002E-3 6.15734234E-3 1.0226029E-3
9.7375011 2.49980553E-3 0 4.32269508E-3 1.19799806E-3
9.732501 2.49997131E-3 4.63274308E-3 6.15763897E-3 1.40553864E-3
9.7275009 2.50013266E-3 2.31622206E-3 5.38029615E-3 1.66206993E-3
9.7225008 2.50028959E-3 9.2643071E-3 7.36384932E-3 1.99761824E-3
9.7175007 2.4999883E-3 1.15817795E-2 7.87078217E-3 2.46579549E-3
9.7125006 2.49968399E-3 9.26655158E-3 7.36563373E-3 3.13872891E-3
9.7075005 2.50028213E-3 1.15804188E-2 7.86985736E-3 4.05744743E-3
9.7025003 2.49996991E-3 4.63274587E-3 6.1576427E-3 5.1309038E-3
9.6975012 2.49965466E-3 1.38999913E-2 8.33553728E-3 6.027258E-3
9.6925011 2.50023906E-3 9.26449429E-3 7.36399787E-3 6.31650444E-3
9.687501 2.49991589E-3 1.15821147E-2 7.87101034E-3 5.89458365E-3
9.6825008 2.50004022E-3 2.08467692E-2 9.54897609E-3 5.07616159E-3
9.6775007 2.50016036E-3 4.63239336E-3 6.15717378E-3 4.20814054E-3
9.6725006 2.49982625E-3 4.63301223E-3 6.1579966E-3 3.42278532E-3
9.6675014 2.49993848E-3 1.38984127E-2 8.33459105E-3 2.74067698E-3
9.6625013 2.50004628E-3 9.26520862E-3 7.36456597E-3 2.15826603E-3
9.6575012 2.50014965E-3 9.26482491E-3 7.36426143E-3 1.65976537E-3
9.6525011 2.49980111E-3 9.26611759E-3 7.36528821E-3 1.23150949E-3
9.647501 2.4998968E-3 0 4.32253722E-3 8.64600122E-4
9.6425009 2.5004351E-3 2.31594197E-3 5.37964562E-3 5.58253145E-4
9.6375008 2.49962858E-3 0 4.32300102E-3 3.23042419E-4
9.6325006 2.50015827E-3 9.26479418E-3 7.36423628E-3 1.70220388E-4
9.6275015 2.49979133E-3 4.63307695E-3 6.15808275E-3 9.06246569E-5
9.6225014 2.50031124E-3 2.31605652E-3 5.37991151E-3 5.45649527E-5
9.6175003 2.49993685E-3 2.31640367E-3 5.38071757E-3 3.71991664E-5
NO NO NO NO NO
9.7987509 1.24998239E-3 0 8.64483975E-3 4.60136704E-7
9.7962513 1.25026726E-3 9.26339906E-3 1.23125045E-2 5.22867936E-7
9.7937508 1.25009031E-3 0 8.64409376E-3 6.01244551E-7
9.7912502 1.24991301E-3 4.63301269E-3 1.0761912E-2 7.31259377E-7
9.7887506 1.24973559E-3 0 8.64654686E-3 1.12120733E-6
9.7862511 1.25001813E-3 0 8.64459202E-3 2.59393369E-6
9.7837505 1.25029986E-3 0 8.64264462E-3 7.16850946E-6
9.781251 1.24966097E-3 0 8.64706282E-3 1.74161687E-5
9.7787514 1.25040137E-3 0 8.6419424E-3 3.41731611E-5
9.7762508 1.24976202E-3 0 8.64636339E-3 5.57246385E-5
9.7737513 1.25004142E-3 0 8.6444309E-3 7.92463325E-5
9.7712507 1.24986109E-3 0 8.64567794E-3 1.03247723E-4
9.7687511 1.2501392E-3 0 8.64375569E-3 1.27182895E-4
9.7662506 1.24995783E-3 0 8.64500925E-3 1.51252127E-4
9.763751 1.25023455E-3 4.63182107E-3 1.07591441E-2 1.75611916E-4
9.7612505 1.2495945E-3 0 8.64752289E-3 2.00710245E-4
9.7587509 1.25032791E-3 0 8.64244998E-3 2.26423042E-4
9.7562513 1.2496874E-3 0 8.64688028E-3 2.53423961E-4
9.7537508 1.25041907E-3 0 8.6418204E-3 2.81346962E-4
9.7512503 1.24977808E-3 0 8.64625257E-3 3.10933043E-4
9.7487507 1.25005119E-3 4.63250047E-3 1.07607227E-2 3.41820967E-4
9.7462511 1.24986679E-3 4.63318359E-3 1.07623097E-2 3.74569237E-4
9.7437506 1.25013851E-3 4.63217683E-3 1.07599711E-2 4.09199885E-4
9.741251 1.24995329E-3 9.26572643E-3 1.23155974E-2 4.46366932E-4
9.7387505 1.25022361E-3 4.63186158E-3 1.07592382E-2 4.86195611E-4
9.7362509 1.24958192E-3 0 8.64761043E-3 5.29741636E-4
9.7337513 1.25030673E-3 0 8.64259712E-3 5.76681574E-4
9.7312508 1.24966458E-3 0 8.64703767E-3 6.29023765E-4
9.7287512 1.25038764E-3 4.63125389E-3 1.07578272E-2 6.8650808E-4
9.7262506 1.24974502E-3 4.63363528E-3 1.07633593E-2 7.52069347E-4
9.7237511 1.25001185E-3 0 8.64463579E-3 8.26526375E-4
9.7212505 1.25027774E-3 0 8.64279736E-3 9.13524185E-4
9.718751 1.24963478E-3 9.26808827E-3 1.23187369E-2 1.01877516E-3
9.7162514 1.25035353E-3 0 8.64227396E-3 1.14809978E-3
9.7137508 1.2497101E-3 4.63376474E-3 1.07636601E-2 1.31372642E-3
9.7112513 1.24997378E-3 0 8.64489935E-3 1.52262999E-3
9.7087507 1.25023653E-3 4.63181362E-3 1.07591273E-2 1.77975139E-3
9.7062502 1.25004561E-3 4.63252096E-3 1.07607711E-2 2.082441E-3
9.7037506 1.24985445E-3 0 8.64572451E-3 2.41932482E-3
9.701251 1.25011546E-3 0 8.6439196E-3 2.76786182E-3
9.6987505 1.24992337E-3 0 8.64524767E-3 3.08459299E-3
9.6962509 1.24973117E-3 4.63368651E-3 1.07634785E-2 3.29282554E-3
9.6937513 1.250442E-3 9.26210452E-3 1.23107843E-2 3.3213289E-3
9.6912508 1.24979706E-3 4.6334425E-3 1.07629104E-2 3.17437854E-3
9.6887512 1.25005492E-3 4.6324865E-3 1.07606901E-2 2.91502988E-3
9.6862507 1.24986097E-3 0 8.64567887E-3 2.62577739E-3
9.6837511 1.25011755E-3 4.6322546E-3 1.07601518E-2 2.34792614E-3
9.6812506 1.24992279E-3 0 8.64525232E-3 2.09823181E-3
9.678751 1.25017797E-3 9.26406123E-3 1.23133846E-2 1.87481812E-3
9.6762505 1.24998228E-3 9.2655113E-3 1.23153115E-2 1.67545839E-3
9.6737509 1.24978647E-3 4.63348161E-3 1.07630026E-2 1.4960682E-3
9.6712513 1.2500399E-3 4.63254238E-3 1.07608205E-2 1.33341539E-3
9.6687508 1.24984316E-3 9.2665432E-3 1.23166824E-2 1.18613848E-3
9.6662512 1.25009532E-3 9.26467404E-3 1.23141985E-2 1.05127483E-3
9.6637516 1.24989776E-3 0 8.64542462E-3 9.27935122E-4
9.6612511 1.25014852E-3 0 8.6436905E-3 8.14056722E-4
9.6587515 1.24995015E-3 0 8.64506233E-3 7.09197193E-4
9.656251 1.25019962E-3 0 8.64333753E-3 6.11865253E-4
9.6537504 1.25000032E-3 0 8.64471495E-3 5.21677022E-4
9.6512508 1.24980079E-3 0 8.64609517E-3 4.37592767E-4
9.6487513 1.25004863E-3 4.63250978E-3 1.0760745E-2 3.58800404E-4
9.6462507 1.24984828E-3 4.63325251E-3 1.07624698E-2 2.85056216E-4
9.6437511 1.25009473E-3 9.26467776E-3 1.23142041E-2 2.15917855E-4
9.6412506 1.25034025E-3 0 8.64236429E-3 1.52137873E-4
9.638751 1.24969194E-3 4.63383226E-3 1.07638156E-2 9.63246348E-5
9.6362514 1.24993664E-3 4.63292468E-3 1.0761709E-2 5.27137599E-5
9.6337509 1.25018053E-3 0 8.64346977E-3 2.44455514E-5
9.6312513 1.24997762E-3 0 8.64487235E-3 9.95750725E-6
9.6287508 1.24977459E-3 0 8.64627678E-3 4.08200776E-6
9.6262512 1.25001674E-3 0 8.64460226E-3 2.13920407E-6
9.6237507 1.25025795E-3 0 8.64293426E-3 1.53426424E-6
9.6212511 1.25005341E-3 0 8.64434801E-3 1.25759334E-6
9.6187506 1.24984863E-3 4.63325111E-3 1.07624661E-2 1.0667402E-6
NO NO NO NO NO
9.7987509 1.24998239E-3 9.26551037E-3 1.23153105E-2 3.65959181E-7
9.7962513 1.25026726E-3 0 8.64287E-3 4.20423135E-7
9.7937508 1.25009031E-3 0 8.64409376E-3 4.94690255E-7
9.7912502 1.24991301E-3 0 8.64531938E-3 6.40801659E-7
9.7887506 1.24973559E-3 9.26734041E-3 1.23177432E-2 1.11666031E-6
9.7862511 1.25001813E-3 0 8.64459202E-3 2.69606016E-6
9.7837505 1.25029986E-3 0 8.64264462E-3 6.86347403E-6
9.781251 1.24966097E-3 0 8.64706282E-3 1.55559355E-5
9.7787514 1.25040137E-3 0 8.6419424E-3 2.93517223E-5
9.7762508 1.24976202E-3 0 8.64636339E-3 4.67840255E-5
9.7737513 1.25004142E-3 0 8.6444309E-3 6.53439783E-5
9.7712507 1.24986109E-3 0 8.64567794E-3 8.34776074E-5
9.7687511 1.2501392E-3 4.6321745E-3 1.07599655E-2 1.00714366E-4
9.7662506 1.24995783E-3 0 8.64500925E-3 1.17329364E-4
9.763751 1.25023455E-3 0 8.64309538E-3 1.33696594E-4
9.7612505 1.2495945E-3 0 8.64752289E-3 1.50460735E-4
9.7587509 1.25032791E-3 0 8.64244998E-3 1.67804843E-4
9.7562513 1.2496874E-3 0 8.64688028E-3 1.86545512E-4
9.7537508 1.25041907E-3 0 8.6418204E-3 2.06739831E-4
9.7512503 1.24977808E-3 0 8.64625257E-3 2.2906829E-4
9.7487507 1.25005119E-3 0 8.64436384E-3 2.53035018E-4
9.7462511 1.24986679E-3 0 8.64563882E-3 2.7854467E-4
9.7437506 1.25013851E-3 0 8.64375941E-3 3.05088819E-4
9.741251 1.24995329E-3 4.63286322E-3 1.07615655E-2 3.32643016E-4
9.7387505 1.25022361E-3 4.63186158E-3 1.07592382E-2 3.60868144E-4
9.7362509 1.24958192E-3 0 8.64761043E-3 3.90191941E-4
9.7337513 1.25030673E-3 4.63155331E-3 1.07585229E-2 4.20351193E-4
9.7312508 1.24966458E-3 4.63393331E-3 1.07640522E-2 4.53324348E-4
9.7287512 1.25038764E-3 0 8.6420374E-3 4.90060134E-4
9.7262506 1.24974502E-3 4.63363528E-3 1.07633593E-2 5.33836428E-4
9.7237511 1.25001185E-3 0 8.64463579E-3 5.8638159E-4
9.7212505 1.25027774E-3 0 8.64279736E-3 6.51452283E-4
9.718751 1.24963478E-3 0 8.64724442E-3 7.34076079E-4
9.7162514 1.25035353E-3 0 8.64227396E-3 8.38529202E-4
9.7137508 1.2497101E-3 4.63376474E-3 1.07636601E-2 9.72581329E-4
9.7112513 1.24997378E-3 0 8.64489935E-3 1.13986013E-3
9.7087507 1.25023653E-3 4.63181362E-3 1.07591273E-2 1.34293712E-3
9.7062502 1.25004561E-3 9.26504191E-3 1.23146884E-2 1.57948246E-3
9.7037506 1.24985445E-3 0 8.64572451E-3 1.8396792E-3
9.701251 1.25011546E-3 4.63226251E-3 1.07601704E-2 2.10337085E-3
9.6987505 1.24992337E-3 1.38989221E-2 1.36046903E-2 2.33655982E-3
9.6962509 1.24973117E-3 4.63368651E-3 1.07634785E-2 2.48548342E-3
9.6937513 1.250442E-3 9.26210452E-3 1.23107843E-2 2.49944022E-3
9.6912508 1.24979706E-3 1.39003266E-2 1.3606065E-2 2.38235365E-3
9.6887512 1.25005492E-3 0 8.64433777E-3 2.18135817E-3
9.6862507 1.24986097E-3 0 8.64567887E-3 1.96091295E-3
9.6837511 1.25011755E-3 0 8.6439047E-3 1.75359391E-3
9.6812506 1.24992279E-3 4.63297637E-3 1.07618282E-2 1.56877341E-3
9.678751 1.25017797E-3 4.63203061E-3 1.07596312E-2 1.40377844E-3
9.6762505 1.24998228E-3 0 8.64483975E-3 1.25638815E-3
9.6737509 1.24978647E-3 4.63348161E-3 1.07630026E-2 1.12302101E-3
9.6712513 1.2500399E-3 0 8.64444207E-3 1.00127142E-3
9.6687508 1.24984316E-3 0 8.64580274E-3 8.90565221E-4
9.6662512 1.25009532E-3 0 8.64405837E-3 7.89066544E-4
9.6637516 1.24989776E-3 0 8.64542462E-3 6.96151692E-4
9.6612511 1.25014852E-3 0 8.6436905E-3 6.10224321E-4
9.6587515 1.24995015E-3 0 8.64506233E-3 5.30875986E-4
9.656251 1.25019962E-3 0 8.64333753E-3 4.57064132E-4
9.6537504 1.25000032E-3 4.63268906E-3 1.07611604E-2 3.8861006E-4
9.6512508 1.24980079E-3 0 8.64609517E-3 3.24810273E-4
9.6487513 1.25004863E-3 4.63250978E-3 1.0760745E-2 2.65112874E-4
9.6462507 1.24984828E-3 4.63325251E-3 1.07624698E-2 2.09378617E-4
9.6437511 1.25009473E-3 4.63233888E-3 1.07603483E-2 1.57366987E-4
9.6412506 1.25034025E-3 0 8.64236429E-3 1.09809327E-4
9.638751 1.24969194E-3 4.63383226E-3 1.07638156E-2 6.8579604E-5
9.6362514 1.24993664E-3 0 8.64515547E-3 3.66402819E-5
9.6337509 1.25018053E-3 4.6320213E-3 1.07596098E-2 1.62177366E-5
9.6312513 1.24997762E-3 0 8.64487235E-3 6.12405393E-6
9.6287508 1.24977459E-3 0 8.64627678E-3 2.42742294E-6
9.6262512 1.25001674E-3 0 8.64460226E-3 1.36737265E-6
9.6237507 1.25025795E-3 0 8.64293426E-3 1.03905347E-6
9.6212511 1.25005341E-3 0 8.64434801E-3 8.70275414E-7
9.6187506 1.24984863E-3 0 8.64576455E-3 7.44569434E-7
