12.177502 2.50014896E-3 0 4.32210136E-3 2.99909711E-3
12.172501 2.50023301E-3 2.31612916E-3 5.38008008E-3 3.01628304E-3
12.167501 2.49960297E-3 0 4.32304526E-3 3.03655234E-3
12.162501 2.50039366E-3 4.63196076E-3 6.15659915E-3 3.05554084E-3
12.157501 2.49975943E-3 1.62159763E-2 8.76562018E-3 3.07520526E-3
12.152501 2.4998337E-3 1.15824956E-2 7.87126925E-3 3.0925055E-3
12.147502 2.49990541E-3 2.31643263E-2 9.91136581E-3 3.10842576E-3
12.142502 2.49997433E-3 1.62145812E-2 8.76486674E-3 3.12318117E-3
12.137502 2.50004069E-3 1.62141528E-2 8.76463391E-3 3.13709606E-3
12.132502 2.50010425E-3 1.38974916E-2 8.33403878E-3 3.15004797E-3
12.127501 2.50016502E-3 2.31619217E-2 9.9103367E-3 3.1616881E-3
12.122501 2.500223E-3 3.01097985E-2 1.09046092E-2 3.17234383E-3
12.117501 2.49957293E-3 2.78008897E-2 1.058916E-2 3.18358233E-3
12.112501 2.50033196E-3 2.77924519E-2 1.05859451E-2 3.19272489E-3
12.107501 2.49967747E-3 2.0849796E-2 9.55036189E-3 3.20313289E-3
12.102501 2.50042998E-3 3.24232541E-2 1.12105096E-2 3.21155437E-3
12.097501 2.4997713E-3 1.15827844E-2 7.87146576E-3 3.22205271E-3
12.092502 2.49981461E-3 2.77982038E-2 1.05881365E-2 3.23178526E-3
12.087502 2.49985512E-3 2.54812725E-2 1.02569703E-2 3.24133667E-3
12.082501 2.50059436E-3 2.77895331E-2 1.0584834E-2 3.24957585E-3
12.0775 2.49992753E-3 2.5480533E-2 1.02566732E-2 3.25937732E-3
12.072501 2.49996013E-3 1.15819098E-2 7.87087157E-3 3.26848123E-3
12.067501 2.49998993E-3 1.85308345E-2 9.16822255E-3 3.27776372E-3
12.062501 2.50001717E-3 1.15816453E-2 7.8706909E-3 3.28662503E-3
12.057501 2.50004185E-3 1.15815308E-2 7.8706136E-3 3.29499762E-3
12.052501 2.50006397E-3 4.63257171E-3 6.15741126E-3 3.30324983E-3
12.047502 2.49938574E-3 0 4.32342105E-3 3.31229088E-3
12.042501 2.50010053E-3 2.31625186E-3 5.38036553E-3 3.31919803E-3
12.037501 2.5001145E-3 6.94871647E-3 6.8016164E-3 3.32685583E-3
12.032501 2.50012614E-3 4.63245669E-3 6.15725806E-3 3.33441515E-3
12.027501 2.50013499E-3 0 4.32212558E-3 3.34207178E-3
NO NO NO NO NO
12.177502 2.50014896E-3 4.63241385E-3 6.15720171E-3 2.8754347E-3
12.172501 2.50023301E-3 2.08451618E-2 9.54824034E-3 2.89236289E-3
12.167501 2.49960297E-3 4.63342573E-3 6.15854654E-3 2.90773716E-3
12.162501 2.50039366E-3 6.94794115E-3 6.80085691E-3 2.9188944E-3
12.157501 2.49975943E-3 1.38994083E-2 8.33518803E-3 2.93044746E-3
12.152501 2.4998337E-3 1.38989948E-2 8.3349403E-3 2.94088433E-3
12.147502 2.49990541E-3 1.15821632E-2 7.87104294E-3 2.95114587E-3
12.142502 2.49997433E-3 2.08473187E-2 9.54922847E-3 2.96115945E-3
12.137502 2.50004069E-3 1.38978446E-2 8.33425019E-3 2.97074369E-3
12.132502 2.50010425E-3 1.1581243E-2 7.87041802E-3 2.98005785E-3
12.127501 2.50016502E-3 6.94857677E-3 6.8014795E-3 2.98977643E-3
12.122501 2.500223E-3 3.24259363E-2 1.12114362E-2 3.00019886E-3
12.117501 2.49957293E-3 2.78008897E-2 1.058916E-2 3.01141804E-3
12.112501 2.50033196E-3 3.01084891E-2 1.09041352E-2 3.01973172E-3
12.107501 2.49967747E-3 2.77997274E-2 1.05887167E-2 3.02837766E-3
12.102501 2.50042998E-3 2.77913623E-2 1.05855307E-2 3.03503708E-3
12.097501 2.4997713E-3 3.01152412E-2 1.09065799E-2 3.0438765E-3
12.092502 2.49981461E-3 2.08486523E-2 9.54983849E-3 3.05196457E-3
12.087502 2.49985512E-3 3.93801481E-2 1.20759802E-2 3.05962353E-3
12.082501 2.50059436E-3 1.85263548E-2 9.16600693E-3 3.06577887E-3
12.0775 2.49992753E-3 1.62148848E-2 8.76503065E-3 3.0732376E-3
12.072501 2.49996013E-3 1.62146743E-2 8.7649161E-3 3.08015826E-3
12.067501 2.49998993E-3 2.08471883E-2 9.54916794E-3 3.08767054E-3
12.062501 2.50001717E-3 1.62143037E-2 8.76471587E-3 3.09495605E-3
12.057501 2.50004185E-3 6.94891857E-3 6.80181431E-3 3.10129276E-3
12.052501 2.50006397E-3 1.62140019E-2 8.76455288E-3 3.1072218E-3
12.047502 2.49938574E-3 2.31691427E-3 5.38190408E-3 3.11436364E-3
12.042501 2.50010053E-3 0 4.32218518E-3 3.11957626E-3
12.037501 2.5001145E-3 2.31623882E-3 5.38033526E-3 3.12473136E-3
12.032501 2.50012614E-3 2.31622835E-3 5.38031058E-3 3.12964665E-3
12.027501 2.50013499E-3 0 4.32212558E-3 3.13522108E-3
NO NO NO NO NO
12.178752 1.24997471E-3 0 8.64489283E-3 1.168699E-3
12.176251 1.25017425E-3 4.63204412E-3 1.07596628E-2 1.1705074E-3
12.173752 1.24966097E-3 0 8.64706282E-3 1.17297703E-3
12.171251 1.25057204E-3 0 8.64076335E-3 1.17409602E-3
12.168751 1.2500583E-3 4.63247392E-3 1.07606621E-2 1.17651606E-3
12.166251 1.24954479E-3 0 8.64786748E-3 1.17881084E-3
12.163751 1.25045388E-3 0 8.64158012E-3 1.17952831E-3
12.161251 1.2499399E-3 4.63291304E-3 1.0761681E-2 1.18129072E-3
12.158751 1.24942616E-3 0 8.64868797E-3 1.18280342E-3
12.156252 1.25033327E-3 4.63145552E-3 1.07582947E-2 1.18283334E-3
12.153751 1.24981906E-3 0 8.64596944E-3 1.18416338E-3
12.151252 1.25001476E-3 0 8.6446153E-3 1.18483894E-3
12.148751 1.25020999E-3 4.63191234E-3 1.07593564E-2 1.18557131E-3
12.146252 1.24969543E-3 0 8.6468244E-3 1.18700322E-3
12.143751 1.25059893E-3 4.63047158E-3 1.07560093E-2 1.18705863E-3
12.141252 1.2493754E-3 0 8.64903908E-3 1.18908414E-3
12.138751 1.25027774E-3 4.63166088E-3 1.07587725E-2 1.18905446E-3
12.136251 1.24976283E-3 9.26713832E-3 1.2317474E-2 1.19039381E-3
12.133752 1.24995585E-3 9.26570781E-3 1.23155722E-2 1.19105435E-3
12.131251 1.25014829E-3 9.26428102E-3 1.23136761E-2 1.19166903E-3
12.128751 1.25034025E-3 4.63142944E-3 1.07582351E-2 1.1922596E-3
12.126251 1.24982477E-3 9.26667918E-3 1.2316864E-2 1.19366474E-3
12.123751 1.25001615E-3 1.85305215E-2 1.47292139E-2 1.19468675E-3
12.121251 1.25020696E-3 1.38957696E-2 1.36016039E-2 1.19600457E-3
12.118751 1.24969136E-3 9.26766917E-3 1.2318179E-2 1.19817746E-3
12.116251 1.24988158E-3 0 8.64553638E-3 1.19969295E-3
12.113751 1.25007133E-3 1.38972774E-2 1.36030801E-2 1.20110693E-3
12.111251 1.25026051E-3 4.63172467E-3 1.07589215E-2 1.20241079E-3
12.108751 1.24974444E-3 0 8.6464854E-3 1.20439718E-3
12.106252 1.24993303E-3 1.38988141E-2 1.36045842E-2 1.20576203E-3
12.103751 1.25012116E-3 9.26448219E-3 1.23139434E-2 1.20707776E-3
12.101251 1.25030871E-3 4.63154633E-3 1.07585061E-2 1.20822247E-3
12.098751 1.24979217E-3 4.63346066E-3 1.07629532E-2 1.20993226E-3
12.096251 1.24997913E-3 9.26553458E-3 1.23153422E-2 1.21102727E-3
12.093751 1.25016563E-3 1.38962287E-2 1.36020537E-2 1.21233496E-3
12.091251 1.24964886E-3 0 8.64714663E-3 1.21454755E-3
12.088752 1.24983478E-3 1.38999065E-2 1.36056542E-2 1.21622428E-3
12.086252 1.25002023E-3 4.63261502E-3 1.0760989E-2 1.21793232E-3
12.083752 1.2502051E-3 0 8.64329934E-3 1.219542E-3
12.081251 1.25038938E-3 4.63124737E-3 1.07578123E-2 1.22096611E-3
12.078751 1.24987192E-3 9.26632993E-3 1.23163993E-2 1.22288323E-3
12.076251 1.25005562E-3 0 8.64433311E-3 1.22402678E-3
12.073751 1.24953827E-3 0 8.64791218E-3 1.22592226E-3
12.071251 1.25042186E-3 1.85245089E-2 1.47244353E-2 1.22660398E-3
12.068751 1.24990393E-3 4.63304622E-3 1.07619902E-2 1.22883823E-3
12.066251 1.25008612E-3 4.63237101E-3 1.07604228E-2 1.23051181E-3
12.063751 1.24956819E-3 0 8.6477045E-3 1.23293581E-3
12.061252 1.2504491E-3 4.63102618E-3 1.07572991E-2 1.23390439E-3
12.058751 1.2499307E-3 0 8.64519738E-3 1.23609882E-3
12.056251 1.25011127E-3 0 8.64394847E-3 1.23748614E-3
12.053751 1.24959287E-3 0 8.64753406E-3 1.23948185E-3
12.051251 1.25047099E-3 0 8.64146184E-3 1.23983726E-3
12.048751 1.24995213E-3 0 8.64504836E-3 1.24114612E-3
12.046251 1.24943361E-3 0 8.64863675E-3 1.24204671E-3
12.043752 1.25030975E-3 4.63154214E-3 1.07584978E-2 1.24132913E-3
12.041251 1.24979077E-3 0 8.64616502E-3 1.24192762E-3
12.038752 1.24996866E-3 0 8.64493474E-3 1.2419573E-3
12.036251 1.25014596E-3 0 8.64370819E-3 1.24230061E-3
12.033751 1.25032279E-3 0 8.6424863E-3 1.24297035E-3
12.031251 1.24980335E-3 0 8.64607841E-3 1.2445607E-3
12.028751 1.2499796E-3 0 8.64485838E-3 1.24560576E-3
NO NO NO NO NO
12.178752 1.24997471E-3 0 8.64489283E-3 0
12.176251 1.25017425E-3 0 8.64351261E-3 0
12.173752 1.24966097E-3 0 8.64706282E-3 0
12.171251 1.25057204E-3 0 8.64076335E-3 0
12.168751 1.2500583E-3 0 8.64431448E-3 0
12.166251 1.24954479E-3 0 8.64786748E-3 0
12.163751 1.25045388E-3 0 8.64158012E-3 0
12.161251 1.2499399E-3 0 8.64513405E-3 0
12.158751 1.24942616E-3 0 8.64868797E-3 0
12.156252 1.25033327E-3 0 8.64241365E-3 0
12.153751 1.24981906E-3 0 8.64596944E-3 0
12.151252 1.25001476E-3 0 8.6446153E-3 0
12.148751 1.25020999E-3 0 8.64326581E-3 0
12.146252 1.24969543E-3 0 8.6468244E-3 0
12.143751 1.25059893E-3 0 8.64057709E-3 0
12.141252 1.2493754E-3 0 8.64903908E-3 0
12.138751 1.25027774E-3 0 8.64279736E-3 0
12.136251 1.24976283E-3 0 8.6463578E-3 0
12.133752 1.24995585E-3 0 8.64502322E-3 0
12.131251 1.25014829E-3 0 8.64369236E-3 0
12.128751 1.25034025E-3 0 8.64236522E-3 0
12.126251 1.24982477E-3 0 8.6459294E-3 0
12.123751 1.25001615E-3 0 8.64460599E-3 0
12.121251 1.25020696E-3 0 8.6432863E-3 0
12.118751 1.24969136E-3 0 8.64685327E-3 0
12.116251 1.24988158E-3 0 8.64553638E-3 0
12.113751 1.25007133E-3 0 8.64422414E-3 0
12.111251 1.25026051E-3 0 8.64291657E-3 0
12.108751 1.24974444E-3 0 8.6464854E-3 0
12.106252 1.24993303E-3 0 8.64518061E-3 0
12.103751 1.25012116E-3 0 8.64387956E-3 0
12.101251 1.25030871E-3 0 8.64258315E-3 0
12.098751 1.24979217E-3 0 8.64615571E-3 0
12.096251 1.24997913E-3 0 8.6448621E-3 0
12.093751 1.25016563E-3 0 8.64357222E-3 0
12.091251 1.24964886E-3 0 8.64714663E-3 0
12.088752 1.24983478E-3 0 8.64586048E-3 0
12.086252 1.25002023E-3 0 8.64457805E-3 0
12.083752 1.2502051E-3 0 8.64329934E-3 0
12.081251 1.25038938E-3 0 8.64202529E-3 0
12.078751 1.24987192E-3 0 8.64560343E-3 0
12.076251 1.25005562E-3 0 8.64433311E-3 0
12.073751 1.24953827E-3 0 8.64791218E-3 0
12.071251 1.25042186E-3 0 8.64180084E-3 0
12.068751 1.24990393E-3 0 8.64538178E-3 0
12.066251 1.25008612E-3 0 8.64412263E-3 0
12.063751 1.24956819E-3 0 8.6477045E-3 0
12.061252 1.2504491E-3 0 8.64161272E-3 0
12.058751 1.2499307E-3 0 8.64519738E-3 0
12.056251 1.25011127E-3 0 8.64394847E-3 0
12.053751 1.24959287E-3 0 8.64753406E-3 0
12.051251 1.25047099E-3 0 8.64146184E-3 0
12.048751 1.24995213E-3 0 8.64504836E-3 0
12.046251 1.24943361E-3 0 8.64863675E-3 0
12.043752 1.25030975E-3 0 8.6425757E-3 0
12.041251 1.24979077E-3 0 8.64616502E-3 0
12.038752 1.24996866E-3 0 8.64493474E-3 0
12.036251 1.25014596E-3 0 8.64370819E-3 0
12.033751 1.25032279E-3 0 8.6424863E-3 0
12.031251 1.24980335E-3 0 8.64607841E-3 0
12.028751 1.2499796E-3 0 8.64485838E-3 0
