12.177502 2.50014896E-3 0 4.32210136E-3 5.62222581E-3
12.172501 2.50023301E-3 2.31612916E-3 5.38008008E-3 6.2909415E-3
12.167501 2.49960297E-3 0 4.32304526E-3 7.02090515E-3
12.162501 2.50039366E-3 4.63196076E-3 6.15659915E-3 7.81661831E-3
12.157501 2.49975943E-3 1.62159763E-2 8.76562018E-3 8.70286208E-3
12.152501 2.4998337E-3 1.15824956E-2 7.87126925E-3 9.70300566E-3
12.147502 2.49990541E-3 2.31643263E-2 9.91136581E-3 1.08722132E-2
12.142502 2.49997433E-3 1.62145812E-2 8.76486674E-3 1.22986892E-2
12.137502 2.50004069E-3 1.62141528E-2 8.76463391E-3 1.41372103E-2
12.132502 2.50010425E-3 1.38974916E-2 8.33403878E-3 1.65677294E-2
12.127501 2.50016502E-3 2.31619217E-2 9.9103367E-3 1.94436908E-2
12.122501 2.500223E-3 3.01097985E-2 1.09046092E-2 2.20699832E-2
12.117501 2.49957293E-3 2.78008897E-2 1.058916E-2 2.3734292E-2
12.112501 2.50033196E-3 2.77924519E-2 1.05859451E-2 2.42591966E-2
12.107501 2.49967747E-3 2.0849796E-2 9.55036189E-3 2.39207037E-2
12.102501 2.50042998E-3 3.24232541E-2 1.12105096E-2 2.29622573E-2
12.097501 2.4997713E-3 1.15827844E-2 7.87146576E-3 2.16000602E-2
12.092502 2.49981461E-3 2.77982038E-2 1.05881365E-2 1.99477058E-2
12.087502 2.49985512E-3 2.54812725E-2 1.02569703E-2 1.81034151E-2
12.082501 2.50059436E-3 2.77895331E-2 1.0584834E-2 1.6128106E-2
12.0775 2.49992753E-3 2.5480533E-2 1.02566732E-2 1.40839443E-2
12.072501 2.49996013E-3 1.15819098E-2 7.87087157E-3 1.19947735E-2
12.067501 2.49998993E-3 1.85308345E-2 9.16822255E-3 9.89340153E-3
12.062501 2.50001717E-3 1.15816453E-2 7.8706909E-3 7.80577026E-3
12.057501 2.50004185E-3 1.15815308E-2 7.8706136E-3 5.76939853E-3
12.052501 2.50006397E-3 4.63257171E-3 6.15741126E-3 3.85560072E-3
12.047502 2.49938574E-3 0 4.32342105E-3 2.22723652E-3
12.042501 2.50010053E-3 2.31625186E-3 5.38036553E-3 1.09204103E-3
12.037501 2.5001145E-3 6.94871647E-3 6.8016164E-3 4.97778994E-4
12.032501 2.50012614E-3 4.63245669E-3 6.15725806E-3 2.6091063E-4
12.027501 2.50013499E-3 0 4.32212558E-3 1.7080798E-4
NO NO NO NO NO
12.177502 2.50014896E-3 4.63241385E-3 6.15720171E-3 5.03497338E-3
12.172501 2.50023301E-3 2.08451618E-2 9.54824034E-3 5.64825488E-3
12.167501 2.49960297E-3 4.63342573E-3 6.15854654E-3 6.3035721E-3
12.162501 2.50039366E-3 6.94794115E-3 6.80085691E-3 7.00463587E-3
12.157501 2.49975943E-3 1.38994083E-2 8.33518803E-3 7.77525082E-3
12.152501 2.4998337E-3 1.38989948E-2 8.3349403E-3 8.63243733E-3
12.147502 2.49990541E-3 1.15821632E-2 7.87104294E-3 9.61354375E-3
12.142502 2.49997433E-3 2.08473187E-2 9.54922847E-3 1.0782822E-2
12.137502 2.50004069E-3 1.38978446E-2 8.33425019E-3 1.22728609E-2
12.132502 2.50010425E-3 1.1581243E-2 7.87041802E-3 1.42938988E-2
12.127501 2.50016502E-3 6.94857677E-3 6.8014795E-3 1.68972816E-2
12.122501 2.500223E-3 3.24259363E-2 1.12114362E-2 1.96259115E-2
12.117501 2.49957293E-3 2.78008897E-2 1.058916E-2 2.17212792E-2
12.112501 2.50033196E-3 3.01084891E-2 1.09041352E-2 2.2759553E-2
12.107501 2.49967747E-3 2.77997274E-2 1.05887167E-2 2.28744522E-2
12.102501 2.50042998E-3 2.77913623E-2 1.05855307E-2 2.22906712E-2
12.097501 2.4997713E-3 3.01152412E-2 1.09065799E-2 2.12301817E-2
12.092502 2.49981461E-3 2.08486523E-2 9.54983849E-3 1.98233854E-2
12.087502 2.49985512E-3 3.93801481E-2 1.20759802E-2 1.81822591E-2
12.082501 2.50059436E-3 1.85263548E-2 9.16600693E-3 1.63788404E-2
12.0775 2.49992753E-3 1.62148848E-2 8.76503065E-3 1.44836446E-2
12.072501 2.49996013E-3 1.62146743E-2 8.7649161E-3 1.25263892E-2
12.067501 2.49998993E-3 2.08471883E-2 9.54916794E-3 1.05426842E-2
12.062501 2.50001717E-3 1.62143037E-2 8.76471587E-3 8.55402183E-3
12.057501 2.50004185E-3 6.94891857E-3 6.80181431E-3 6.58339914E-3
12.052501 2.50006397E-3 1.62140019E-2 8.76455288E-3 4.67691803E-3
12.047502 2.49938574E-3 2.31691427E-3 5.38190408E-3 2.95475405E-3
12.042501 2.50010053E-3 0 4.32218518E-3 1.61651208E-3
12.037501 2.5001145E-3 2.31623882E-3 5.38033526E-3 7.97802932E-4
12.032501 2.50012614E-3 2.31622835E-3 5.38031058E-3 4.07506217E-4
12.027501 2.50013499E-3 0 4.32212558E-3 2.3954855E-4
NO NO NO NO NO
12.178752 1.24997471E-3 0 8.64489283E-3 2.01751315E-3
12.176251 1.25017425E-3 4.63204412E-3 1.07596628E-2 2.13555153E-3
12.173752 1.24966097E-3 0 8.64706282E-3 2.25860765E-3
12.171251 1.25057204E-3 0 8.64076335E-3 2.38320231E-3
12.168751 1.2500583E-3 4.63247392E-3 1.07606621E-2 2.51500215E-3
12.166251 1.24954479E-3 0 8.64786748E-3 2.65171099E-3
12.163751 1.25045388E-3 0 8.64158012E-3 2.79042101E-3
12.161251 1.2499399E-3 4.63291304E-3 1.0761681E-2 2.93777278E-3
12.158751 1.24942616E-3 0 8.64868797E-3 3.09157046E-3
12.156252 1.25033327E-3 4.63145552E-3 1.07582947E-2 3.2492599E-3
12.153751 1.24981906E-3 0 8.64596944E-3 3.41937318E-3
12.151252 1.25001476E-3 0 8.6446153E-3 3.59790982E-3
12.148751 1.25020999E-3 4.63191234E-3 1.07593564E-2 3.78859416E-3
12.146252 1.24969543E-3 0 8.6468244E-3 3.99596198E-3
12.143751 1.25059893E-3 4.63047158E-3 1.07560093E-2 4.21640603E-3
12.141252 1.2493754E-3 0 8.64903908E-3 4.46707429E-3
12.138751 1.25027774E-3 4.63166088E-3 1.07587725E-2 4.74283006E-3
12.136251 1.24976283E-3 9.26713832E-3 1.2317474E-2 5.07472223E-3
12.133752 1.24995585E-3 9.26570781E-3 1.23155722E-2 5.48536144E-3
12.131251 1.25014829E-3 9.26428102E-3 1.23136761E-2 6.01611985E-3
12.128751 1.25034025E-3 4.63142944E-3 1.07582351E-2 6.68556429E-3
12.126251 1.24982477E-3 9.26667918E-3 1.2316864E-2 7.4519217E-3
12.123751 1.25001615E-3 1.85305215E-2 1.47292139E-2 8.19284562E-3
12.121251 1.25020696E-3 1.38957696E-2 1.36016039E-2 8.79700389E-3
12.118751 1.24969136E-3 9.26766917E-3 1.2318179E-2 9.22052376E-3
12.116251 1.24988158E-3 0 8.64553638E-3 9.47009493E-3
12.113751 1.25007133E-3 1.38972774E-2 1.36030801E-2 9.58524924E-3
12.111251 1.25026051E-3 4.63172467E-3 1.07589215E-2 9.59655736E-3
12.108751 1.24974444E-3 0 8.6464854E-3 9.53200273E-3
12.106252 1.24993303E-3 1.38988141E-2 1.36045842E-2 9.39632207E-3
12.103751 1.25012116E-3 9.26448219E-3 1.23139434E-2 9.20604169E-3
12.101251 1.25030871E-3 4.63154633E-3 1.07585061E-2 8.96999892E-3
12.098751 1.24979217E-3 4.63346066E-3 1.07629532E-2 8.70154146E-3
12.096251 1.24997913E-3 9.26553458E-3 1.23153422E-2 8.39864742E-3
12.093751 1.25016563E-3 1.38962287E-2 1.36020537E-2 8.07285402E-3
12.091251 1.24964886E-3 0 8.64714663E-3 7.73302792E-3
12.088752 1.24983478E-3 1.38999065E-2 1.36056542E-2 7.37344753E-3
12.086252 1.25002023E-3 4.63261502E-3 1.0760989E-2 7.00103724E-3
12.083752 1.2502051E-3 0 8.64329934E-3 6.6177086E-3
12.081251 1.25038938E-3 4.63124737E-3 1.07578123E-2 6.22531166E-3
12.078751 1.24987192E-3 9.26632993E-3 1.23163993E-2 5.82908187E-3
12.076251 1.25005562E-3 0 8.64433311E-3 5.42444084E-3
12.073751 1.24953827E-3 0 8.64791218E-3 5.01974532E-3
12.071251 1.25042186E-3 1.85245089E-2 1.47244353E-2 4.60804766E-3
12.068751 1.24990393E-3 4.63304622E-3 1.07619902E-2 4.20107553E-3
12.066251 1.25008612E-3 4.63237101E-3 1.07604228E-2 3.79159255E-3
12.063751 1.24956819E-3 0 8.6477045E-3 3.38450889E-3
12.061252 1.2504491E-3 4.63102618E-3 1.07572991E-2 2.97437026E-3
12.058751 1.2499307E-3 0 8.64519738E-3 2.56863236E-3
12.056251 1.25011127E-3 0 8.64394847E-3 2.16291193E-3
12.053751 1.24959287E-3 0 8.64753406E-3 1.76079641E-3
12.051251 1.25047099E-3 0 8.64146184E-3 1.361578E-3
12.048751 1.24995213E-3 0 8.64504836E-3 9.77046322E-4
12.046251 1.24943361E-3 0 8.64863675E-3 6.27536909E-4
12.043752 1.25030975E-3 4.63154214E-3 1.07584978E-2 3.47139314E-4
12.041251 1.24979077E-3 0 8.64616502E-3 1.61258082E-4
12.038752 1.24996866E-3 0 8.64493474E-3 6.33147283E-5
12.036251 1.25014596E-3 0 8.64370819E-3 2.27879464E-5
12.033751 1.25032279E-3 0 8.6424863E-3 9.43744726E-6
12.031251 1.24980335E-3 0 8.64607841E-3 5.75921467E-6
12.028751 1.2499796E-3 0 8.64485838E-3 4.53751272E-6
NO NO NO NO NO
12.178752 1.24997471E-3 0 8.64489283E-3 0
12.176251 1.25017425E-3 0 8.64351261E-3 0
12.173752 1.24966097E-3 0 8.64706282E-3 0
12.171251 1.25057204E-3 0 8.64076335E-3 0
12.168751 1.2500583E-3 0 8.64431448E-3 0
12.166251 1.24954479E-3 0 8.64786748E-3 0
12.163751 1.25045388E-3 0 8.64158012E-3 0
12.161251 1.2499399E-3 0 8.64513405E-3 0
12.158751 1.24942616E-3 0 8.64868797E-3 0
12.156252 1.25033327E-3 0 8.64241365E-3 0
12.153751 1.24981906E-3 0 8.64596944E-3 0
12.151252 1.25001476E-3 0 8.6446153E-3 0
12.148751 1.25020999E-3 0 8.64326581E-3 0
12.146252 1.24969543E-3 0 8.6468244E-3 0
12.143751 1.25059893E-3 0 8.64057709E-3 0
12.141252 1.2493754E-3 0 8.64903908E-3 0
12.138751 1.25027774E-3 0 8.64279736E-3 0
12.136251 1.24976283E-3 0 8.6463578E-3 0
12.133752 1.24995585E-3 0 8.64502322E-3 0
12.131251 1.25014829E-3 0 8.64369236E-3 0
12.128751 1.25034025E-3 0 8.64236522E-3 0
12.126251 1.24982477E-3 0 8.6459294E-3 0
12.123751 1.25001615E-3 0 8.64460599E-3 0
12.121251 1.25020696E-3 0 8.6432863E-3 0
12.118751 1.24969136E-3 0 8.64685327E-3 0
12.116251 1.24988158E-3 0 8.64553638E-3 0
12.113751 1.25007133E-3 0 8.64422414E-3 0
12.111251 1.25026051E-3 0 8.64291657E-3 0
12.108751 1.24974444E-3 0 8.6464854E-3 0
12.106252 1.24993303E-3 0 8.64518061E-3 0
12.103751 1.25012116E-3 0 8.64387956E-3 0
12.101251 1.25030871E-3 0 8.64258315E-3 0
12.098751 1.24979217E-3 0 8.64615571E-3 0
12.096251 1.24997913E-3 0 8.6448621E-3 0
12.093751 1.25016563E-3 0 8.64357222E-3 0
12.091251 1.24964886E-3 0 8.64714663E-3 0
12.088752 1.24983478E-3 0 8.64586048E-3 0
12.086252 1.25002023E-3 0 8.64457805E-3 0
12.083752 1.2502051E-3 0 8.64329934E-3 0
12.081251 1.25038938E-3 0 8.64202529E-3 0
12.078751 1.24987192E-3 0 8.64560343E-3 0
12.076251 1.25005562E-3 0 8.64433311E-3 0
12.073751 1.24953827E-3 0 8.64791218E-3 0
12.071251 1.25042186E-3 0 8.64180084E-3 0
12.068751 1.24990393E-3 0 8.64538178E-3 0
12.066251 1.25008612E-3 0 8.64412263E-3 0
12.063751 1.24956819E-3 0 8.6477045E-3 0
12.061252 1.2504491E-3 0 8.64161272E-3 0
12.058751 1.2499307E-3 0 8.64519738E-3 0
12.056251 1.25011127E-3 0 8.64394847E-3 0
12.053751 1.24959287E-3 0 8.64753406E-3 0
12.051251 1.25047099E-3 0 8.64146184E-3 0
12.048751 1.24995213E-3 0 8.64504836E-3 0
12.046251 1.24943361E-3 0 8.64863675E-3 0
12.043752 1.25030975E-3 0 8.6425757E-3 0
12.041251 1.24979077E-3 0 8.64616502E-3 0
12.038752 1.24996866E-3 0 8.64493474E-3 0
12.036251 1.25014596E-3 0 8.64370819E-3 0
12.033751 1.25032279E-3 0 8.6424863E-3 0
12.031251 1.24980335E-3 0 8.64607841E-3 0
12.028751 1.2499796E-3 0 8.64485838E-3 0
