9.7975006 2.50024977E-3 9.26445518E-3 7.36396667E-3 4.72234329E-3
9.7925005 2.5000032E-3 6.94902614E-3 6.80191908E-3 4.72495193E-3
9.7875013 2.49975361E-3 9.26629268E-3 7.36542791E-3 4.7269538E-3
9.7825012 2.49996083E-3 9.26552527E-3 7.36481743E-3 4.72709443E-3
9.7775011 2.50016339E-3 6.94858097E-3 6.80148369E-3 4.72627953E-3
9.772501 2.49990262E-3 4.63287067E-3 6.15780847E-3 4.72611887E-3
9.7675009 2.50009703E-3 6.94876537E-3 6.80166436E-3 4.72381758E-3
9.7625008 2.49982905E-3 4.63300711E-3 6.15798961E-3 4.71908553E-3
9.7575016 2.50001531E-3 9.26532317E-3 7.36465724E-3 4.7097872E-3
9.7525015 2.50019715E-3 2.31616246E-3 5.38015738E-3 4.69756266E-3
9.7475014 2.49991799E-3 6.94926316E-3 6.80215098E-3 4.68333531E-3
9.7425013 2.50009191E-3 4.63252002E-3 6.15734234E-3 4.66281967E-3
9.7375011 2.49980553E-3 1.1582626E-2 7.87135772E-3 4.63291677E-3
9.732501 2.49997131E-3 4.63274308E-3 6.15763897E-3 4.59006662E-3
9.7275009 2.50013266E-3 4.63244412E-3 6.15724176E-3 4.54288768E-3
9.7225008 2.50028959E-3 2.31607677E-3 5.37995854E-3 4.50537214E-3
9.7175007 2.4999883E-3 9.26542375E-3 7.36473687E-3 4.48692031E-3
9.7125006 2.49968399E-3 6.94991415E-3 6.80278847E-3 4.48656315E-3
9.7075005 2.50028213E-3 4.63216752E-3 6.15687389E-3 4.49788477E-3
9.7025003 2.49996991E-3 1.15818651E-2 7.87084084E-3 4.52028867E-3
9.6975012 2.49965466E-3 9.26666055E-3 7.36571988E-3 4.55258088E-3
9.6925011 2.50023906E-3 6.94837049E-3 6.8012774E-3 4.594055E-3
9.687501 2.49991589E-3 4.63284599E-3 6.15777541E-3 4.64753062E-3
9.6825008 2.50004022E-3 1.15815382E-2 7.87061825E-3 4.71148686E-3
9.6775007 2.50016036E-3 9.26478673E-3 7.36423023E-3 4.78903949E-3
9.6725006 2.49982625E-3 9.26602446E-3 7.36521417E-3 4.87895636E-3
9.6675014 2.49993848E-3 2.31640204E-3 5.38071431E-3 4.96889558E-3
9.6625013 2.50004628E-3 2.31630215E-3 5.38048195E-3 5.04725147E-3
9.6575012 2.50014965E-3 1.38972383E-2 8.33388697E-3 5.11008454E-3
9.6525011 2.49980111E-3 0 4.32270253E-3 5.16402023E-3
9.647501 2.4998968E-3 6.94932183E-3 6.80220872E-3 5.21460222E-3
9.6425009 2.5004351E-3 4.63188393E-3 6.15649717E-3 5.26529085E-3
9.6375008 2.49962858E-3 6.95006736E-3 6.80293841E-3 5.32005215E-3
9.6325006 2.50015827E-3 0 4.32208553E-3 5.37160179E-3
9.6275015 2.49979133E-3 4.63307695E-3 6.15808275E-3 5.42276725E-3
9.6225014 2.50031124E-3 6.94816979E-3 6.80108089E-3 5.46907494E-3
9.6175003 2.49993685E-3 4.63280734E-3 6.15772419E-3 5.51495189E-3
NO NO NO NO NO
9.7975006 2.50024977E-3 4.63222759E-3 6.15695352E-3 4.89354413E-3
9.7925005 2.5000032E-3 2.31634197E-3 5.38057461E-3 4.87127574E-3
9.7875013 2.49975361E-3 4.63314634E-3 6.15817541E-3 4.84578265E-3
9.7825012 2.49996083E-3 6.94914395E-3 6.80203456E-3 4.81691957E-3
9.7775011 2.50016339E-3 6.94858097E-3 6.80148369E-3 4.78736358E-3
9.772501 2.49990262E-3 0 4.32252744E-3 4.75980761E-3
9.7675009 2.50009703E-3 9.26502049E-3 7.36441649E-3 4.73285606E-3
9.7625008 2.49982905E-3 6.94951043E-3 6.80239359E-3 4.70568612E-3
9.7575016 2.50001531E-3 4.63266158E-3 6.15753094E-3 4.67056921E-3
9.7525015 2.50019715E-3 2.31616246E-3 5.38015738E-3 4.62199142E-3
9.7475014 2.49991799E-3 2.3164209E-3 5.38075808E-3 4.56043705E-3
9.7425013 2.50009191E-3 4.63252002E-3 6.15734234E-3 4.49274061E-3
9.7375011 2.49980553E-3 0 4.32269508E-3 4.43085236E-3
9.732501 2.49997131E-3 4.63274308E-3 6.15763897E-3 4.37685614E-3
9.7275009 2.50013266E-3 2.31622206E-3 5.38029615E-3 4.33026627E-3
9.7225008 2.50028959E-3 9.2643071E-3 7.36384932E-3 4.28998377E-3
9.7175007 2.4999883E-3 1.15817795E-2 7.87078217E-3 4.2558494E-3
9.7125006 2.49968399E-3 9.26655158E-3 7.36563373E-3 4.2260699E-3
9.7075005 2.50028213E-3 1.15804188E-2 7.86985736E-3 4.20053257E-3
9.7025003 2.49996991E-3 4.63274587E-3 6.1576427E-3 4.18741209E-3
9.6975012 2.49965466E-3 1.38999913E-2 8.33553728E-3 4.19267686E-3
9.6925011 2.50023906E-3 9.26449429E-3 7.36399787E-3 4.21727495E-3
9.687501 2.49991589E-3 1.15821147E-2 7.87101034E-3 4.25531017E-3
9.6825008 2.50004022E-3 2.08467692E-2 9.54897609E-3 4.290218E-3
9.6775007 2.50016036E-3 4.63239336E-3 6.15717378E-3 4.31365799E-3
9.6725006 2.49982625E-3 4.63301223E-3 6.1579966E-3 4.32519848E-3
9.6675014 2.49993848E-3 1.38984127E-2 8.33459105E-3 4.32528835E-3
9.6625013 2.50004628E-3 9.26520862E-3 7.36456597E-3 4.31437558E-3
9.6575012 2.50014965E-3 9.26482491E-3 7.36426143E-3 4.28850995E-3
9.6525011 2.49980111E-3 9.26611759E-3 7.36528821E-3 4.24464047E-3
9.647501 2.4998968E-3 0 4.32253722E-3 4.18225676E-3
9.6425009 2.5004351E-3 2.31594197E-3 5.37964562E-3 4.10971045E-3
9.6375008 2.49962858E-3 0 4.32300102E-3 4.0434706E-3
9.6325006 2.50015827E-3 9.26479418E-3 7.36423628E-3 3.98955261E-3
9.6275015 2.49979133E-3 4.63307695E-3 6.15808275E-3 3.95484129E-3
9.6225014 2.50031124E-3 2.31605652E-3 5.37991151E-3 3.93795874E-3
9.6175003 2.49993685E-3 2.31640367E-3 5.38071757E-3 3.9449553E-3
NO NO NO NO NO
9.7987509 1.24998239E-3 0 8.64483975E-3 1.81270111E-3
9.7962513 1.25026726E-3 9.26339906E-3 1.23125045E-2 1.81581732E-3
9.7937508 1.25009031E-3 0 8.64409376E-3 1.8193851E-3
9.7912502 1.24991301E-3 4.63301269E-3 1.0761912E-2 1.8223637E-3
9.7887506 1.24973559E-3 0 8.64654686E-3 1.82471017E-3
9.7862511 1.25001813E-3 0 8.64459202E-3 1.82594545E-3
9.7837505 1.25029986E-3 0 8.64264462E-3 1.82696793E-3
9.781251 1.24966097E-3 0 8.64706282E-3 1.82936655E-3
9.7787514 1.25040137E-3 0 8.6419424E-3 1.8299853E-3
9.7762508 1.24976202E-3 0 8.64636339E-3 1.83299661E-3
9.7737513 1.25004142E-3 0 8.6444309E-3 1.83507917E-3
9.7712507 1.24986109E-3 0 8.64567794E-3 1.83822622E-3
9.7687511 1.2501392E-3 0 8.64375569E-3 1.84087723E-3
9.7662506 1.24995783E-3 0 8.64500925E-3 1.84410554E-3
9.763751 1.25023455E-3 4.63182107E-3 1.07591441E-2 1.84642209E-3
9.7612505 1.2495945E-3 0 8.64752289E-3 1.8500539E-3
9.7587509 1.25032791E-3 0 8.64244998E-3 1.85190362E-3
9.7562513 1.2496874E-3 0 8.64688028E-3 1.85615057E-3
9.7537508 1.25041907E-3 0 8.6418204E-3 1.8584939E-3
9.7512503 1.24977808E-3 0 8.64625257E-3 1.86271791E-3
9.7487507 1.25005119E-3 4.63250047E-3 1.07607227E-2 1.86514831E-3
9.7462511 1.24986679E-3 4.63318359E-3 1.07623097E-2 1.86775962E-3
9.7437506 1.25013851E-3 4.63217683E-3 1.07599711E-2 1.86927558E-3
9.741251 1.24995329E-3 9.26572643E-3 1.23155974E-2 1.87129469E-3
9.7387505 1.25022361E-3 4.63186158E-3 1.07592382E-2 1.87264872E-3
9.7362509 1.24958192E-3 0 8.64761043E-3 1.87550613E-3
9.7337513 1.25030673E-3 0 8.64259712E-3 1.8764619E-3
9.7312508 1.24966458E-3 0 8.64703767E-3 1.87958532E-3
9.7287512 1.25038764E-3 4.63125389E-3 1.07578272E-2 1.88073469E-3
9.7262506 1.24974502E-3 4.63363528E-3 1.07633593E-2 1.88408745E-3
9.7237511 1.25001185E-3 0 8.64463579E-3 1.8861678E-3
9.7212505 1.25027774E-3 0 8.64279736E-3 1.88820844E-3
9.718751 1.24963478E-3 9.26808827E-3 1.23187369E-2 1.89142628E-3
9.7162514 1.25035353E-3 0 8.64227396E-3 1.89242908E-3
9.7137508 1.2497101E-3 4.63376474E-3 1.07636601E-2 1.89550442E-3
9.7112513 1.24997378E-3 0 8.64489935E-3 1.89727265E-3
9.7087507 1.25023653E-3 4.63181362E-3 1.07591273E-2 1.89900375E-3
9.7062502 1.25004561E-3 4.63252096E-3 1.07607711E-2 1.90121564E-3
9.7037506 1.24985445E-3 0 8.64572451E-3 1.90328748E-3
9.701251 1.25011546E-3 0 8.6439196E-3 1.9047372E-3
9.6987505 1.24992337E-3 0 8.64524767E-3 1.9071406E-3
9.6962509 1.24973117E-3 4.63368651E-3 1.07634785E-2 1.90990814E-3
9.6937513 1.250442E-3 9.26210452E-3 1.23107843E-2 1.91159558E-3
9.6912508 1.24979706E-3 4.6334425E-3 1.07629104E-2 1.91552285E-3
9.6887512 1.25005492E-3 4.6324865E-3 1.07606901E-2 1.91813172E-3
9.6862507 1.24986097E-3 0 8.64567887E-3 1.92142848E-3
9.6837511 1.25011755E-3 4.6322546E-3 1.07601518E-2 1.92384573E-3
9.6812506 1.24992279E-3 0 8.64525232E-3 1.92660256E-3
9.678751 1.25017797E-3 9.26406123E-3 1.23133846E-2 1.92823028E-3
9.6762505 1.24998228E-3 9.2655113E-3 1.23153115E-2 1.93025451E-3
9.6737509 1.24978647E-3 4.63348161E-3 1.07630026E-2 1.93223008E-3
9.6712513 1.2500399E-3 4.63254238E-3 1.07608205E-2 1.93368213E-3
9.6687508 1.24984316E-3 9.2665432E-3 1.23166824E-2 1.93604175E-3
9.6662512 1.25009532E-3 9.26467404E-3 1.23141985E-2 1.93780509E-3
9.6637516 1.24989776E-3 0 8.64542462E-3 1.94027205E-3
9.6612511 1.25014852E-3 0 8.6436905E-3 1.9421092E-3
9.6587515 1.24995015E-3 0 8.64506233E-3 1.944919E-3
9.656251 1.25019962E-3 0 8.64333753E-3 1.94742635E-3
9.6537504 1.25000032E-3 0 8.64471495E-3 1.95097446E-3
9.6512508 1.24980079E-3 0 8.64609517E-3 1.95455877E-3
9.6487513 1.25004863E-3 4.63250978E-3 1.0760745E-2 1.95699045E-3
9.6462507 1.24984828E-3 4.63325251E-3 1.07624698E-2 1.95930479E-3
9.6437511 1.25009473E-3 9.26467776E-3 1.23142041E-2 1.96019025E-3
9.6412506 1.25034025E-3 0 8.64236429E-3 1.96083589E-3
9.638751 1.24969194E-3 4.63383226E-3 1.07638156E-2 1.96309737E-3
9.6362514 1.24993664E-3 4.63292468E-3 1.0761709E-2 1.9643649E-3
9.6337509 1.25018053E-3 0 8.64346977E-3 1.96593208E-3
9.6312513 1.24997762E-3 0 8.64487235E-3 1.96830207E-3
9.6287508 1.24977459E-3 0 8.64627678E-3 1.97071745E-3
9.6262512 1.25001674E-3 0 8.64460226E-3 1.97249069E-3
9.6237507 1.25025795E-3 0 8.64293426E-3 1.97432726E-3
9.6212511 1.25005341E-3 0 8.64434801E-3 1.97694264E-3
9.6187506 1.24984863E-3 4.63325111E-3 1.07624661E-2 1.97966909E-3
NO NO NO NO NO
9.7987509 1.24998239E-3 9.26551037E-3 1.23153105E-2 1.5035473E-3
9.7962513 1.25026726E-3 0 8.64287E-3 1.51031278E-3
9.7937508 1.25009031E-3 0 8.64409376E-3 1.51168532E-3
9.7912502 1.24991301E-3 0 8.64531938E-3 1.50924886E-3
9.7887506 1.24973559E-3 9.26734041E-3 1.23177432E-2 1.5055096E-3
9.7862511 1.25001813E-3 0 8.64459202E-3 1.50123669E-3
9.7837505 1.25029986E-3 0 8.64264462E-3 1.49682898E-3
9.781251 1.24966097E-3 0 8.64706282E-3 1.49279402E-3
9.7787514 1.25040137E-3 0 8.6419424E-3 1.4858481E-3
9.7762508 1.24976202E-3 0 8.64636339E-3 1.47886842E-3
9.7737513 1.25004142E-3 0 8.6444309E-3 1.46807428E-3
9.7712507 1.24986109E-3 0 8.64567794E-3 1.45350944E-3
9.7687511 1.2501392E-3 4.6321745E-3 1.07599655E-2 1.43337052E-3
9.7662506 1.24995783E-3 0 8.64500925E-3 1.41050818E-3
9.763751 1.25023455E-3 0 8.64309538E-3 1.3875583E-3
9.7612505 1.2495945E-3 0 8.64752289E-3 1.36931648E-3
9.7587509 1.25032791E-3 0 8.64244998E-3 1.35494443E-3
9.7562513 1.2496874E-3 0 8.64688028E-3 1.3483786E-3
9.7537508 1.25041907E-3 0 8.6418204E-3 1.34716881E-3
9.7512503 1.24977808E-3 0 8.64625257E-3 1.35349936E-3
9.7487507 1.25005119E-3 0 8.64436384E-3 1.36219745E-3
9.7462511 1.24986679E-3 0 8.64563882E-3 1.37124991E-3
9.7437506 1.25013851E-3 0 8.64375941E-3 1.37705507E-3
9.741251 1.24995329E-3 4.63286322E-3 1.07615655E-2 1.37906091E-3
9.7387505 1.25022361E-3 4.63186158E-3 1.07592382E-2 1.37560361E-3
9.7362509 1.24958192E-3 0 8.64761043E-3 1.36805198E-3
9.7337513 1.25030673E-3 4.63155331E-3 1.07585229E-2 1.35485083E-3
9.7312508 1.24966458E-3 4.63393331E-3 1.07640522E-2 1.34130346E-3
9.7287512 1.25038764E-3 0 8.6420374E-3 1.32804504E-3
9.7262506 1.24974502E-3 4.63363528E-3 1.07633593E-2 1.32086652E-3
9.7237511 1.25001185E-3 0 8.64463579E-3 1.31893414E-3
9.7212505 1.25027774E-3 0 8.64279736E-3 1.32378889E-3
9.718751 1.24963478E-3 0 8.64724442E-3 1.33602938E-3
9.7162514 1.25035353E-3 0 8.64227396E-3 1.35147036E-3
9.7137508 1.2497101E-3 4.63376474E-3 1.07636601E-2 1.36998273E-3
9.7112513 1.24997378E-3 0 8.64489935E-3 1.38627342E-3
9.7087507 1.25023653E-3 4.63181362E-3 1.07591273E-2 1.39977958E-3
9.7062502 1.25004561E-3 9.26504191E-3 1.23146884E-2 1.41105463E-3
9.7037506 1.24985445E-3 0 8.64572451E-3 1.42016204E-3
9.701251 1.25011546E-3 4.63226251E-3 1.07601704E-2 1.42717396E-3
9.6987505 1.24992337E-3 1.38989221E-2 1.36046903E-2 1.43338519E-3
9.6962509 1.24973117E-3 4.63368651E-3 1.07634785E-2 1.43857533E-3
9.6937513 1.250442E-3 9.26210452E-3 1.23107843E-2 1.44212251E-3
9.6912508 1.24979706E-3 1.39003266E-2 1.3606065E-2 1.44705945E-3
9.6887512 1.25005492E-3 0 8.64433777E-3 1.45089417E-3
9.6862507 1.24986097E-3 0 8.64567887E-3 1.45514635E-3
9.6837511 1.25011755E-3 0 8.6439047E-3 1.4586777E-3
9.6812506 1.24992279E-3 4.63297637E-3 1.07618282E-2 1.46272453E-3
9.678751 1.25017797E-3 4.63203061E-3 1.07596312E-2 1.46630325E-3
9.6762505 1.24998228E-3 0 8.64483975E-3 1.47012563E-3
9.6737509 1.24978647E-3 4.63348161E-3 1.07630026E-2 1.47319434E-3
9.6712513 1.2500399E-3 0 8.64444207E-3 1.47505233E-3
9.6687508 1.24984316E-3 0 8.64580274E-3 1.4771818E-3
9.6662512 1.25009532E-3 0 8.64405837E-3 1.47884677E-3
9.6637516 1.24989776E-3 0 8.64542462E-3 1.48096983E-3
9.6612511 1.25014852E-3 0 8.6436905E-3 1.48234493E-3
9.6587515 1.24995015E-3 0 8.64506233E-3 1.48388825E-3
9.656251 1.25019962E-3 0 8.64333753E-3 1.48468721E-3
9.6537504 1.25000032E-3 4.63268906E-3 1.07611604E-2 1.48593239E-3
9.6512508 1.24980079E-3 0 8.64609517E-3 1.48700143E-3
9.6487513 1.25004863E-3 4.63250978E-3 1.0760745E-2 1.48725091E-3
9.6462507 1.24984828E-3 4.63325251E-3 1.07624698E-2 1.48764777E-3
9.6437511 1.25009473E-3 4.63233888E-3 1.07603483E-2 1.48704799E-3
9.6412506 1.25034025E-3 0 8.64236429E-3 1.48584985E-3
9.638751 1.24969194E-3 4.63383226E-3 1.07638156E-2 1.48505578E-3
9.6362514 1.24993664E-3 0 8.64515547E-3 1.48223748E-3
9.6337509 1.25018053E-3 4.6320213E-3 1.07596098E-2 1.47787167E-3
9.6312513 1.24997762E-3 0 8.64487235E-3 1.47201819E-3
9.6287508 1.24977459E-3 0 8.64627678E-3 1.46402279E-3
9.6262512 1.25001674E-3 0 8.64460226E-3 1.45363261E-3
9.6237507 1.25025795E-3 0 8.64293426E-3 1.44175161E-3
9.6212511 1.25005341E-3 0 8.64434801E-3 1.42931473E-3
9.6187506 1.24984863E-3 0 8.64576455E-3 1.41633558E-3
