10.347501 2.50007352E-3 0 4.32223175E-3 5.68404375E-3
10.342501 2.49971519E-3 1.15830451E-2 7.87164271E-3 5.70173142E-3
10.337501 2.50038109E-3 6.94797561E-3 6.80089137E-3 5.71880536E-3
10.3325 2.50001578E-3 4.63266065E-3 6.15752954E-3 5.74201345E-3
10.327501 2.4996479E-3 4.63334238E-3 6.15843572E-3 5.77376736E-3
10.322501 2.50030169E-3 2.08445899E-2 9.54797771E-3 5.82597731E-3
10.317501 2.49992707E-3 4.6328255E-3 6.1577484E-3 5.92874968E-3
10.312501 2.50006095E-3 9.2651546E-3 7.36452267E-3 6.08956208E-3
10.307501 2.4996805E-3 9.26656462E-3 7.36564398E-3 6.2908004E-3
10.302501 2.50031753E-3 2.31605093E-3 5.37989847E-3 6.5021324E-3
10.297501 2.49993009E-3 6.94922917E-3 6.80211838E-3 6.71916083E-3
10.2925 2.50004954E-3 4.63259872E-3 6.15744665E-3 6.93992386E-3
10.287501 2.49965629E-3 2.31666351E-3 5.38132153E-3 7.17137568E-3
10.282501 2.50027678E-3 0 4.32188017E-3 7.41312979E-3
10.277501 2.49987701E-3 4.63291816E-3 6.1578718E-3 7.67534506E-3
10.272501 2.49998178E-3 2.31636199E-3 5.38062118E-3 7.95872789E-3
10.267501 2.5000826E-3 4.63253679E-3 6.1573647E-3 8.27151444E-3
10.262501 2.50017969E-3 4.63235704E-3 6.15712581E-3 8.62286892E-3
10.257501 2.49976735E-3 4.63312119E-3 6.15814142E-3 9.02795326E-3
10.252501 2.49985792E-3 9.26590711E-3 7.36512104E-3 9.50122345E-3
10.247501 2.50044907E-3 1.15796458E-2 7.8693321E-3 1.00620808E-2
10.242501 2.49952264E-3 1.39007252E-2 8.33597779E-3 1.07317502E-2
10.237501 2.50010611E-3 6.94874022E-3 6.80163922E-3 1.149105E-2
10.232501 2.50018132E-3 6.94853114E-3 6.80143479E-3 1.23124188E-2
10.227501 2.49975012E-3 3.01154964E-2 1.0906673E-2 1.31247314E-2
10.222501 2.50032078E-3 4.63209581E-3 6.15677889E-3 1.37643367E-2
10.217501 2.49988283E-3 1.62151754E-2 8.76518711E-3 1.40065569E-2
10.212501 2.49994383E-3 1.62147805E-2 8.76497384E-3 1.3731163E-2
10.207501 2.50000111E-3 2.31634416E-2 9.91098676E-3 1.30787566E-2
10.202501 2.50005443E-3 1.38977673E-2 8.33420455E-3 1.22646112E-2
10.197501 2.50010425E-3 6.94874581E-3 6.80164481E-3 1.14127444E-2
10.192501 2.50015012E-3 1.62134413E-2 8.7642502E-3 1.05694989E-2
10.187501 2.49969354E-3 4.6332581E-3 6.15832349E-3 9.75555368E-3
10.182501 2.50023138E-3 1.6212916E-2 8.76396615E-3 8.97472072E-3
10.177501 2.49976828E-3 1.38993589E-2 8.33515823E-3 8.24325439E-3
10.172501 2.5002975E-3 0 4.32184432E-3 7.56911142E-3
10.1675 2.49982812E-3 6.94951322E-3 6.80239592E-3 6.99929148E-3
10.162501 2.4998528E-3 0 4.32261359E-3 6.59535453E-3
10.157501 2.49987352E-3 4.63292422E-3 6.15788018E-3 6.38232706E-3
10.152501 2.50038598E-3 6.9479621E-3 6.80087786E-3 6.30127406E-3
10.147501 2.49990379E-3 4.63286834E-3 6.15780568E-3 6.27986295E-3
NO NO NO NO NO
10.347501 2.50007352E-3 4.63255355E-3 6.15738751E-3 4.56597935E-3
10.342501 2.49971519E-3 6.94982708E-3 6.80270325E-3 4.61669266E-3
10.337501 2.50038109E-3 9.2639681E-3 7.3635797E-3 4.65830322E-3
10.3325 2.50001578E-3 4.63266065E-3 6.15752954E-3 4.6946127E-3
10.327501 2.4996479E-3 4.63334238E-3 6.15843572E-3 4.72836802E-3
10.322501 2.50030169E-3 2.3160656E-3 5.37993247E-3 4.77035623E-3
10.317501 2.49992707E-3 6.94923801E-3 6.80212677E-3 4.84587578E-3
10.312501 2.50006095E-3 4.6325773E-3 6.15741871E-3 4.96662175E-3
10.307501 2.4996805E-3 2.31664116E-3 5.38126985E-3 5.1251878E-3
10.302501 2.50031753E-3 2.31605093E-3 5.37989847E-3 5.29830949E-3
10.297501 2.49993009E-3 6.94922917E-3 6.80211838E-3 5.4808436E-3
10.2925 2.50004954E-3 0 4.32227319E-3 5.66907786E-3
10.287501 2.49965629E-3 0 4.32295306E-3 5.86571218E-3
10.282501 2.50027678E-3 4.6321773E-3 6.15688693E-3 6.06686994E-3
10.277501 2.49987701E-3 6.94937725E-3 6.80226274E-3 6.27921056E-3
10.272501 2.49998178E-3 4.63272398E-3 6.15761336E-3 6.50462369E-3
10.267501 2.5000826E-3 6.94880541E-3 6.80170301E-3 6.75182091E-3
10.262501 2.50017969E-3 6.94853533E-3 6.80143898E-3 7.02822162E-3
10.257501 2.49976735E-3 1.62159242E-2 8.76559224E-3 7.34190783E-3
10.252501 2.49985792E-3 9.26590711E-3 7.36512104E-3 7.7001215E-3
10.247501 2.50044907E-3 1.3895575E-2 8.33288953E-3 8.12034123E-3
10.242501 2.49952264E-3 6.95036259E-3 6.80322712E-3 8.62829294E-3
10.237501 2.50010611E-3 6.94874022E-3 6.80163922E-3 9.22112167E-3
10.232501 2.50018132E-3 6.94853114E-3 6.80143479E-3 9.88835748E-3
10.227501 2.49975012E-3 2.08491907E-2 9.55008529E-3 1.05851013E-2
10.222501 2.50032078E-3 6.94814371E-3 6.80105574E-3 1.12088351E-2
10.217501 2.49988283E-3 1.38987219E-2 8.33477639E-3 1.15877464E-2
10.212501 2.49994383E-3 1.62147805E-2 8.76497384E-3 1.15544982E-2
10.207501 2.50000111E-3 4.63268813E-3 6.15756633E-3 1.11403977E-2
10.202501 2.50005443E-3 1.15814731E-2 7.87057448E-3 1.0510725E-2
10.197501 2.50010425E-3 1.1581243E-2 7.87041802E-3 9.79776029E-3
10.192501 2.50015012E-3 9.26482398E-3 7.36426003E-3 9.06874053E-3
10.187501 2.49969354E-3 2.31662905E-3 5.38124144E-3 8.35889112E-3
10.182501 2.50023138E-3 1.15806544E-2 7.87001755E-3 7.67376786E-3
10.177501 2.49976828E-3 1.15827993E-2 7.87147507E-3 7.02256989E-3
10.172501 2.5002975E-3 4.63213865E-3 6.15683571E-3 6.4121983E-3
10.1675 2.49982812E-3 0 4.32265596E-3 5.87800657E-3
10.162501 2.4998528E-3 4.63296287E-3 6.15793141E-3 5.46490029E-3
10.157501 2.49987352E-3 2.31646211E-3 5.38085401E-3 5.21252863E-3
10.152501 2.50038598E-3 2.31598737E-3 5.37975086E-3 5.09560015E-3
10.147501 2.49990379E-3 0 4.32252511E-3 5.04997652E-3
NO NO NO NO NO
10.348751 1.25008146E-3 0 8.6441543E-3 1.89800037E-3
10.346251 1.24999217E-3 4.63271933E-3 1.07612312E-2 1.90004741E-3
10.343751 1.24990253E-3 9.26610269E-3 1.23160975E-2 1.9023217E-3
10.341251 1.24981254E-3 0 8.64601415E-3 1.90484803E-3
10.338751 1.25023606E-3 0 8.64308514E-3 1.90660777E-3
10.33625 1.25014503E-3 9.26430523E-3 1.23137077E-2 1.90899032E-3
10.333751 1.25005376E-3 0 8.64434615E-3 1.91123714E-3
10.33125 1.24996202E-3 0 8.64498038E-3 1.91348465E-3
10.328751 1.24987017E-3 4.63317148E-3 1.07622817E-2 1.91582995E-3
10.326251 1.24977785E-3 0 8.64625443E-3 1.91834837E-3
10.323751 1.25019753E-3 0 8.6433515E-3 1.9204549E-3
10.321251 1.25010416E-3 0 8.6439969E-3 1.92476262E-3
10.31875 1.25001045E-3 0 8.6446451E-3 1.93345372E-3
10.316251 1.2499165E-3 0 8.64529517E-3 1.9506684E-3
10.313751 1.24982221E-3 4.6333489E-3 1.07626943E-2 1.97816314E-3
10.311251 1.25023862E-3 0 8.64306744E-3 2.01253104E-3
10.308751 1.24963257E-3 4.63405252E-3 1.07643278E-2 2.05159653E-3
10.306252 1.25004782E-3 4.63251257E-3 1.07607516E-2 2.08912021E-3
10.303751 1.24995189E-3 4.63286834E-3 1.07615776E-2 2.12667254E-3
10.301251 1.25036563E-3 4.63133538E-3 1.07580172E-2 2.16271635E-3
10.298751 1.24975876E-3 0 8.64638668E-3 2.20045866E-3
10.296251 1.25017134E-3 0 8.64353217E-3 2.23675673E-3
10.293751 1.25007366E-3 4.63241711E-3 1.0760529E-2 2.27444689E-3
10.291251 1.24997576E-3 0 8.64488538E-3 2.31253193E-3
10.288751 1.24987739E-3 0 8.64556525E-3 2.35105678E-3
10.286251 1.2497789E-3 4.63351002E-3 1.07630678E-2 2.39039585E-3
10.283751 1.25018822E-3 4.63199243E-3 1.07595427E-2 2.43003876E-3
10.281251 1.25008856E-3 0 8.64410494E-3 2.47214106E-3
10.278751 1.24998868E-3 0 8.64479598E-3 2.5155982E-3
10.276251 1.24988833E-3 0 8.64548981E-3 2.56020622E-3
10.273751 1.25029508E-3 0 8.64267722E-3 2.6049607E-3
10.271251 1.2496867E-3 0 8.64688493E-3 2.65363185E-3
10.268751 1.25009229E-3 4.63234819E-3 1.07603688E-2 2.70286482E-3
10.266251 1.24999043E-3 4.63272585E-3 1.07612461E-2 2.75652972E-3
10.263751 1.2498881E-3 4.63310489E-3 1.07621262E-2 2.81361025E-3
10.26125 1.25029171E-3 0 8.64270143E-3 2.87284981E-3
10.258751 1.24968251E-3 0 8.6469138E-3 2.93808919E-3
10.256251 1.25008496E-3 4.6323752E-3 1.07604321E-2 3.00548831E-3
10.253751 1.249981E-3 4.6327603E-3 1.07613271E-2 3.07985744E-3
10.251251 1.2498768E-3 0 8.64556991E-3 3.16123874E-3
10.248751 1.25027716E-3 4.63166321E-3 1.07587781E-2 3.24951322E-3
10.246251 1.25017192E-3 4.63205343E-3 1.07596843E-2 3.34850349E-3
10.243751 1.2495619E-3 0 8.64774827E-3 3.459692E-3
10.241251 1.24996062E-3 9.26567148E-3 1.23155247E-2 3.57996626E-3
10.238751 1.2503583E-3 4.63136239E-3 1.07580796E-2 3.71204829E-3
10.236251 1.24974782E-3 4.63362504E-3 1.0763335E-2 3.85777955E-3
10.233751 1.25014444E-3 4.63215495E-3 1.07599208E-2 4.00904845E-3
10.231251 1.25003688E-3 0 8.64446256E-3 4.16875584E-3
10.228751 1.24992908E-3 0 8.64520855E-3 4.33419831E-3
10.226252 1.24982093E-3 9.26670711E-3 1.23169012E-2 4.50365245E-3
10.223751 1.25021487E-3 0 8.64323135E-3 4.66968259E-3
10.221251 1.25010579E-3 0 8.64398666E-3 4.821104E-3
10.218751 1.24999625E-3 4.63270396E-3 1.07611958E-2 4.92853438E-3
10.21625 1.24988658E-3 9.26622096E-3 1.23162549E-2 4.96338308E-3
10.213751 1.24977645E-3 1.39005557E-2 1.36062894E-2 4.91831917E-3
10.211251 1.25016726E-3 0 8.64356104E-3 4.81080776E-3
10.208751 1.2500562E-3 0 8.64432938E-3 4.6725967E-3
10.206251 1.24994479E-3 9.26578976E-3 1.23156812E-2 4.52028122E-3
10.203752 1.24983315E-3 0 8.64587165E-3 4.36353497E-3
10.201251 1.25022128E-3 0 8.64318758E-3 4.20443341E-3
10.19875 1.25010859E-3 0 8.6439671E-3 4.04810021E-3
10.196251 1.24999555E-3 4.63270675E-3 1.07612014E-2 3.89408949E-3
10.193751 1.24988228E-3 4.63312631E-3 1.07621774E-2 3.74335703E-3
10.191251 1.25026784E-3 4.63169767E-3 1.07588582E-2 3.59464297E-3
10.188751 1.24965457E-3 4.63397102E-3 1.07641388E-2 3.45203909E-3
10.186251 1.25003909E-3 4.63254517E-3 1.0760827E-2 3.30998632E-3
10.183751 1.24992419E-3 9.2659425E-3 1.23158842E-2 3.17303068E-3
10.181251 1.25030708E-3 0 8.64259433E-3 3.03883268E-3
10.178751 1.24969322E-3 4.6338276E-3 1.07638054E-2 2.91098841E-3
10.176251 1.25007506E-3 9.26482305E-3 1.23143969E-2 2.78429897E-3
10.173751 1.24995853E-3 4.63284366E-3 1.07615199E-2 2.66161445E-3
10.171251 1.25033897E-3 0 8.64237454E-3 2.540407E-3
10.168751 1.24972442E-3 0 8.64662416E-3 2.42490275E-3
10.166251 1.2501037E-3 0 8.64400063E-3 2.31577968E-3
10.163751 1.24998554E-3 0 8.6448174E-3 2.22520391E-3
10.161251 1.24986714E-3 0 8.64563696E-3 2.16182019E-3
10.158751 1.25024444E-3 4.63178428E-3 1.07590593E-2 2.12672888E-3
10.156251 1.24962919E-3 0 8.64728261E-3 2.1147707E-3
10.153751 1.25000544E-3 0 8.64468049E-3 2.11189501E-3
10.151251 1.25038065E-3 0 8.64208583E-3 2.11289758E-3
10.148751 1.24976481E-3 0 8.64634477E-3 2.11636839E-3
NO NO NO NO NO
10.348751 1.25008146E-3 0 8.6441543E-3 5.44773473E-4
10.346251 1.24999217E-3 4.63271933E-3 1.07612312E-2 5.50056575E-4
10.343751 1.24990253E-3 0 8.64539202E-3 5.53601072E-4
10.341251 1.24981254E-3 0 8.64601415E-3 5.55539562E-4
10.338751 1.25023606E-3 0 8.64308514E-3 5.56203711E-4
10.33625 1.25014503E-3 0 8.64371471E-3 5.5651943E-4
10.333751 1.25005376E-3 0 8.64434615E-3 5.56349405E-4
10.33125 1.24996202E-3 0 8.64498038E-3 5.5535615E-4
10.328751 1.24987017E-3 4.63317148E-3 1.07622817E-2 5.52940299E-4
10.326251 1.24977785E-3 0 8.64625443E-3 5.48217969E-4
10.323751 1.25019753E-3 0 8.6433515E-3 5.40688867E-4
10.321251 1.25010416E-3 4.63230396E-3 1.07602663E-2 5.31306199E-4
10.31875 1.25001045E-3 0 8.6446451E-3 5.21659735E-4
10.316251 1.2499165E-3 0 8.64529517E-3 5.14953572E-4
10.313751 1.24982221E-3 0 8.64594709E-3 5.13899606E-4
10.311251 1.25023862E-3 0 8.64306744E-3 5.18809655E-4
10.308751 1.24963257E-3 0 8.64725932E-3 5.28711942E-4
10.306252 1.25004782E-3 0 8.64438619E-3 5.4080633E-4
10.303751 1.24995189E-3 0 8.64505023E-3 5.54342114E-4
10.301251 1.25036563E-3 0 8.64219014E-3 5.68118761E-4
10.298751 1.24975876E-3 0 8.64638668E-3 5.82840294E-4
10.296251 1.25017134E-3 0 8.64353217E-3 5.97994134E-4
10.293751 1.25007366E-3 0 8.64420831E-3 6.14763529E-4
10.291251 1.24997576E-3 0 8.64488538E-3 6.33607444E-4
10.288751 1.24987739E-3 0 8.64556525E-3 6.56005694E-4
10.286251 1.2497789E-3 0 8.64624698E-3 6.8396033E-4
10.283751 1.25018822E-3 0 8.64341576E-3 7.18549301E-4
10.281251 1.25008856E-3 0 8.64410494E-3 7.59844726E-4
10.278751 1.24998868E-3 0 8.64479598E-3 8.04676674E-4
10.276251 1.24988833E-3 0 8.64548981E-3 8.48983065E-4
10.273751 1.25029508E-3 0 8.64267722E-3 8.89188319E-4
10.271251 1.2496867E-3 0 8.64688493E-3 9.2560862E-4
10.268751 1.25009229E-3 9.26469639E-3 1.23142274E-2 9.57651006E-4
10.266251 1.24999043E-3 0 8.64478387E-3 9.86792264E-4
10.263751 1.2498881E-3 4.63310489E-3 1.07621262E-2 1.01141434E-3
10.26125 1.25029171E-3 0 8.64270143E-3 1.02947827E-3
10.258751 1.24968251E-3 0 8.6469138E-3 1.04357663E-3
10.256251 1.25008496E-3 0 8.64413008E-3 1.05711876E-3
10.253751 1.249981E-3 4.6327603E-3 1.07613271E-2 1.07777654E-3
10.251251 1.2498768E-3 4.6331468E-3 1.0762224E-2 1.10921275E-3
10.248751 1.25027716E-3 0 8.64280108E-3 1.15253788E-3
10.246251 1.25017192E-3 4.63205343E-3 1.07596843E-2 1.20887137E-3
10.243751 1.2495619E-3 0 8.64774827E-3 1.27797842E-3
10.241251 1.24996062E-3 0 8.64498969E-3 1.35560322E-3
10.238751 1.2503583E-3 4.63136239E-3 1.07580796E-2 1.43681734E-3
10.236251 1.24974782E-3 0 8.64646211E-3 1.51738164E-3
10.233751 1.25014444E-3 0 8.64371937E-3 1.59405486E-3
10.231251 1.25003688E-3 4.63255355E-3 1.07608456E-2 1.67364045E-3
10.228751 1.24992908E-3 0 8.64520855E-3 1.76156394E-3
10.226252 1.24982093E-3 0 8.6459564E-3 1.85970147E-3
10.223751 1.25021487E-3 0 8.64323135E-3 1.96381798E-3
10.221251 1.25010579E-3 0 8.64398666E-3 2.06719595E-3
10.218751 1.24999625E-3 0 8.64474289E-3 2.15704134E-3
10.21625 1.24988658E-3 0 8.64550285E-3 2.22016242E-3
10.213751 1.24977645E-3 0 8.64626374E-3 2.24819244E-3
10.211251 1.25016726E-3 4.63207019E-3 1.07597234E-2 2.24194466E-3
10.208751 1.2500562E-3 0 8.64432938E-3 2.21356098E-3
10.206251 1.24994479E-3 4.63289488E-3 1.07616391E-2 2.17450806E-3
10.203752 1.24983315E-3 0 8.64587165E-3 2.13328097E-3
10.201251 1.25022128E-3 0 8.64318758E-3 2.09074258E-3
10.19875 1.25010859E-3 0 8.6439671E-3 2.04545096E-3
10.196251 1.24999555E-3 0 8.64474848E-3 1.99380633E-3
10.193751 1.24988228E-3 0 8.64553172E-3 1.93511962E-3
10.191251 1.25026784E-3 4.63169767E-3 1.07588582E-2 1.86979328E-3
10.188751 1.24965457E-3 0 8.64710752E-3 1.80175621E-3
10.186251 1.25003909E-3 9.26509034E-3 1.23147527E-2 1.7300233E-3
10.183751 1.24992419E-3 0 8.64524208E-3 1.65798073E-3
10.181251 1.25030708E-3 4.63155191E-3 1.07585201E-2 1.58431579E-3
10.178751 1.24969322E-3 0 8.64684023E-3 1.51039229E-3
10.176251 1.25007506E-3 4.63241152E-3 1.07605169E-2 1.43477134E-3
10.173751 1.24995853E-3 0 8.64500459E-3 1.36155915E-3
10.171251 1.25033897E-3 0 8.64237454E-3 1.29196036E-3
10.168751 1.24972442E-3 0 8.64662416E-3 1.22867676E-3
10.166251 1.2501037E-3 0 8.64400063E-3 1.17050263E-3
10.163751 1.24998554E-3 4.63274354E-3 1.0761288E-2 1.12157757E-3
10.161251 1.24986714E-3 0 8.64563696E-3 1.08591572E-3
10.158751 1.25024444E-3 0 8.6430274E-3 1.06496841E-3
10.156251 1.24962919E-3 0 8.64728261E-3 1.05650059E-3
10.153751 1.25000544E-3 0 8.64468049E-3 1.05261232E-3
10.151251 1.25038065E-3 0 8.64208583E-3 1.0497513E-3
10.148751 1.24976481E-3 0 8.64634477E-3 1.0474968E-3
