10.347501 2.50007352E-3 0 4.32223175E-3 1.4488357E-5
10.342501 2.49971519E-3 1.15830451E-2 7.87164271E-3 1.78034243E-5
10.337501 2.50038109E-3 6.94797561E-3 6.80089137E-3 2.28104891E-5
10.3325 2.50001578E-3 4.63266065E-3 6.15752954E-3 3.16812257E-5
10.327501 2.4996479E-3 4.63334238E-3 6.15843572E-3 4.89684899E-5
10.322501 2.50030169E-3 2.08445899E-2 9.54797771E-3 8.87091883E-5
10.317501 2.49992707E-3 4.6328255E-3 6.1577484E-3 1.76167305E-4
10.312501 2.50006095E-3 9.2651546E-3 7.36452267E-3 3.2218601E-4
10.307501 2.4996805E-3 9.26656462E-3 7.36564398E-3 5.06849959E-4
10.302501 2.50031753E-3 2.31605093E-3 5.37989847E-3 7.03697733E-4
10.297501 2.49993009E-3 6.94922917E-3 6.80211838E-3 9.03862179E-4
10.2925 2.50004954E-3 4.63259872E-3 6.15744665E-3 1.10887922E-3
10.287501 2.49965629E-3 2.31666351E-3 5.38132153E-3 1.32313999E-3
10.282501 2.50027678E-3 0 4.32188017E-3 1.54983462E-3
10.277501 2.49987701E-3 4.63291816E-3 6.1578718E-3 1.79445953E-3
10.272501 2.49998178E-3 2.31636199E-3 5.38062118E-3 2.06127856E-3
10.267501 2.5000826E-3 4.63253679E-3 6.1573647E-3 2.35740514E-3
10.262501 2.50017969E-3 4.63235704E-3 6.15712581E-3 2.69232271E-3
10.257501 2.49976735E-3 4.63312119E-3 6.15814142E-3 3.08049703E-3
10.252501 2.49985792E-3 9.26590711E-3 7.36512104E-3 3.54052568E-3
10.247501 2.50044907E-3 1.15796458E-2 7.8693321E-3 4.09674831E-3
10.242501 2.49952264E-3 1.39007252E-2 8.33597779E-3 4.77339188E-3
10.237501 2.50010611E-3 6.94874022E-3 6.80163922E-3 5.56422491E-3
10.232501 2.50018132E-3 6.94853114E-3 6.80143479E-3 6.43417984E-3
10.227501 2.49975012E-3 3.01154964E-2 1.0906673E-2 7.28547201E-3
10.222501 2.50032078E-3 4.63209581E-3 6.15677889E-3 7.90750328E-3
10.217501 2.49988283E-3 1.62151754E-2 8.76518711E-3 8.05925857E-3
10.212501 2.49994383E-3 1.62147805E-2 8.76497384E-3 7.68356305E-3
10.207501 2.50000111E-3 2.31634416E-2 9.91098676E-3 6.97289826E-3
10.202501 2.50005443E-3 1.38977673E-2 8.33420455E-3 6.13708934E-3
10.197501 2.50010425E-3 6.94874581E-3 6.80164481E-3 5.2766283E-3
10.192501 2.50015012E-3 1.62134413E-2 8.7642502E-3 4.4278726E-3
10.187501 2.49969354E-3 4.6332581E-3 6.15832349E-3 3.60782212E-3
10.182501 2.50023138E-3 1.6212916E-2 8.76396615E-3 2.82307738E-3
10.177501 2.49976828E-3 1.38993589E-2 8.33515823E-3 2.08475417E-3
10.172501 2.5002975E-3 0 4.32184432E-3 1.40560837E-3
10.1675 2.49982812E-3 6.94951322E-3 6.80239592E-3 8.27341282E-4
10.162501 2.4998528E-3 0 4.32261359E-3 4.14391019E-4
10.157501 2.49987352E-3 4.63292422E-3 6.15788018E-3 1.90317369E-4
10.152501 2.50038598E-3 6.9479621E-3 6.80087786E-3 9.83818754E-5
10.147501 2.49990379E-3 4.63286834E-3 6.15780568E-3 6.36041586E-5
NO NO NO NO NO
10.347501 2.50007352E-3 4.63255355E-3 6.15738751E-3 1.02661943E-5
10.342501 2.49971519E-3 6.94982708E-3 6.80270325E-3 1.22918427E-5
10.337501 2.50038109E-3 9.2639681E-3 7.3635797E-3 1.50280821E-5
10.3325 2.50001578E-3 4.63266065E-3 6.15752954E-3 1.92327207E-5
10.327501 2.4996479E-3 4.63334238E-3 6.15843572E-3 2.68914719E-5
10.322501 2.50030169E-3 2.3160656E-3 5.37993247E-3 4.58276409E-5
10.317501 2.49992707E-3 6.94923801E-3 6.80212677E-3 9.52471528E-5
10.312501 2.50006095E-3 4.6325773E-3 6.15741871E-3 1.92563908E-4
10.307501 2.4996805E-3 2.31664116E-3 5.38126985E-3 3.31158633E-4
10.302501 2.50031753E-3 2.31605093E-3 5.37989847E-3 4.8835983E-4
10.297501 2.49993009E-3 6.94922917E-3 6.80211838E-3 6.51562063E-4
10.2925 2.50004954E-3 0 4.32227319E-3 8.19403795E-4
10.287501 2.49965629E-3 0 4.32295306E-3 9.94004076E-4
10.282501 2.50027678E-3 4.6321773E-3 6.15688693E-3 1.17695471E-3
10.277501 2.49987701E-3 6.94937725E-3 6.80226274E-3 1.37205329E-3
10.272501 2.49998178E-3 4.63272398E-3 6.15761336E-3 1.58261321E-3
10.267501 2.5000826E-3 6.94880541E-3 6.80170301E-3 1.81423058E-3
10.262501 2.50017969E-3 6.94853533E-3 6.80143898E-3 2.07365933E-3
10.257501 2.49976735E-3 1.62159242E-2 8.76559224E-3 2.37002946E-3
10.252501 2.49985792E-3 9.26590711E-3 7.36512104E-3 2.7156244E-3
10.247501 2.50044907E-3 1.3895575E-2 8.33288953E-3 3.13029904E-3
10.242501 2.49952264E-3 6.95036259E-3 6.80322712E-3 3.63966636E-3
10.237501 2.50010611E-3 6.94874022E-3 6.80163922E-3 4.25274856E-3
10.232501 2.50018132E-3 6.94853114E-3 6.80143479E-3 4.95940307E-3
10.227501 2.49975012E-3 2.08491907E-2 9.55008529E-3 5.70438942E-3
10.222501 2.50032078E-3 6.94814371E-3 6.80105574E-3 6.34879898E-3
10.217501 2.49988283E-3 1.38987219E-2 8.33477639E-3 6.68410724E-3
10.212501 2.49994383E-3 1.62147805E-2 8.76497384E-3 6.57443469E-3
10.207501 2.50000111E-3 4.63268813E-3 6.15756633E-3 6.1072153E-3
10.202501 2.50005443E-3 1.15814731E-2 7.87057448E-3 5.46352845E-3
10.197501 2.50010425E-3 1.1581243E-2 7.87041802E-3 4.7577126E-3
10.192501 2.50015012E-3 9.26482398E-3 7.36426003E-3 4.04264685E-3
10.187501 2.49969354E-3 2.31662905E-3 5.38124144E-3 3.34665598E-3
10.182501 2.50023138E-3 1.15806544E-2 7.87001755E-3 2.67828722E-3
10.177501 2.49976828E-3 1.15827993E-2 7.87147507E-3 2.04473455E-3
10.172501 2.5002975E-3 4.63213865E-3 6.15683571E-3 1.45262841E-3
10.1675 2.49982812E-3 0 4.32265596E-3 9.27469227E-4
10.162501 2.4998528E-3 4.63296287E-3 6.15793141E-3 5.16569475E-4
10.157501 2.49987352E-3 2.31646211E-3 5.38085401E-3 2.59087858E-4
10.152501 2.50038598E-3 2.31598737E-3 5.37975086E-3 1.33311958E-4
10.147501 2.49990379E-3 0 4.32252511E-3 7.84470976E-5
NO NO NO NO NO
10.348751 1.25008146E-3 0 8.6441543E-3 2.30070512E-7
10.346251 1.24999217E-3 4.63271933E-3 1.07612312E-2 2.62726587E-7
10.343751 1.24990253E-3 9.26610269E-3 1.23160975E-2 3.00244096E-7
10.341251 1.24981254E-3 0 8.64601415E-3 3.43233211E-7
10.338751 1.25023606E-3 0 8.64308514E-3 3.92569262E-7
10.33625 1.25014503E-3 9.26430523E-3 1.23137077E-2 4.49850205E-7
10.333751 1.25005376E-3 0 8.64434615E-3 5.1657878E-7
10.33125 1.24996202E-3 0 8.64498038E-3 5.95182371E-7
10.328751 1.24987017E-3 4.63317148E-3 1.07622817E-2 6.9269214E-7
10.326251 1.24977785E-3 0 8.64625443E-3 8.53804806E-7
10.323751 1.25019753E-3 0 8.6433515E-3 1.35163248E-6
10.321251 1.25010416E-3 0 8.6439969E-3 3.33436492E-6
10.31875 1.25001045E-3 0 8.6446451E-3 9.80964887E-6
10.316251 1.2499165E-3 0 8.64529517E-3 2.48417982E-5
10.313751 1.24982221E-3 4.6333489E-3 1.07626943E-2 5.00220012E-5
10.311251 1.25023862E-3 0 8.64306744E-3 8.25783573E-5
10.308751 1.24963257E-3 4.63405252E-3 1.07643278E-2 1.17941134E-4
10.306252 1.25004782E-3 4.63251257E-3 1.07607516E-2 1.53125715E-4
10.303751 1.24995189E-3 4.63286834E-3 1.07615776E-2 1.87415935E-4
10.301251 1.25036563E-3 4.63133538E-3 1.07580172E-2 2.2087885E-4
10.298751 1.24975876E-3 0 8.64638668E-3 2.54248036E-4
10.296251 1.25017134E-3 0 8.64353217E-3 2.875051E-4
10.293751 1.25007366E-3 4.63241711E-3 1.0760529E-2 3.2120882E-4
10.291251 1.24997576E-3 0 8.64488538E-3 3.55420692E-4
10.288751 1.24987739E-3 0 8.64556525E-3 3.90301226E-4
10.286251 1.2497789E-3 4.63351002E-3 1.07630678E-2 4.26053128E-4
10.283751 1.25018822E-3 4.63199243E-3 1.07595427E-2 4.62706463E-4
10.281251 1.25008856E-3 0 8.64410494E-3 5.00792929E-4
10.278751 1.24998868E-3 0 8.64479598E-3 5.40249865E-4
10.276251 1.24988833E-3 0 8.64548981E-3 5.81176544E-4
10.273751 1.25029508E-3 0 8.64267722E-3 6.23486587E-4
10.271251 1.2496867E-3 0 8.64688493E-3 6.68259163E-4
10.268751 1.25009229E-3 4.63234819E-3 1.07603688E-2 7.14879134E-4
10.266251 1.24999043E-3 4.63272585E-3 1.07612461E-2 7.64567172E-4
10.263751 1.2498881E-3 4.63310489E-3 1.07621262E-2 8.17353895E-4
10.26125 1.25029171E-3 0 8.64270143E-3 8.73197976E-4
10.258751 1.24968251E-3 0 8.6469138E-3 9.33675445E-4
10.256251 1.25008496E-3 4.6323752E-3 1.07604321E-2 9.98104108E-4
10.253751 1.249981E-3 4.6327603E-3 1.07613271E-2 1.06868346E-3
10.251251 1.2498768E-3 0 8.64556991E-3 1.14633027E-3
10.248751 1.25027716E-3 4.63166321E-3 1.07587781E-2 1.23210403E-3
10.246251 1.25017192E-3 4.63205343E-3 1.07596843E-2 1.32877566E-3
10.243751 1.2495619E-3 0 8.64774827E-3 1.43837568E-3
10.241251 1.24996062E-3 9.26567148E-3 1.23155247E-2 1.56069919E-3
10.238751 1.2503583E-3 4.63136239E-3 1.07580796E-2 1.69737043E-3
10.236251 1.24974782E-3 4.63362504E-3 1.0763335E-2 1.84923119E-3
10.233751 1.25014444E-3 4.63215495E-3 1.07599208E-2 2.01188168E-3
10.231251 1.25003688E-3 0 8.64446256E-3 2.18574447E-3
10.228751 1.24992908E-3 0 8.64520855E-3 2.36810395E-3
10.226252 1.24982093E-3 9.26670711E-3 1.23169012E-2 2.55503925E-3
10.223751 1.25021487E-3 0 8.64323135E-3 2.73417053E-3
10.221251 1.25010579E-3 0 8.64398666E-3 2.88203848E-3
10.218751 1.24999625E-3 4.63270396E-3 1.07611958E-2 2.96319509E-3
10.21625 1.24988658E-3 9.26622096E-3 1.23162549E-2 2.95839272E-3
10.213751 1.24977645E-3 1.39005557E-2 1.36062894E-2 2.87883892E-3
10.211251 1.25016726E-3 0 8.64356104E-3 2.75287754E-3
10.208751 1.2500562E-3 0 8.64432938E-3 2.60639447E-3
10.206251 1.24994479E-3 9.26578976E-3 1.23156812E-2 2.45157443E-3
10.203752 1.24983315E-3 0 8.64587165E-3 2.29421421E-3
10.201251 1.25022128E-3 0 8.64318758E-3 2.13578227E-3
10.19875 1.25010859E-3 0 8.6439671E-3 1.97936292E-3
10.196251 1.24999555E-3 4.63270675E-3 1.07612014E-2 1.82502496E-3
10.193751 1.24988228E-3 4.63312631E-3 1.07621774E-2 1.67347083E-3
10.191251 1.25026784E-3 4.63169767E-3 1.07588582E-2 1.52434385E-3
10.188751 1.24965457E-3 4.63397102E-3 1.07641388E-2 1.37947814E-3
10.186251 1.25003909E-3 4.63254517E-3 1.0760827E-2 1.23662828E-3
10.183751 1.24992419E-3 9.2659425E-3 1.23158842E-2 1.09761802E-3
10.181251 1.25030708E-3 0 8.64259433E-3 9.6158532E-4
10.178751 1.24969322E-3 4.6338276E-3 1.07638054E-2 8.29631055E-4
10.176251 1.25007506E-3 9.26482305E-3 1.23143969E-2 7.00154982E-4
10.173751 1.24995853E-3 4.63284366E-3 1.07615199E-2 5.73988713E-4
10.171251 1.25033897E-3 0 8.64237454E-3 4.50722146E-4
10.168751 1.24972442E-3 0 8.64662416E-3 3.32139985E-4
10.166251 1.2501037E-3 0 8.64400063E-3 2.21948707E-4
10.163751 1.24998554E-3 0 8.6448174E-3 1.29359949E-4
10.161251 1.24986714E-3 0 8.64563696E-3 6.35108809E-5
10.158751 1.25024444E-3 4.63178428E-3 1.07590593E-2 2.61906807E-5
10.156251 1.24962919E-3 0 8.64728261E-3 9.8436949E-6
10.153751 1.25000544E-3 0 8.64468049E-3 4.10884104E-6
10.151251 1.25038065E-3 0 8.64208583E-3 2.46010313E-6
10.148751 1.24976481E-3 0 8.64634477E-3 1.89947264E-6
NO NO NO NO NO
10.348751 1.25008146E-3 0 8.6441543E-3 8.03630087E-8
10.346251 1.24999217E-3 4.63271933E-3 1.07612312E-2 9.17542593E-8
10.343751 1.24990253E-3 0 8.64539202E-3 1.04744849E-7
10.341251 1.24981254E-3 0 8.64601415E-3 1.19565257E-7
10.338751 1.25023606E-3 0 8.64308514E-3 1.36490456E-7
10.33625 1.25014503E-3 0 8.64371471E-3 1.561137E-7
10.333751 1.25005376E-3 0 8.64434615E-3 1.79144521E-7
10.33125 1.24996202E-3 0 8.64498038E-3 2.06925463E-7
10.328751 1.24987017E-3 4.63317148E-3 1.07622817E-2 2.43380896E-7
10.326251 1.24977785E-3 0 8.64625443E-3 3.09246843E-7
10.323751 1.25019753E-3 0 8.6433515E-3 5.16323496E-7
10.321251 1.25010416E-3 4.63230396E-3 1.07602663E-2 1.21648281E-6
10.31875 1.25001045E-3 0 8.6446451E-3 3.1105842E-6
10.316251 1.2499165E-3 0 8.64529517E-3 7.17046078E-6
10.313751 1.24982221E-3 0 8.64594709E-3 1.37901698E-5
10.311251 1.25023862E-3 0 8.64306744E-3 2.23167608E-5
10.308751 1.24963257E-3 0 8.64725932E-3 3.16307523E-5
10.306252 1.25004782E-3 0 8.64438619E-3 4.09474451E-5
10.303751 1.24995189E-3 0 8.64505023E-3 5.01569011E-5
10.301251 1.25036563E-3 0 8.64219014E-3 5.93154764E-5
10.298751 1.24975876E-3 0 8.64638668E-3 6.86448839E-5
10.296251 1.25017134E-3 0 8.64353217E-3 7.81957933E-5
10.293751 1.25007366E-3 0 8.64420831E-3 8.82054592E-5
10.291251 1.24997576E-3 0 8.64488538E-3 9.88601241E-5
10.288751 1.24987739E-3 0 8.64556525E-3 1.10538218E-4
10.286251 1.2497789E-3 0 8.64624698E-3 1.23753562E-4
10.283751 1.25018822E-3 0 8.64341576E-3 1.38898817E-4
10.281251 1.25008856E-3 0 8.64410494E-3 1.56191003E-4
10.278751 1.24998868E-3 0 8.64479598E-3 1.75162699E-4
10.276251 1.24988833E-3 0 8.64548981E-3 1.95051514E-4
10.273751 1.25029508E-3 0 8.64267722E-3 2.15075896E-4
10.271251 1.2496867E-3 0 8.64688493E-3 2.35277999E-4
10.268751 1.25009229E-3 9.26469639E-3 1.23142274E-2 2.55420338E-4
10.266251 1.24999043E-3 0 8.64478387E-3 2.7575955E-4
10.263751 1.2498881E-3 4.63310489E-3 1.07621262E-2 2.95742764E-4
10.26125 1.25029171E-3 0 8.64270143E-3 3.14695644E-4
10.258751 1.24968251E-3 0 8.6469138E-3 3.33401316E-4
10.256251 1.25008496E-3 0 8.64413008E-3 3.53036827E-4
10.253751 1.249981E-3 4.6327603E-3 1.07613271E-2 3.76373675E-4
10.251251 1.2498768E-3 4.6331468E-3 1.0762224E-2 4.0517858E-4
10.248751 1.25027716E-3 0 8.64280108E-3 4.40618023E-4
10.246251 1.25017192E-3 4.63205343E-3 1.07596843E-2 4.84061689E-4
10.243751 1.2495619E-3 0 8.64774827E-3 5.36386739E-4
10.241251 1.24996062E-3 0 8.64498969E-3 5.96535567E-4
10.238751 1.2503583E-3 4.63136239E-3 1.07580796E-2 6.62689738E-4
10.236251 1.24974782E-3 0 8.64646211E-3 7.32974673E-4
10.233751 1.25014444E-3 0 8.64371937E-3 8.05576041E-4
10.231251 1.25003688E-3 4.63255355E-3 1.07608456E-2 8.83389672E-4
10.228751 1.24992908E-3 0 8.64520855E-3 9.68606852E-4
10.226252 1.24982093E-3 0 8.6459564E-3 1.06074894E-3
10.223751 1.25021487E-3 0 8.64323135E-3 1.15382113E-3
10.221251 1.25010579E-3 0 8.64398666E-3 1.23743515E-3
10.218751 1.24999625E-3 0 8.64474289E-3 1.29613141E-3
10.21625 1.24988658E-3 0 8.64550285E-3 1.32045418E-3
10.213751 1.24977645E-3 0 8.64626374E-3 1.31146237E-3
10.211251 1.25016726E-3 4.63207019E-3 1.07597234E-2 1.27743173E-3
10.208751 1.2500562E-3 0 8.64432938E-3 1.22907106E-3
10.206251 1.24994479E-3 4.63289488E-3 1.07616391E-2 1.17338751E-3
10.203752 1.24983315E-3 0 8.64587165E-3 1.11522968E-3
10.201251 1.25022128E-3 0 8.64318758E-3 1.05536857E-3
10.19875 1.25010859E-3 0 8.6439671E-3 9.9337101E-4
10.196251 1.24999555E-3 0 8.64474848E-3 9.27729998E-4
10.193751 1.24988228E-3 0 8.64553172E-3 8.58541927E-4
10.191251 1.25026784E-3 4.63169767E-3 1.07588582E-2 7.86493823E-4
10.188751 1.24965457E-3 0 8.64710752E-3 7.13679707E-4
10.186251 1.25003909E-3 9.26509034E-3 1.23147527E-2 6.4007286E-4
10.183751 1.24992419E-3 0 8.64524208E-3 5.67341573E-4
10.181251 1.25030708E-3 4.63155191E-3 1.07585201E-2 4.95306798E-4
10.178751 1.24969322E-3 0 8.64684023E-3 4.24640661E-4
10.176251 1.25007506E-3 4.63241152E-3 1.07605169E-2 3.55044933E-4
10.173751 1.24995853E-3 0 8.64500459E-3 2.87728501E-4
10.171251 1.25033897E-3 0 8.64237454E-3 2.23134732E-4
10.168751 1.24972442E-3 0 8.64662416E-3 1.6237743E-4
10.166251 1.2501037E-3 0 8.64400063E-3 1.07081098E-4
10.163751 1.24998554E-3 4.63274354E-3 1.0761288E-2 6.12106232E-5
10.161251 1.24986714E-3 0 8.64563696E-3 2.89552227E-5
10.158751 1.25024444E-3 0 8.6430274E-3 1.11036352E-5
10.156251 1.24962919E-3 0 8.64728261E-3 3.81822701E-6
10.153751 1.25000544E-3 0 8.64468049E-3 1.64062817E-6
10.151251 1.25038065E-3 0 8.64208583E-3 1.06704567E-6
10.148751 1.24976481E-3 0 8.64634477E-3 8.55328381E-7
