6.8175006 2.50008842E-3 2.31626304E-3 5.38039161E-3 5.63696539E-3
6.8125005 2.49999226E-3 4.63270443E-3 6.15758728E-3 5.63705154E-3
6.8075004 2.50011124E-3 9.2649674E-3 7.36437459E-3 5.63691417E-3
6.8025002 2.49999925E-3 1.15817282E-2 7.87074771E-3 5.63658495E-3
6.7975006 2.4998798E-3 9.26582608E-3 7.36505631E-3 5.63330529E-3
6.7925005 2.49997433E-3 1.15818447E-2 7.87082687E-3 5.62691223E-3
6.7875009 2.50006025E-3 1.62140243E-2 8.76456499E-3 5.61963767E-3
6.7825007 2.49991682E-3 9.26568825E-3 7.36494735E-3 5.61293727E-3
6.7775006 2.49998644E-3 1.6214503E-2 8.7648239E-3 5.6048613E-3
6.7725005 2.50004767E-3 1.15815047E-2 7.8705959E-3 5.59220044E-3
6.7675004 2.50010053E-3 1.85300168E-2 9.16781835E-3 5.57022728E-3
6.7625008 2.49992521E-3 2.54805591E-2 1.02566835E-2 5.53170312E-3
6.7575006 2.49996176E-3 1.62146632E-2 8.76491051E-3 5.45203593E-3
6.7525005 2.49998993E-3 1.15817711E-2 7.87077658E-3 5.27770817E-3
6.7475009 2.50000996E-3 3.70613709E-2 1.17963478E-2 4.93639754E-3
6.7425008 2.5000216E-3 3.01122256E-2 1.09054884E-2 4.42578876E-3
6.7375007 2.50002509E-3 4.16937955E-2 1.23462901E-2 3.93627491E-3
6.7325006 2.5000202E-3 5.0959181E-2 1.33644994E-2 3.67591041E-3
6.7275004 2.50000693E-3 2.77960636E-2 1.05873207E-2 3.58740264E-3
6.7225008 2.49998574E-3 2.08472256E-2 9.5491847E-3 3.4595537E-3
6.7175007 2.49995617E-3 4.16949429E-2 1.234663E-2 3.20752244E-3
6.7125006 2.50013499E-3 1.85297597E-2 9.16769169E-3 3.00920964E-3
6.7075005 2.49987235E-3 2.08481699E-2 9.54961777E-3 3.04484717E-3
6.7025008 2.50003417E-3 3.47446986E-2 1.15088969E-2 3.19909654E-3
6.6975007 2.49997154E-3 2.08473429E-2 9.54923872E-3 3.30753624E-3
6.6925006 2.50011613E-3 2.7794851E-2 1.05868597E-2 3.3685246E-3
6.6875005 2.49982183E-3 2.31651012E-2 9.91169736E-3 3.40659381E-3
6.6825008 2.50016409E-3 2.77943164E-2 1.05866557E-2 3.41168116E-3
6.6775007 2.49985396E-3 5.55955321E-2 1.38408253E-2 3.38883791E-3
6.6725006 2.49996432E-3 3.70620489E-2 1.17965629E-2 3.35215288E-3
6.667501 2.50006607E-3 3.4744259E-2 1.15087507E-2 3.31084384E-3
6.6625009 2.49994546E-3 4.40115146E-2 1.26106823E-2 3.26832291E-3
6.6575007 2.50002998E-3 3.24284397E-2 1.12123024E-2 3.22978152E-3
6.6525006 2.50010588E-3 5.09574339E-2 1.33640422E-2 3.20650102E-3
6.6475005 2.49996036E-3 3.2429345E-2 1.12126144E-2 3.20930034E-3
6.6425004 2.50001927E-3 4.16938886E-2 1.23463189E-2 3.23905074E-3
6.6375003 2.50006933E-3 6.25395849E-2 1.45180477E-2 3.28909326E-3
6.6325006 2.49989936E-3 5.55945225E-2 1.38405729E-2 3.35103343E-3
6.6275005 2.49993266E-3 4.1695334E-2 1.23467473E-2 3.41577851E-3
6.6225004 2.50016782E-3 1.85295157E-2 9.16757062E-3 3.4726169E-3
6.6175003 2.4999727E-3 4.40110341E-2 1.26105445E-2 3.51243117E-3
6.6125007 2.49998015E-3 2.54799984E-2 1.02564571E-2 3.53345065E-3
6.6075006 2.49997899E-3 1.15818232E-2 7.87081197E-3 3.5434484E-3
6.6025004 2.49996921E-3 1.38982423E-2 8.33448861E-3 3.54968337E-3
6.5975008 2.49995082E-3 9.26556252E-3 7.36484723E-3 3.55482334E-3
6.5925007 2.50013266E-3 0 4.3221293E-3 3.55789601E-3
6.5875006 2.49988819E-3 6.94934558E-3 6.802232E-3 3.56137799E-3
6.5825005 2.50005256E-3 4.63259267E-3 6.1574392E-3 3.56904487E-3
6.5775008 2.49999971E-3 6.94903592E-3 6.80192886E-3 3.58463055E-3
NO NO NO NO NO
6.8175006 2.50008842E-3 6.94878958E-3 6.80168765E-3 6.0026627E-3
6.8125005 2.49999226E-3 6.94905641E-3 6.80194888E-3 6.0007032E-3
6.8075004 2.50011124E-3 4.6324837E-3 6.15729438E-3 5.99409407E-3
6.8025002 2.49999925E-3 9.26538277E-3 7.36470427E-3 5.98470308E-3
6.7975006 2.4998798E-3 6.94936933E-3 6.80225529E-3 5.97534794E-3
6.7925005 2.49997433E-3 6.9491067E-3 6.80199824E-3 5.96808083E-3
6.7875009 2.50006025E-3 6.94886781E-3 6.80176402E-3 5.96375717E-3
6.7825007 2.49991682E-3 9.26568825E-3 7.36494735E-3 5.96208591E-3
6.7775006 2.49998644E-3 9.26543027E-3 7.36474199E-3 5.96157415E-3
6.7725005 2.50004767E-3 9.26520396E-3 7.36456178E-3 5.96328266E-3
6.7675004 2.50010053E-3 1.15812598E-2 7.8704292E-3 5.96849155E-3
6.7625008 2.49992521E-3 2.77969725E-2 1.0587668E-2 5.9783794E-3
6.7575006 2.49996176E-3 6.94914162E-3 6.80203224E-3 5.98787377E-3
6.7525005 2.49998993E-3 2.08471883E-2 9.54916794E-3 5.98216197E-3
6.7475009 2.50000996E-3 3.01123653E-2 1.09055387E-2 5.94918476E-3
6.7425008 2.5000216E-3 4.63264994E-2 1.28676873E-2 5.90432901E-3
6.7375007 2.50002509E-3 5.09590805E-2 1.33644734E-2 5.87051548E-3
6.7325006 2.5000202E-3 3.70612219E-2 1.17963003E-2 5.84858377E-3
6.7275004 2.50000693E-3 6.02248013E-2 1.42965345E-2 5.82878478E-3
6.7225008 2.49998574E-3 5.09598814E-2 1.33646838E-2 5.80066023E-3
6.7175007 2.49995617E-3 4.40113284E-2 1.26106283E-2 5.75410621E-3
6.7125006 2.50013499E-3 4.864062E-2 1.31183518E-2 5.70762949E-3
6.7075005 2.49987235E-3 3.24304849E-2 1.12130092E-2 5.69871953E-3
6.7025008 2.50003417E-3 4.1693639E-2 1.23462444E-2 5.71774133E-3
6.6975007 2.49997154E-3 3.93783152E-2 1.20754167E-2 5.73425647E-3
6.6925006 2.50011613E-3 3.93760391E-2 1.20747192E-2 5.74206933E-3
6.6875005 2.49982183E-3 5.79127558E-2 1.40715158E-2 5.74796041E-3
6.6825008 2.50016409E-3 4.86400537E-2 1.31181981E-2 5.75127918E-3
6.6775007 2.49985396E-3 7.41273761E-2 1.55731458E-2 5.75582823E-3
6.6725006 2.49996432E-3 6.25422075E-2 1.45186568E-2 5.75943105E-3
6.667501 2.50006607E-3 8.10699388E-2 1.61656477E-2 5.76283177E-3
6.6625009 2.49994546E-3 8.80230293E-2 1.67358425E-2 5.76640246E-3
6.6575007 2.50002998E-3 4.86426614E-2 1.31189013E-2 5.76934498E-3
6.6525006 2.50010588E-3 7.64361545E-2 1.57724265E-2 5.77193359E-3
6.6475005 2.49996036E-3 9.26552713E-2 1.71031728E-2 5.77451475E-3
6.6425004 2.50001927E-3 0.10423473 1.7983675E-2 5.77710988E-3
6.6375003 2.50006933E-3 6.25395849E-2 1.45180477E-2 5.78150433E-3
6.6325006 2.49989936E-3 7.41260275E-2 1.55728627E-2 5.78819867E-3
6.6275005 2.49993266E-3 6.25430048E-2 1.45188421E-2 5.79519384E-3
6.6225004 2.50016782E-3 7.87504464E-2 1.59699265E-2 5.80180855E-3
6.6175003 2.4999727E-3 3.47455554E-2 1.15091801E-2 5.80948777E-3
6.6125007 2.49998015E-3 3.24290879E-2 1.12125259E-2 5.81658771E-3
6.6075006 2.49997899E-3 2.31636465E-2 9.9110743E-3 5.82276843E-3
6.6025004 2.49996921E-3 1.38982423E-2 8.33448861E-3 5.82699105E-3
6.5975008 2.49995082E-3 9.26556252E-3 7.36484723E-3 5.82879549E-3
6.5925007 2.50013266E-3 9.26488824E-3 7.36431126E-3 5.82818734E-3
6.5875006 2.49988819E-3 2.3164486E-3 5.38082235E-3 5.8276183E-3
6.5825005 2.50005256E-3 4.63259267E-3 6.1574392E-3 5.82557125E-3
6.5775008 2.49999971E-3 9.26538091E-3 7.36470288E-3 5.82329417E-3
NO NO NO NO NO
6.8187509 1.25016749E-3 0 8.64355918E-3 2.43723486E-3
6.8162503 1.24992093E-3 4.63298289E-3 1.0761844E-2 2.4053026E-3
6.8137507 1.24989706E-3 0 8.64542928E-3 2.38139112E-3
6.8112507 1.25009532E-3 0 8.6440593E-3 2.36847135E-3
6.8087506 1.25006912E-3 9.26486775E-3 1.23144556E-2 2.36495561E-3
6.8062506 1.25004211E-3 4.63253399E-3 1.07608009E-2 2.36512604E-3
6.8037505 1.24979171E-3 0 8.6461585E-3 2.3659463E-3
6.8012505 1.25020766E-3 4.63192072E-3 1.0759376E-2 2.36563687E-3
6.7987504 1.24995527E-3 0 8.64502694E-3 2.36730627E-3
6.7962508 1.24992442E-3 0 8.64524022E-3 2.36933609E-3
6.7937508 1.25011452E-3 0 8.64392612E-3 2.37156404E-3
6.7912507 1.24985981E-3 4.63320967E-3 1.07623702E-2 2.37556384E-3
6.7887506 1.25004759E-3 0 8.64438806E-3 2.38038879E-3
6.7862506 1.25001266E-3 4.63264296E-3 1.07610542E-2 2.38756021E-3
6.7837505 1.24997681E-3 0 8.64487793E-3 2.39640544E-3
6.7812505 1.24994002E-3 9.26582515E-3 1.23157287E-2 2.40640342E-3
6.7787504 1.25012302E-3 4.63223411E-3 1.07601043E-2 2.41684937E-3
6.7762508 1.24986342E-3 9.26639326E-3 1.23164831E-2 2.42884597E-3
6.7737508 1.25004421E-3 4.63252608E-3 1.07607823E-2 2.44055316E-3
6.7712507 1.25000335E-3 4.63267742E-3 1.07611343E-2 2.45288201E-3
6.7687507 1.24996156E-3 0 8.64498317E-3 2.46436498E-3
6.7662506 1.25013886E-3 0 8.64375755E-3 2.47347611E-3
6.7637506 1.24987506E-3 9.26630665E-3 1.23163685E-2 2.48122774E-3
6.7612505 1.25005015E-3 9.26500838E-3 1.23146437E-2 2.48618214E-3
6.7587504 1.25000428E-3 0 8.64468794E-3 2.48999288E-3
6.7562509 1.24995748E-3 0 8.64501204E-3 2.4905249E-3
6.7537508 1.25012896E-3 9.26442444E-3 1.23138661E-2 2.48196721E-3
6.7512507 1.24986109E-3 2.31660251E-2 1.57432407E-2 2.45638611E-3
6.7487507 1.25003036E-3 9.2651546E-3 1.23148374E-2 2.40166695E-3
6.7462506 1.2499796E-3 3.24293599E-2 1.75298396E-2 2.30520661E-3
6.7437506 1.25014654E-3 3.24250311E-2 1.75275002E-2 2.15518288E-3
6.7412505 1.24987517E-3 2.77989171E-2 1.66704357E-2 1.96632301E-3
6.7387505 1.2500399E-3 3.24277952E-2 1.7528994E-2 1.78424653E-3
6.7362504 1.24998519E-3 2.31637266E-2 1.5741678E-2 1.6597592E-3
6.7337508 1.24992942E-3 1.38988541E-2 1.36046233E-2 1.60950643E-3
6.7312508 1.25009066E-3 1.38970623E-2 1.36028696E-2 1.61393662E-3
6.7287507 1.2500328E-3 9.26513691E-3 1.23148132E-2 1.63747603E-3
6.7262506 1.24997413E-3 9.26557183E-3 1.23153916E-2 1.65088358E-3
6.7237506 1.24991452E-3 1.38990209E-2 1.36047862E-2 1.64237048E-3
6.7212505 1.2500711E-3 9.26485285E-3 1.2314436E-2 1.60667056E-3
6.7187505 1.2500094E-3 9.26531013E-3 1.23150442E-2 1.53454649E-3
6.7162504 1.24994677E-3 3.70630994E-2 1.83371529E-2 1.42318569E-3
6.7137504 1.25009986E-3 9.26464051E-3 1.23141538E-2 1.30617106E-3
6.7112503 1.25003513E-3 0 8.64447467E-3 1.24576828E-3
6.7087502 1.24996947E-3 4.63280315E-3 1.07614268E-2 1.27279526E-3
6.7062507 1.24990288E-3 1.38991503E-2 1.36049129E-2 1.35328947E-3
6.7037506 1.25005143E-3 4.63249953E-3 1.07607208E-2 1.431062E-3
6.7012506 1.24998274E-3 0 8.64483695E-3 1.47908228E-3
6.6987505 1.24991324E-3 0 8.64531752E-3 1.50070945E-3
6.6962509 1.2500583E-3 0 8.64431448E-3 1.51104026E-3
6.6937509 1.2499867E-3 1.38982181E-2 1.36040011E-2 1.52217341E-3
6.6912508 1.25012931E-3 4.63221082E-3 1.07600503E-2 1.53690879E-3
6.6887507 1.2498406E-3 9.26656183E-3 1.23167075E-2 1.55345409E-3
6.6862507 1.24998123E-3 1.85310394E-2 1.47296265E-2 1.56664243E-3
6.6837506 1.25012035E-3 4.63224389E-3 1.07601276E-2 1.57484366E-3
6.6812506 1.25004374E-3 1.38975848E-2 1.36033809E-2 1.57887337E-3
6.6787505 1.2499661E-3 2.31640786E-2 1.57419182E-2 1.58026686E-3
6.6762505 1.24988775E-3 9.26621258E-3 1.23162437E-2 1.58035289E-3
6.6737509 1.25002244E-3 1.85304284E-2 1.47291403E-2 1.57906534E-3
6.6712508 1.24994188E-3 9.26581025E-3 1.23157091E-2 1.57635997E-3
6.6687508 1.25007425E-3 1.38972448E-2 1.36030475E-2 1.57089799E-3
6.6662507 1.24999171E-3 3.24290469E-2 1.75296701E-2 1.56236952E-3
6.6637506 1.25012163E-3 2.31611952E-2 1.57399587E-2 1.54945697E-3
6.6612506 1.24982384E-3 2.31667161E-2 1.57437101E-2 1.53281842E-3
6.6587505 1.25016482E-3 9.26415902E-3 1.2313514E-2 1.51270325E-3
6.6562505 1.24986528E-3 9.26637929E-3 1.23164654E-2 1.49423454E-3
6.6537509 1.24999078E-3 1.38981724E-2 1.36039564E-2 1.47982687E-3
6.6512508 1.25011499E-3 3.70581113E-2 1.83346868E-2 1.47223426E-3
6.6487503 1.25002547E-3 4.16933633E-2 1.90978721E-2 1.47227664E-3
6.6462507 1.24993501E-3 1.85317248E-2 1.47301704E-2 1.47916039E-3
6.6437507 1.25005585E-3 1.38974497E-2 1.36032486E-2 1.49192812E-3
6.6412506 1.24996342E-3 1.38984779E-2 1.36042545E-2 1.51118648E-3
6.6387506 1.24987005E-3 1.38995154E-2 1.36052705E-2 1.53788389E-3
6.6362505 1.25019916E-3 3.24236639E-2 1.75267607E-2 1.5724398E-3
6.6337504 1.24989206E-3 1.853236E-2 1.47306761E-2 1.61542068E-3
6.6312509 1.25000719E-3 9.26532689E-3 1.23150665E-2 1.66226085E-3
6.6287508 1.24990987E-3 3.70641947E-2 1.83376949E-2 1.70932326E-3
6.6262507 1.25002267E-3 2.31630299E-2 1.57412048E-2 1.75245956E-3
6.6237507 1.2501342E-3 1.85287707E-2 1.47278234E-2 1.79052574E-3
6.6212506 1.25003362E-3 9.26513039E-3 1.23148058E-2 1.82412914E-3
6.6187506 1.24993233E-3 9.26588196E-3 1.23158041E-2 1.85356906E-3
6.6162505 1.25004048E-3 2.31627002E-2 1.57409813E-2 1.87932898E-3
6.6137505 1.24993711E-3 2.3164615E-2 1.57422833E-2 1.90267351E-3
6.6112504 1.25004305E-3 4.63253073E-3 1.07607935E-2 1.92340778E-3
6.6087508 1.24993769E-3 0 8.64514895E-3 1.94247661E-3
6.6062508 1.2500413E-3 4.63253725E-3 1.07608084E-2 1.95953064E-3
6.6037507 1.24993396E-3 0 8.64517502E-3 1.97527581E-3
6.6012506 1.25003525E-3 0 8.64447467E-3 1.98888686E-3
6.5987506 1.24992593E-3 4.63296473E-3 1.07618012E-2 2.0011079E-3
6.5962505 1.25002488E-3 4.63259779E-3 1.0760949E-2 2.0114095E-3
6.5937505 1.25012256E-3 0 8.64387024E-3 2.01979722E-3
6.5912504 1.2500101E-3 4.63265227E-3 1.07610757E-2 2.02606805E-3
6.5887504 1.24989694E-3 0 8.64543021E-3 2.02967017E-3
6.5862508 1.24999136E-3 4.63272212E-3 1.07612377E-2 2.03065644E-3
6.5837507 1.25008449E-3 0 8.64413381E-3 2.03034747E-3
6.5812507 1.24996819E-3 0 8.64493754E-3 2.03062105E-3
6.5787506 1.25005899E-3 4.63247159E-3 1.07606556E-2 2.03186879E-3
NO NO NO NO NO
6.8187509 1.25016749E-3 4.63206973E-3 1.07597215E-2 2.81860074E-3
6.8162503 1.24992093E-3 4.63298289E-3 1.0761844E-2 2.82115885E-3
6.8137507 1.24989706E-3 0 8.64542928E-3 2.82311044E-3
6.8112507 1.25009532E-3 4.63233702E-3 1.07603436E-2 2.82450742E-3
6.8087506 1.25006912E-3 0 8.64423905E-3 2.82629742E-3
6.8062506 1.25004211E-3 4.63253399E-3 1.07608009E-2 2.8278851E-3
6.8037505 1.24979171E-3 0 8.6461585E-3 2.82974332E-3
6.8012505 1.25020766E-3 0 8.64328165E-3 2.82968418E-3
6.7987504 1.24995527E-3 1.85314231E-2 1.4729931E-2 2.83050467E-3
6.7962508 1.24992442E-3 0 8.64524022E-3 2.830185E-3
6.7937508 1.25011452E-3 0 8.64392612E-3 2.82897218E-3
6.7912507 1.24985981E-3 4.63320967E-3 1.07623702E-2 2.82862061E-3
6.7887506 1.25004759E-3 4.6325135E-3 1.07607534E-2 2.82721804E-3
6.7862506 1.25001266E-3 0 8.6446302E-3 2.82629998E-3
6.7837505 1.24997681E-3 0 8.64487793E-3 2.82534654E-3
6.7812505 1.24994002E-3 4.63291258E-3 1.07616801E-2 2.82436842E-3
6.7787504 1.25012302E-3 4.63223411E-3 1.07601043E-2 2.82282871E-3
6.7762508 1.24986342E-3 9.26639326E-3 1.23164831E-2 2.82218773E-3
6.7737508 1.25004421E-3 1.38975782E-2 1.36033744E-2 2.82042404E-3
6.7712507 1.25000335E-3 9.26535483E-3 1.23151038E-2 2.81901145E-3
6.7687507 1.24996156E-3 0 8.64498317E-3 2.81743146E-3
6.7662506 1.25013886E-3 4.63217543E-3 1.07599683E-2 2.81515787E-3
6.7637506 1.24987506E-3 1.85326133E-2 1.47308772E-2 2.81347358E-3
6.7612505 1.25005015E-3 1.85300168E-2 1.47288144E-2 2.80935853E-3
6.7587504 1.25000428E-3 1.38980225E-2 1.36038102E-2 2.80168885E-3
6.7562509 1.24995748E-3 4.63284785E-3 1.07615292E-2 2.78556021E-3
6.7537508 1.25012896E-3 9.26442444E-3 1.23138661E-2 2.75624846E-3
6.7512507 1.24986109E-3 0 8.64567887E-3 2.71322764E-3
6.7487507 1.25003036E-3 9.2651546E-3 1.23148374E-2 2.64985394E-3
6.7462506 1.2499796E-3 1.85310617E-2 1.47296451E-2 2.55219382E-3
6.7437506 1.25014654E-3 1.852859E-2 1.47276781E-2 2.40070815E-3
6.7412505 1.24987517E-3 1.85326114E-2 1.47308754E-2 2.20611342E-3
6.7387505 1.2500399E-3 4.63254238E-3 1.07608205E-2 2.01664655E-3
6.7362504 1.24998519E-3 1.38982357E-2 1.36040179E-2 1.88855606E-3
6.7337508 1.24992942E-3 1.85318068E-2 1.47302356E-2 1.83885486E-3
6.7312508 1.25009066E-3 2.31617708E-2 1.57403499E-2 1.84278376E-3
6.7287507 1.2500328E-3 9.26513691E-3 1.23148132E-2 1.85984361E-3
6.7262506 1.24997413E-3 2.31639296E-2 1.57418158E-2 1.85941893E-3
6.7237506 1.24991452E-3 2.77980417E-2 1.66699104E-2 1.83038902E-3
6.7212505 1.2500711E-3 1.85297057E-2 1.47285666E-2 1.76683709E-3
6.7187505 1.2500094E-3 4.63265507E-3 1.07610822E-2 1.66033441E-3
6.7162504 1.24994677E-3 4.63288743E-3 1.07616214E-2 1.50933443E-3
6.7137504 1.25009986E-3 4.63232026E-3 1.07603036E-2 1.35414943E-3
6.7112503 1.25003513E-3 1.38976797E-2 1.3603474E-2 1.27438153E-3
6.7087502 1.24996947E-3 4.63280315E-3 1.07614268E-2 1.31479045E-3
6.7062507 1.24990288E-3 9.26609989E-3 1.23160938E-2 1.43194862E-3
6.7037506 1.25005143E-3 1.38974981E-2 1.36032961E-2 1.54263654E-3
6.7012506 1.24998274E-3 9.26550757E-3 1.23153068E-2 1.60575076E-3
6.6987505 1.24991324E-3 9.26602352E-3 1.23159923E-2 1.63038354E-3
6.6962509 1.2500583E-3 0 8.64431448E-3 1.64034532E-3
6.6937509 1.2499867E-3 9.2654787E-3 1.23152686E-2 1.65153923E-3
6.6912508 1.25012931E-3 1.3896632E-2 1.36024486E-2 1.66729523E-3
6.6887507 1.2498406E-3 9.26656183E-3 1.23167075E-2 1.68549293E-3
6.6862507 1.24998123E-3 3.24293189E-2 1.75298173E-2 1.70079875E-3
6.6837506 1.25012035E-3 4.63224389E-3 1.07601276E-2 1.71229569E-3
6.6812506 1.25004374E-3 1.85301118E-2 1.47288898E-2 1.72124943E-3
6.6787505 1.2499661E-3 4.63281572E-3 1.07614547E-2 1.72893121E-3
6.6762505 1.24988775E-3 2.31655315E-2 1.57429054E-2 1.7360301E-3
6.6737509 1.25002244E-3 2.31630355E-2 1.57412086E-2 1.74196647E-3
6.6712508 1.24994188E-3 9.26581025E-3 1.23157091E-2 1.74699374E-3
6.6687508 1.25007425E-3 2.77944896E-2 1.66677814E-2 1.75017014E-3
6.6662507 1.24999171E-3 9.26544145E-3 1.23152183E-2 1.75193732E-3
6.6637506 1.25012163E-3 2.31611952E-2 1.57399587E-2 1.75167678E-3
6.6612506 1.24982384E-3 2.78000589E-2 1.66711211E-2 1.75043894E-3
6.6587505 1.25016482E-3 1.38962381E-2 1.36020631E-2 1.74706744E-3
6.6562505 1.24986528E-3 1.85327586E-2 1.47309927E-2 1.74394704E-3
6.6537509 1.24999078E-3 3.24290693E-2 1.75296832E-2 1.74054049E-3
6.6512508 1.25011499E-3 1.85290556E-2 1.47280497E-2 1.73863431E-3
6.6487503 1.25002547E-3 3.24281715E-2 1.7529197E-2 1.73985527E-3
6.6462507 1.24993501E-3 3.24305184E-2 1.75304655E-2 1.74491026E-3
6.6437507 1.25005585E-3 3.70598659E-2 1.83355529E-2 1.75394618E-3
6.6412506 1.24996342E-3 3.24297808E-2 1.75300669E-2 1.76765537E-3
6.6387506 1.24987005E-3 1.85326859E-2 1.47309359E-2 1.78528088E-3
6.6362505 1.25019916E-3 2.31597591E-2 1.57389827E-2 1.80529791E-3
6.6337504 1.24989206E-3 9.26617999E-3 1.23162009E-2 1.82827376E-3
6.6312509 1.25000719E-3 3.24286446E-2 1.75294522E-2 1.85181282E-3
6.6287508 1.24990987E-3 1.38990721E-2 1.36048375E-2 1.87594874E-3
6.6262507 1.25002267E-3 3.24282423E-2 1.75292343E-2 1.89918652E-3
6.6237507 1.2501342E-3 1.38965789E-2 1.36023965E-2 1.92079507E-3
6.6212506 1.25003362E-3 1.38976956E-2 1.36034898E-2 1.94012839E-3
6.6187506 1.24993233E-3 0 8.64518527E-3 1.95621955E-3
6.6162505 1.25004048E-3 1.38976201E-2 1.36034153E-2 1.96866854E-3
6.6137505 1.24993711E-3 4.63292282E-3 1.07617043E-2 1.97821623E-3
6.6112504 1.25004305E-3 4.63253073E-3 1.07607935E-2 1.9848193E-3
6.6087508 1.24993769E-3 0 8.64514895E-3 1.99011387E-3
6.6062508 1.2500413E-3 0 8.64443276E-3 1.99424196E-3
6.6037507 1.24993396E-3 4.63293493E-3 1.07617322E-2 1.99806574E-3
6.6012506 1.25003525E-3 0 8.64447467E-3 2.00080336E-3
6.5987506 1.24992593E-3 0 8.64522997E-3 2.00321106E-3
6.5962505 1.25002488E-3 0 8.64454545E-3 2.00470048E-3
6.5937505 1.25012256E-3 4.63223597E-3 1.07601089E-2 2.0055112E-3
6.5912504 1.2500101E-3 0 8.64464696E-3 2.00569397E-3
6.5887504 1.24989694E-3 0 8.64543021E-3 2.00485694E-3
6.5862508 1.24999136E-3 4.63272212E-3 1.07612377E-2 2.00319057E-3
6.5837507 1.25008449E-3 9.26475413E-3 1.23143047E-2 2.00181617E-3
6.5812507 1.24996819E-3 0 8.64493754E-3 2.0020043E-3
6.5787506 1.25005899E-3 0 8.64430983E-3 2.00354285E-3
