6.2375007 2.49997899E-3 2.31636455E-3 5.38062723E-3 3.43088224E-3
6.2325006 2.49989424E-3 4.63288603E-3 6.15782943E-3 3.44372587E-3
6.2275004 2.50017294E-3 2.31618504E-3 5.38021E-3 3.45395994E-3
6.2225003 2.4998826E-3 4.63290792E-3 6.15785783E-3 3.46259307E-3
6.2175007 2.49995524E-3 6.94915932E-3 6.80204993E-3 3.46631766E-3
6.2125006 2.5000181E-3 2.31632823E-3 5.38054295E-3 3.46093345E-3
6.2075005 2.50007072E-3 9.26511735E-3 7.36449379E-3 3.44059989E-3
6.2025008 2.49992893E-3 2.31641089E-3 5.3807348E-3 3.40239308E-3
6.1975007 2.50014686E-3 0 4.32210509E-3 3.3500616E-3
6.1925006 2.49980134E-3 2.31652916E-3 5.38100908E-3 3.29435873E-3
6.1875005 2.50018341E-3 9.26470011E-3 7.36416178E-3 3.23951547E-3
6.1825008 2.4998195E-3 1.38990739E-2 8.3349878E-3 3.18957586E-3
6.1775007 2.50018085E-3 1.38970651E-2 8.33378267E-3 3.14604398E-3
6.1725006 2.49979855E-3 9.2661269E-3 7.36529613E-3 3.11599206E-3
6.1675005 2.50013894E-3 1.62135139E-2 8.76428932E-3 3.09896236E-3
6.1625004 2.50010332E-3 4.6324986E-3 6.1573144E-3 3.0899439E-3
6.1575003 2.50005792E-3 9.26516578E-3 7.36453198E-3 3.08101857E-3
6.1525002 2.50000274E-3 4.63268487E-3 6.15756167E-3 3.07029323E-3
6.1475005 2.49993801E-3 4.63280501E-3 6.15772139E-3 3.05801071E-3
6.1425004 2.49986374E-3 4.63294238E-3 6.15790393E-3 3.04426905E-3
6.1375003 2.50014174E-3 6.94864104E-3 6.80154236E-3 3.02899419E-3
6.1325002 2.50004721E-3 0 4.32227692E-3 3.01364437E-3
6.1275005 2.49994337E-3 4.63279523E-3 6.15770835E-3 2.99930247E-3
NO NO NO NO NO
6.2375007 2.49997899E-3 6.94909366E-3 6.80198567E-3 4.69241804E-3
6.2325006 2.49989424E-3 4.63288603E-3 6.15782943E-3 4.68638539E-3
6.2275004 2.50017294E-3 6.94855489E-3 6.80145808E-3 4.68040584E-3
6.2225003 2.4998826E-3 2.31645396E-3 5.38083445E-3 4.6743569E-3
6.2175007 2.49995524E-3 4.63277288E-3 6.15767855E-3 4.6665729E-3
6.2125006 2.5000181E-3 2.31632823E-3 5.38054295E-3 4.65808157E-3
6.2075005 2.50007072E-3 2.31627934E-3 5.38042933E-3 4.64943191E-3
6.2025008 2.49992893E-3 1.38984658E-2 8.33462272E-3 4.64184815E-3
6.1975007 2.50014686E-3 6.94862707E-3 6.80152886E-3 4.63334983E-3
6.1925006 2.49980134E-3 9.26611666E-3 7.36528728E-3 4.62390203E-3
6.1875005 2.50018341E-3 9.26470011E-3 7.36416178E-3 4.61123651E-3
6.1825008 2.4998195E-3 1.15825618E-2 7.87131395E-3 4.59954236E-3
6.1775007 2.50018085E-3 2.31617745E-2 9.91027337E-3 4.5874007E-3
6.1725006 2.49979855E-3 2.08487865E-2 9.54989996E-3 4.57702344E-3
6.1675005 2.50013894E-3 2.31621619E-2 9.91043914E-3 4.56344103E-3
6.1625004 2.50010332E-3 1.62137449E-2 8.76441505E-3 4.54788422E-3
6.1575003 2.50005792E-3 0 4.32225876E-3 4.53118887E-3
6.1525002 2.50000274E-3 1.38980551E-2 8.33437685E-3 4.51495126E-3
6.1475005 2.49993801E-3 6.94920728E-3 6.8020965E-3 4.49971901E-3
6.1425004 2.49986374E-3 9.26588476E-3 7.36510381E-3 4.48391726E-3
6.1375003 2.50014174E-3 0 4.32211347E-3 4.46529686E-3
6.1325002 2.50004721E-3 6.94890367E-3 6.80179941E-3 4.44620056E-3
6.1275005 2.49994337E-3 2.31639761E-3 5.3807036E-3 4.42751218E-3
NO NO NO NO NO
NO NO NO NO NO
