6.2375007 2.49997899E-3 2.31636455E-3 5.38062723E-3 3.26299248E-3
6.2325006 2.49989424E-3 4.63288603E-3 6.15782943E-3 3.27520771E-3
6.2275004 2.50017294E-3 2.31618504E-3 5.38021E-3 3.28494073E-3
6.2225003 2.4998826E-3 4.63290792E-3 6.15785783E-3 3.29315173E-3
6.2175007 2.49995524E-3 6.94915932E-3 6.80204993E-3 3.29669379E-3
6.2125006 2.5000181E-3 2.31632823E-3 5.38054295E-3 3.29157314E-3
6.2075005 2.50007072E-3 9.26511735E-3 7.36449379E-3 3.2722347E-3
6.2025008 2.49992893E-3 2.31641089E-3 5.3807348E-3 3.23589728E-3
6.1975007 2.50014686E-3 0 4.32210509E-3 3.18612671E-3
6.1925006 2.49980134E-3 2.31652916E-3 5.38100908E-3 3.13314982E-3
6.1875005 2.50018341E-3 9.26470011E-3 7.36416178E-3 3.08099017E-3
6.1825008 2.4998195E-3 1.38990739E-2 8.3349878E-3 3.03349458E-3
6.1775007 2.50018085E-3 1.38970651E-2 8.33378267E-3 2.99209286E-3
6.1725006 2.49979855E-3 9.2661269E-3 7.36529613E-3 2.96351127E-3
6.1675005 2.50013894E-3 1.62135139E-2 8.76428932E-3 2.94731511E-3
6.1625004 2.50010332E-3 4.6324986E-3 6.1573144E-3 2.93873809E-3
6.1575003 2.50005792E-3 9.26516578E-3 7.36453198E-3 2.93024932E-3
6.1525002 2.50000274E-3 4.63268487E-3 6.15756167E-3 2.92004901E-3
6.1475005 2.49993801E-3 4.63280501E-3 6.15772139E-3 2.90836743E-3
6.1425004 2.49986374E-3 4.63294238E-3 6.15790393E-3 2.89529818E-3
6.1375003 2.50014174E-3 6.94864104E-3 6.80154236E-3 2.88077095E-3
6.1325002 2.50004721E-3 0 4.32227692E-3 2.866172E-3
6.1275005 2.49994337E-3 4.63279523E-3 6.15770835E-3 2.85253185E-3
NO NO NO NO NO
6.2375007 2.49997899E-3 6.94909366E-3 6.80198567E-3 4.46279533E-3
6.2325006 2.49989424E-3 4.63288603E-3 6.15782943E-3 4.45705792E-3
6.2275004 2.50017294E-3 6.94855489E-3 6.80145808E-3 4.4513708E-3
6.2225003 2.4998826E-3 2.31645396E-3 5.38083445E-3 4.44561755E-3
6.2175007 2.49995524E-3 4.63277288E-3 6.15767855E-3 4.43821494E-3
6.2125006 2.5000181E-3 2.31632823E-3 5.38054295E-3 4.43013897E-3
6.2075005 2.50007072E-3 2.31627934E-3 5.38042933E-3 4.4219126E-3
6.2025008 2.49992893E-3 1.38984658E-2 8.33462272E-3 4.41469997E-3
6.1975007 2.50014686E-3 6.94862707E-3 6.80152886E-3 4.40661749E-3
6.1925006 2.49980134E-3 9.26611666E-3 7.36528728E-3 4.39763209E-3
6.1875005 2.50018341E-3 9.26470011E-3 7.36416178E-3 4.38558636E-3
6.1825008 2.4998195E-3 1.15825618E-2 7.87131395E-3 4.37446451E-3
6.1775007 2.50018085E-3 2.31617745E-2 9.91027337E-3 4.36291704E-3
6.1725006 2.49979855E-3 2.08487865E-2 9.54989996E-3 4.35304735E-3
6.1675005 2.50013894E-3 2.31621619E-2 9.91043914E-3 4.34012944E-3
6.1625004 2.50010332E-3 1.62137449E-2 8.76441505E-3 4.32533445E-3
6.1575003 2.50005792E-3 0 4.32225876E-3 4.3094554E-3
6.1525002 2.50000274E-3 1.38980551E-2 8.33437685E-3 4.29401267E-3
6.1475005 2.49993801E-3 6.94920728E-3 6.8020965E-3 4.27952595E-3
6.1425004 2.49986374E-3 9.26588476E-3 7.36510381E-3 4.26449766E-3
6.1375003 2.50014174E-3 0 4.32211347E-3 4.2467881E-3
6.1325002 2.50004721E-3 6.94890367E-3 6.80179941E-3 4.22862638E-3
6.1275005 2.49994337E-3 2.31639761E-3 5.3807036E-3 4.21085255E-3
NO NO NO NO NO
6.2387505 1.24992931E-3 0 8.64520669E-3 1.89775892E-3
6.2362504 1.25004956E-3 0 8.64437502E-3 1.89858186E-3
6.2337503 1.24998158E-3 0 8.64484441E-3 1.89920201E-3
6.2312508 1.24991254E-3 4.63301409E-3 1.07619157E-2 1.89940818E-3
6.2287507 1.25002896E-3 9.26516578E-3 1.23148514E-2 1.89909653E-3
6.2262506 1.25014386E-3 4.63215681E-3 1.07599255E-2 1.89866277E-3
6.2237506 1.24988495E-3 4.63311654E-3 1.07621541E-2 1.89876056E-3
6.2212505 1.24999753E-3 9.26539861E-3 1.23151615E-2 1.89833029E-3
6.2187505 1.25010859E-3 0 8.6439671E-3 1.89797208E-3
6.2162504 1.24984677E-3 0 8.64577759E-3 1.89823005E-3
6.2137504 1.25014095E-3 0 8.64374265E-3 1.8976368E-3
6.2112508 1.24987704E-3 0 8.64556804E-3 1.89784518E-3
6.2087507 1.24998309E-3 0 8.64483416E-3 1.89744658E-3
6.2062507 1.25008775E-3 0 8.64411145E-3 1.89702306E-3
6.2037506 1.25000591E-3 0 8.64467677E-3 1.89684518E-3
6.2012506 1.24992302E-3 4.63297544E-3 1.07618263E-2 1.89664646E-3
6.1987505 1.25020836E-3 0 8.64327699E-3 1.89585262E-3
6.1962504 1.24993839E-3 0 8.64514336E-3 1.89585856E-3
6.1937504 1.25003653E-3 9.26510897E-3 1.23147769E-2 1.89529604E-3
6.1912508 1.24976481E-3 9.26712342E-3 1.23174544E-2 1.89533865E-3
6.1887507 1.25022873E-3 9.26368497E-3 1.23128835E-2 1.89428148E-3
6.1862502 1.24995469E-3 0 8.64503067E-3 1.89432432E-3
6.1837506 1.2500477E-3 0 8.64438806E-3 1.89378648E-3
6.1812506 1.24977191E-3 1.39006069E-2 1.36063388E-2 1.89383957E-3
6.1787505 1.25022943E-3 0 8.64313077E-3 1.89277728E-3
6.1762505 1.24995143E-3 4.6328702E-3 1.07615823E-2 1.89275283E-3
6.1737504 1.25003909E-3 9.26509034E-3 1.23147517E-2 1.89202104E-3
6.1712508 1.24975934E-3 0 8.64638202E-3 1.89168181E-3
6.1687508 1.25021057E-3 4.63191001E-3 1.07593508E-2 1.89000962E-3
6.1662507 1.24992849E-3 4.63295495E-3 1.07617788E-2 1.88918051E-3
6.1637506 1.25001103E-3 9.26529802E-3 1.23150283E-2 1.88753335E-3
6.1612506 1.25009217E-3 4.63234819E-3 1.07603697E-2 1.88571506E-3
6.1587505 1.24980742E-3 1.3900212E-2 1.36059532E-2 1.88436091E-3
6.1562505 1.2502505E-3 0 8.64298549E-3 1.881851E-3
6.1537504 1.24996342E-3 4.63282596E-3 1.07614789E-2 1.8803447E-3
6.1512504 1.25003944E-3 4.63254424E-3 1.07608242E-2 1.87805283E-3
6.1487503 1.24975061E-3 0 8.64644255E-3 1.87550741E-3
6.1462507 1.2501874E-3 0 8.64342134E-3 1.8693005E-3
6.1437507 1.24989648E-3 4.63307416E-3 1.07620554E-2 1.85872486E-3
6.1412506 1.24996738E-3 4.63281106E-3 1.07614445E-2 1.84013532E-3
6.1387506 1.25003688E-3 0 8.64446256E-3 1.81507319E-3
6.1362505 1.25010498E-3 4.63230116E-3 1.07602598E-2 1.78671791E-3
6.1337504 1.2498101E-3 9.26678814E-3 1.23170083E-2 1.75835961E-3
6.1312504 1.25023723E-3 0 8.64307769E-3 1.73020549E-3
6.1287503 1.24994013E-3 0 8.64513218E-3 1.70662848E-3
NO NO NO NO NO
6.2387505 1.24992931E-3 0 8.64520669E-3 1.8732826E-3
6.2362504 1.25004956E-3 0 8.64437502E-3 1.8734301E-3
6.2337503 1.24998158E-3 4.63275844E-3 1.07613215E-2 1.87367387E-3
6.2312508 1.24991254E-3 0 8.64532217E-3 1.87381241E-3
6.2287507 1.25002896E-3 0 8.64451751E-3 1.87358155E-3
6.2262506 1.25014386E-3 4.63215681E-3 1.07599255E-2 1.87325082E-3
6.2237506 1.24988495E-3 4.63311654E-3 1.07621541E-2 1.87341473E-3
6.2212505 1.24999753E-3 0 8.64473451E-3 1.87303731E-3
6.2187505 1.25010859E-3 0 8.6439671E-3 1.87270215E-3
6.2162504 1.24984677E-3 0 8.64577759E-3 1.87296979E-3
6.2137504 1.25014095E-3 0 8.64374265E-3 1.87240017E-3
6.2112508 1.24987704E-3 0 8.64556804E-3 1.87261624E-3
6.2087507 1.24998309E-3 0 8.64483416E-3 1.87224743E-3
6.2062507 1.25008775E-3 0 8.64411145E-3 1.87186024E-3
6.2037506 1.25000591E-3 0 8.64467677E-3 1.87173462E-3
6.2012506 1.24992302E-3 4.63297544E-3 1.07618263E-2 1.87160773E-3
6.1987505 1.25020836E-3 0 8.64327699E-3 1.87090377E-3
6.1962504 1.24993839E-3 4.63291816E-3 1.07616941E-2 1.87098957E-3
6.1937504 1.25003653E-3 0 8.64446443E-3 1.87049725E-3
6.1912508 1.24976481E-3 4.63356171E-3 1.07631888E-2 1.87057536E-3
6.1887507 1.25022873E-3 4.63184249E-3 1.07591944E-2 1.86956837E-3
6.1862502 1.24995469E-3 4.63285809E-3 1.07615534E-2 1.86963973E-3
6.1837506 1.2500477E-3 1.3897541E-2 1.3603338E-2 1.86913053E-3
6.1812506 1.24977191E-3 0 8.64629541E-3 1.86917663E-3
6.1787505 1.25022943E-3 4.63184016E-3 1.07591888E-2 1.86811876E-3
6.1762505 1.24995143E-3 4.6328702E-3 1.07615823E-2 1.86808209E-3
6.1737504 1.25003909E-3 9.26509034E-3 1.23147517E-2 1.86735264E-3
6.1712508 1.24975934E-3 0 8.64638202E-3 1.86699198E-3
6.1687508 1.25021057E-3 0 8.64326209E-3 1.86531374E-3
6.1662507 1.24992849E-3 4.63295495E-3 1.07617788E-2 1.86438451E-3
6.1637506 1.25001103E-3 4.63264901E-3 1.07610682E-2 1.8624115E-3
6.1612506 1.25009217E-3 1.38970455E-2 1.36028528E-2 1.85963896E-3
6.1587505 1.24980742E-3 4.63340431E-3 1.07628219E-2 1.85616349E-3
6.1562505 1.2502505E-3 9.26352385E-3 1.23126702E-2 1.85004796E-3
6.1537504 1.24996342E-3 0 8.64497107E-3 1.84343976E-3
6.1512504 1.25003944E-3 4.63254424E-3 1.07608242E-2 1.8351638E-3
6.1487503 1.24975061E-3 0 8.64644255E-3 1.82709727E-3
6.1462507 1.2501874E-3 0 8.64342134E-3 1.81826449E-3
6.1437507 1.24989648E-3 4.63307416E-3 1.07620554E-2 1.81101332E-3
6.1412506 1.24996738E-3 9.26562212E-3 1.23154586E-2 1.8039376E-3
6.1387506 1.25003688E-3 0 8.64446256E-3 1.79746409E-3
6.1362505 1.25010498E-3 9.26460233E-3 1.23141035E-2 1.79093331E-3
6.1337504 1.2498101E-3 4.63339407E-3 1.07627986E-2 1.7844839E-3
6.1312504 1.25023723E-3 0 8.64307769E-3 1.77652691E-3
6.1287503 1.24994013E-3 0 8.64513218E-3 1.76917168E-3
