6.8175006 2.50008842E-3 2.31626304E-3 5.38039161E-3 5.79223409E-3
6.8125005 2.49999226E-3 4.63270443E-3 6.15758728E-3 5.83401043E-3
6.8075004 2.50011124E-3 9.2649674E-3 7.36437459E-3 5.90019627E-3
6.8025002 2.49999925E-3 1.15817282E-2 7.87074771E-3 6.01873593E-3
6.7975006 2.4998798E-3 9.26582608E-3 7.36505631E-3 6.26538135E-3
6.7925005 2.49997433E-3 1.15818447E-2 7.87082687E-3 6.83031185E-3
6.7875009 2.50006025E-3 1.62140243E-2 8.76456499E-3 7.91451149E-3
6.7825007 2.49991682E-3 9.26568825E-3 7.36494735E-3 9.52047668E-3
6.7775006 2.49998644E-3 1.6214503E-2 8.7648239E-3 1.15080411E-2
6.7725005 2.50004767E-3 1.15815047E-2 7.8705959E-3 1.38042588E-2
6.7675004 2.50010053E-3 1.85300168E-2 9.16781835E-3 1.64238364E-2
6.7625008 2.49992521E-3 2.54805591E-2 1.02566835E-2 1.93516295E-2
6.7575006 2.49996176E-3 1.62146632E-2 8.76491051E-3 2.2296356E-2
6.7525005 2.49998993E-3 1.15817711E-2 7.87077658E-3 2.45183557E-2
6.7475009 2.50000996E-3 3.70613709E-2 1.17963478E-2 2.516683E-2
6.7425008 2.5000216E-3 3.01122256E-2 1.09054884E-2 2.41361391E-2
6.7375007 2.50002509E-3 4.16937955E-2 1.23462901E-2 2.27306187E-2
6.7325006 2.5000202E-3 5.0959181E-2 1.33644994E-2 2.23871469E-2
6.7275004 2.50000693E-3 2.77960636E-2 1.05873207E-2 2.28290148E-2
6.7225008 2.49998574E-3 2.08472256E-2 9.5491847E-3 2.25802157E-2
6.7175007 2.49995617E-3 4.16949429E-2 1.234663E-2 2.08145883E-2
6.7125006 2.50013499E-3 1.85297597E-2 9.16769169E-3 1.88895911E-2
6.7075005 2.49987235E-3 2.08481699E-2 9.54961777E-3 1.87327992E-2
6.7025008 2.50003417E-3 3.47446986E-2 1.15088969E-2 2.01150794E-2
6.6975007 2.49997154E-3 2.08473429E-2 9.54923872E-3 2.20427494E-2
6.6925006 2.50011613E-3 2.7794851E-2 1.05868597E-2 2.45045181E-2
6.6875005 2.49982183E-3 2.31651012E-2 9.91169736E-3 2.76582185E-2
6.6825008 2.50016409E-3 2.77943164E-2 1.05866557E-2 3.13393399E-2
6.6775007 2.49985396E-3 5.55955321E-2 1.38408253E-2 3.54250111E-2
6.6725006 2.49996432E-3 3.70620489E-2 1.17965629E-2 3.96761484E-2
6.667501 2.50006607E-3 3.4744259E-2 1.15087507E-2 4.33869474E-2
6.6625009 2.49994546E-3 4.40115146E-2 1.26106823E-2 4.5926217E-2
6.6575007 2.50002998E-3 3.24284397E-2 1.12123024E-2 4.74639535E-2
6.6525006 2.50010588E-3 5.09574339E-2 1.33640422E-2 4.85957414E-2
6.6475005 2.49996036E-3 3.2429345E-2 1.12126144E-2 4.97192889E-2
6.6425004 2.50001927E-3 4.16938886E-2 1.23463189E-2 5.08518182E-2
6.6375003 2.50006933E-3 6.25395849E-2 1.45180477E-2 5.16358204E-2
6.6325006 2.49989936E-3 5.55945225E-2 1.38405729E-2 5.08808084E-2
6.6275005 2.49993266E-3 4.1695334E-2 1.23467473E-2 4.64151651E-2
6.6225004 2.50016782E-3 1.85295157E-2 9.16757062E-3 3.78379375E-2
6.6175003 2.4999727E-3 4.40110341E-2 1.26105445E-2 2.79373471E-2
6.6125007 2.49998015E-3 2.54799984E-2 1.02564571E-2 1.94719862E-2
6.6075006 2.49997899E-3 1.15818232E-2 7.87081197E-3 1.31482882E-2
6.6025004 2.49996921E-3 1.38982423E-2 8.33448861E-3 8.7631857E-3
6.5975008 2.49995082E-3 9.26556252E-3 7.36484723E-3 6.11146819E-3
6.5925007 2.50013266E-3 0 4.3221293E-3 4.83392831E-3
6.5875006 2.49988819E-3 6.94934558E-3 6.802232E-3 4.32649953E-3
6.5825005 2.50005256E-3 4.63259267E-3 6.1574392E-3 4.11065994E-3
6.5775008 2.49999971E-3 6.94903592E-3 6.80192886E-3 3.99870239E-3
NO NO NO NO NO
6.8175006 2.50008842E-3 6.94878958E-3 6.80168765E-3 6.17204187E-3
6.8125005 2.49999226E-3 6.94905641E-3 6.80194888E-3 6.20773528E-3
6.8075004 2.50011124E-3 4.6324837E-3 6.15729438E-3 6.25363505E-3
6.8025002 2.49999925E-3 9.26538277E-3 7.36470427E-3 6.32917974E-3
6.7975006 2.4998798E-3 6.94936933E-3 6.80225529E-3 6.49929699E-3
6.7925005 2.49997433E-3 6.9491067E-3 6.80199824E-3 6.94384752E-3
6.7875009 2.50006025E-3 6.94886781E-3 6.80176402E-3 7.89815933E-3
6.7825007 2.49991682E-3 9.26568825E-3 7.36494735E-3 9.42445081E-3
6.7775006 2.49998644E-3 9.26543027E-3 7.36474199E-3 1.13961753E-2
6.7725005 2.50004767E-3 9.26520396E-3 7.36456178E-3 1.37354201E-2
6.7675004 2.50010053E-3 1.15812598E-2 7.8704292E-3 1.64871123E-2
6.7625008 2.49992521E-3 2.77969725E-2 1.0587668E-2 1.97207797E-2
6.7575006 2.49996176E-3 6.94914162E-3 6.80203224E-3 2.33289991E-2
6.7525005 2.49998993E-3 2.08471883E-2 9.54916794E-3 2.68352125E-2
6.7475009 2.50000996E-3 3.01123653E-2 1.09055387E-2 2.96830852E-2
6.7425008 2.5000216E-3 4.63264994E-2 1.28676873E-2 3.18167731E-2
6.7375007 2.50002509E-3 5.09590805E-2 1.33644734E-2 3.35948095E-2
6.7325006 2.5000202E-3 3.70612219E-2 1.17963003E-2 3.52665484E-2
6.7275004 2.50000693E-3 6.02248013E-2 1.42965345E-2 3.67893279E-2
6.7225008 2.49998574E-3 5.09598814E-2 1.33646838E-2 3.77407521E-2
6.7175007 2.49995617E-3 4.40113284E-2 1.26106283E-2 3.74036804E-2
6.7125006 2.50013499E-3 4.864062E-2 1.31183518E-2 3.59554775E-2
6.7075005 2.49987235E-3 3.24304849E-2 1.12130092E-2 3.49307545E-2
6.7025008 2.50003417E-3 4.1693639E-2 1.23462444E-2 3.5341464E-2
6.6975007 2.49997154E-3 3.93783152E-2 1.20754167E-2 3.70826498E-2
6.6925006 2.50011613E-3 3.93760391E-2 1.20747192E-2 4.00885157E-2
6.6875005 2.49982183E-3 5.79127558E-2 1.40715158E-2 4.44939025E-2
6.6825008 2.50016409E-3 4.86400537E-2 1.31181981E-2 5.02759852E-2
6.6775007 2.49985396E-3 7.41273761E-2 1.55731458E-2 5.73552772E-2
6.6725006 2.49996432E-3 6.25422075E-2 1.45186568E-2 6.53395206E-2
6.667501 2.50006607E-3 8.10699388E-2 1.61656477E-2 7.30837509E-2
6.6625009 2.49994546E-3 8.80230293E-2 1.67358425E-2 7.92152584E-2
6.6575007 2.50002998E-3 4.86426614E-2 1.31189013E-2 8.35194141E-2
6.6525006 2.50010588E-3 7.64361545E-2 1.57724265E-2 8.66449028E-2
6.6475005 2.49996036E-3 9.26552713E-2 1.71031728E-2 8.90284032E-2
6.6425004 2.50001927E-3 0.10423473 1.7983675E-2 9.0828158E-2
6.6375003 2.50006933E-3 6.25395849E-2 1.45180477E-2 9.18490142E-2
6.6325006 2.49989936E-3 7.41260275E-2 1.55728627E-2 9.06756446E-2
6.6275005 2.49993266E-3 6.25430048E-2 1.45188421E-2 8.39364529E-2
6.6225004 2.50016782E-3 7.87504464E-2 1.59699265E-2 7.00389892E-2
6.6175003 2.4999727E-3 3.47455554E-2 1.15091801E-2 5.29425628E-2
6.6125007 2.49998015E-3 3.24290879E-2 1.12125259E-2 3.77246179E-2
6.6075006 2.49997899E-3 2.31636465E-2 9.9110743E-3 2.59639882E-2
6.6025004 2.49996921E-3 1.38982423E-2 8.33448861E-3 1.74538009E-2
6.5975008 2.49995082E-3 9.26556252E-3 7.36484723E-3 1.19526694E-2
6.5925007 2.50013266E-3 9.26488824E-3 7.36431126E-3 9.00811981E-3
6.5875006 2.49988819E-3 2.3164486E-3 5.38082235E-3 7.67364027E-3
6.5825005 2.50005256E-3 4.63259267E-3 6.1574392E-3 7.04380404E-3
6.5775008 2.49999971E-3 9.26538091E-3 7.36470288E-3 6.70089154E-3
NO NO NO NO NO
6.8187509 1.25016749E-3 0 8.64355918E-3 2.44099228E-3
6.8162503 1.24992093E-3 4.63298289E-3 1.0761844E-2 2.40959437E-3
6.8137507 1.24989706E-3 0 8.64542928E-3 2.38634855E-3
6.8112507 1.25009532E-3 0 8.6440593E-3 2.37426162E-3
6.8087506 1.25006912E-3 9.26486775E-3 1.23144556E-2 2.37179338E-3
6.8062506 1.25004211E-3 4.63253399E-3 1.07608009E-2 2.3732807E-3
6.8037505 1.24979171E-3 0 8.6461585E-3 2.37576989E-3
6.8012505 1.25020766E-3 4.63192072E-3 1.0759376E-2 2.37767678E-3
6.7987504 1.24995527E-3 0 8.64502694E-3 2.38324143E-3
6.7962508 1.24992442E-3 0 8.64524022E-3 2.39669904E-3
6.7937508 1.25011452E-3 0 8.64392612E-3 2.43810844E-3
6.7912507 1.24985981E-3 4.63320967E-3 1.07623702E-2 2.54709856E-3
6.7887506 1.25004759E-3 0 8.64438806E-3 2.75502843E-3
6.7862506 1.25001266E-3 4.63264296E-3 1.07610542E-2 3.06268665E-3
6.7837505 1.24997681E-3 0 8.64487793E-3 3.44029604E-3
6.7812505 1.24994002E-3 9.26582515E-3 1.23157287E-2 3.8605216E-3
6.7787504 1.25012302E-3 4.63223411E-3 1.07601043E-2 4.31099813E-3
6.7762508 1.24986342E-3 9.26639326E-3 1.23164831E-2 4.79370076E-3
6.7737508 1.25004421E-3 4.63252608E-3 1.07607823E-2 5.31068817E-3
6.7712507 1.25000335E-3 4.63267742E-3 1.07611343E-2 5.87060861E-3
6.7687507 1.24996156E-3 0 8.64498317E-3 6.47827284E-3
6.7662506 1.25013886E-3 0 8.64375755E-3 7.13938335E-3
6.7637506 1.24987506E-3 9.26630665E-3 1.23163685E-2 7.86841009E-3
6.7612505 1.25005015E-3 9.26500838E-3 1.23146437E-2 8.6707538E-3
6.7587504 1.25000428E-3 0 8.64468794E-3 9.54528712E-3
6.7562509 1.24995748E-3 0 8.64501204E-3 1.04416097E-2
6.7537508 1.25012896E-3 9.26442444E-3 1.23138661E-2 1.12582408E-2
6.7512507 1.24986109E-3 2.31660251E-2 1.57432407E-2 1.18835419E-2
6.7487507 1.25003036E-3 9.2651546E-3 1.23148374E-2 1.22183049E-2
6.7462506 1.2499796E-3 3.24293599E-2 1.75298396E-2 1.21907443E-2
6.7437506 1.25014654E-3 3.24250311E-2 1.75275002E-2 1.17502641E-2
6.7412505 1.24987517E-3 2.77989171E-2 1.66704357E-2 1.10044116E-2
6.7387505 1.2500399E-3 3.24277952E-2 1.7528994E-2 1.0242939E-2
6.7362504 1.24998519E-3 2.31637266E-2 1.5741678E-2 9.78694856E-3
6.7337508 1.24992942E-3 1.38988541E-2 1.36046233E-2 9.75562073E-3
6.7312508 1.25009066E-3 1.38970623E-2 1.36028696E-2 1.00464709E-2
6.7287507 1.2500328E-3 9.26513691E-3 1.23148132E-2 1.04535921E-2
6.7262506 1.24997413E-3 9.26557183E-3 1.23153916E-2 1.07985828E-2
6.7237506 1.24991452E-3 1.38990209E-2 1.36047862E-2 1.09866923E-2
6.7212505 1.2500711E-3 9.26485285E-3 1.2314436E-2 1.09127918E-2
6.7187505 1.2500094E-3 9.26531013E-3 1.23150442E-2 1.04142372E-2
6.7162504 1.24994677E-3 3.70630994E-2 1.83371529E-2 9.44451056E-3
6.7137504 1.25009986E-3 9.26464051E-3 1.23141538E-2 8.31590407E-3
6.7112503 1.25003513E-3 0 8.64447467E-3 7.56928092E-3
6.7087502 1.24996947E-3 4.63280315E-3 1.07614268E-2 7.4904114E-3
6.7062507 1.24990288E-3 1.38991503E-2 1.36049129E-2 7.89970718E-3
6.7037506 1.25005143E-3 4.63249953E-3 1.07607208E-2 8.42978247E-3
6.7012506 1.24998274E-3 0 8.64483695E-3 8.87150131E-3
6.6987505 1.24991324E-3 0 8.64531752E-3 9.23211034E-3
6.6962509 1.2500583E-3 0 8.64431448E-3 9.61999409E-3
6.6937509 1.2499867E-3 1.38982181E-2 1.36040011E-2 1.01184342E-2
6.6912508 1.25012931E-3 4.63221082E-3 1.07600503E-2 1.07452879E-2
6.6887507 1.2498406E-3 9.26656183E-3 1.23167075E-2 1.15017565E-2
6.6862507 1.24998123E-3 1.85310394E-2 1.47296265E-2 1.2358875E-2
6.6837506 1.25012035E-3 4.63224389E-3 1.07601276E-2 1.3291968E-2
6.6812506 1.25004374E-3 1.38975848E-2 1.36033809E-2 1.42895645E-2
6.6787505 1.2499661E-3 2.31640786E-2 1.57419182E-2 1.53622199E-2
6.6762505 1.24988775E-3 9.26621258E-3 1.23162437E-2 1.65331345E-2
6.6737509 1.25002244E-3 1.85304284E-2 1.47291403E-2 1.78091973E-2
6.6712508 1.24994188E-3 9.26581025E-3 1.23157091E-2 1.91456489E-2
6.6687508 1.25007425E-3 1.38972448E-2 1.36030475E-2 2.03846917E-2
6.6662507 1.24999171E-3 3.24290469E-2 1.75296701E-2 2.13507786E-2
6.6637506 1.25012163E-3 2.31611952E-2 1.57399587E-2 2.19680108E-2
6.6612506 1.24982384E-3 2.31667161E-2 1.57437101E-2 2.23159678E-2
6.6587505 1.25016482E-3 9.26415902E-3 1.2313514E-2 2.24898383E-2
6.6562505 1.24986528E-3 9.26637929E-3 1.23164654E-2 2.26089861E-2
6.6537509 1.24999078E-3 1.38981724E-2 1.36039564E-2 2.27381848E-2
6.6512508 1.25011499E-3 3.70581113E-2 1.83346868E-2 2.29344182E-2
6.6487503 1.25002547E-3 4.16933633E-2 1.90978721E-2 2.32231319E-2
6.6462507 1.24993501E-3 1.85317248E-2 1.47301704E-2 2.36007087E-2
6.6437507 1.25005585E-3 1.38974497E-2 1.36032486E-2 2.40587052E-2
6.6412506 1.24996342E-3 1.38984779E-2 1.36042545E-2 2.46167779E-2
6.6387506 1.24987005E-3 1.38995154E-2 1.36052705E-2 2.53038779E-2
6.6362505 1.25019916E-3 3.24236639E-2 1.75267607E-2 2.61274166E-2
6.6337504 1.24989206E-3 1.853236E-2 1.47306761E-2 2.70373728E-2
6.6312509 1.25000719E-3 9.26532689E-3 1.23150665E-2 2.77270526E-2
6.6287508 1.24990987E-3 3.70641947E-2 1.83376949E-2 2.7644394E-2
6.6262507 1.25002267E-3 2.31630299E-2 1.57412048E-2 2.62343101E-2
6.6237507 1.2501342E-3 1.85287707E-2 1.47278234E-2 2.3533456E-2
6.6212506 1.25003362E-3 9.26513039E-3 1.23148058E-2 2.0183159E-2
6.6187506 1.24993233E-3 9.26588196E-3 1.23158041E-2 1.68756526E-2
6.6162505 1.25004048E-3 2.31627002E-2 1.57409813E-2 1.39419967E-2
6.6137505 1.24993711E-3 2.3164615E-2 1.57422833E-2 1.14598619E-2
6.6112504 1.25004305E-3 4.63253073E-3 1.07607935E-2 9.36472695E-3
6.6087508 1.24993769E-3 0 8.64514895E-3 7.5843404E-3
6.6062508 1.2500413E-3 4.63253725E-3 1.07608084E-2 6.05797069E-3
6.6037507 1.24993396E-3 0 8.64517502E-3 4.75628162E-3
6.6012506 1.25003525E-3 0 8.64447467E-3 3.68881598E-3
6.5987506 1.24992593E-3 4.63296473E-3 1.07618012E-2 2.90647591E-3
6.5962505 1.25002488E-3 4.63259779E-3 1.0760949E-2 2.42911931E-3
6.5937505 1.25012256E-3 0 8.64387024E-3 2.1991753E-3
6.5912504 1.2500101E-3 4.63265227E-3 1.07610757E-2 2.11063656E-3
6.5887504 1.24989694E-3 0 8.64543021E-3 2.08131759E-3
6.5862508 1.24999136E-3 4.63272212E-3 1.07612377E-2 2.06927676E-3
6.5837507 1.25008449E-3 0 8.64413381E-3 2.06123968E-3
6.5812507 1.24996819E-3 0 8.64493754E-3 2.05587177E-3
6.5787506 1.25005899E-3 4.63247159E-3 1.07606556E-2 2.05279561E-3
NO NO NO NO NO
6.8187509 1.25016749E-3 4.63206973E-3 1.07597215E-2 2.82319519E-3
6.8162503 1.24992093E-3 4.63298289E-3 1.0761844E-2 2.82643456E-3
6.8137507 1.24989706E-3 0 8.64542928E-3 2.82923924E-3
6.8112507 1.25009532E-3 4.63233702E-3 1.07603436E-2 2.83171004E-3
6.8087506 1.25006912E-3 0 8.64423905E-3 2.83486187E-3
6.8062506 1.25004211E-3 4.63253399E-3 1.07608009E-2 2.83818855E-3
6.8037505 1.24979171E-3 0 8.6461585E-3 2.84231454E-3
6.8012505 1.25020766E-3 0 8.64328165E-3 2.84547149E-3
6.7987504 1.24995527E-3 1.85314231E-2 1.4729931E-2 2.85277376E-3
6.7962508 1.24992442E-3 0 8.64524022E-3 2.87217973E-3
6.7937508 1.25011452E-3 0 8.64392612E-3 2.92779133E-3
6.7912507 1.24985981E-3 4.63320967E-3 1.07623702E-2 3.06321308E-3
6.7887506 1.25004759E-3 4.6325135E-3 1.07607534E-2 3.31345689E-3
6.7862506 1.25001266E-3 0 8.6446302E-3 3.67874256E-3
6.7837505 1.24997681E-3 0 8.64487793E-3 4.12075501E-3
6.7812505 1.24994002E-3 4.63291258E-3 1.07616801E-2 4.60312096E-3
6.7787504 1.25012302E-3 4.63223411E-3 1.07601043E-2 5.11185871E-3
6.7762508 1.24986342E-3 9.26639326E-3 1.23164831E-2 5.65147726E-3
6.7737508 1.25004421E-3 1.38975782E-2 1.36033744E-2 6.22436916E-3
6.7712507 1.25000335E-3 9.26535483E-3 1.23151038E-2 6.84112217E-3
6.7687507 1.24996156E-3 0 8.64498317E-3 7.50989886E-3
6.7662506 1.25013886E-3 4.63217543E-3 1.07599683E-2 8.24049581E-3
6.7637506 1.24987506E-3 1.85326133E-2 1.47308772E-2 9.04921815E-3
6.7612505 1.25005015E-3 1.85300168E-2 1.47288144E-2 9.93336458E-3
6.7587504 1.25000428E-3 1.38980225E-2 1.36038102E-2 1.08753471E-2
6.7562509 1.24995748E-3 4.63284785E-3 1.07615292E-2 1.18063623E-2
6.7537508 1.25012896E-3 9.26442444E-3 1.23138661E-2 1.26217864E-2
6.7512507 1.24986109E-3 0 8.64567887E-3 1.32376058E-2
6.7487507 1.25003036E-3 9.2651546E-3 1.23148374E-2 1.35803092E-2
6.7462506 1.2499796E-3 1.85310617E-2 1.47296451E-2 1.358053E-2
6.7437506 1.25014654E-3 1.852859E-2 1.47276781E-2 1.31595694E-2
6.7412505 1.24987517E-3 1.85326114E-2 1.47308754E-2 1.24089206E-2
6.7387505 1.2500399E-3 4.63254238E-3 1.07608205E-2 1.16349999E-2
6.7362504 1.24998519E-3 1.38982357E-2 1.36040179E-2 1.11903911E-2
6.7337508 1.24992942E-3 1.85318068E-2 1.47302356E-2 1.11956997E-2
6.7312508 1.25009066E-3 2.31617708E-2 1.57403499E-2 1.15164472E-2
6.7287507 1.2500328E-3 9.26513691E-3 1.23148132E-2 1.19147124E-2
6.7262506 1.24997413E-3 2.31639296E-2 1.57418158E-2 1.21984659E-2
6.7237506 1.24991452E-3 2.77980417E-2 1.66699104E-2 1.22651197E-2
6.7212505 1.2500711E-3 1.85297057E-2 1.47285666E-2 1.20069701E-2
6.7187505 1.2500094E-3 4.63265507E-3 1.07610822E-2 1.12697808E-2
6.7162504 1.24994677E-3 4.63288743E-3 1.07616214E-2 1.00136632E-2
6.7137504 1.25009986E-3 4.63232026E-3 1.07603036E-2 8.60492699E-3
6.7112503 1.25003513E-3 1.38976797E-2 1.3603474E-2 7.71389483E-3
6.7087502 1.24996947E-3 4.63280315E-3 1.07614268E-2 7.71671347E-3
6.7062507 1.24990288E-3 9.26609989E-3 1.23160938E-2 8.35978705E-3
6.7037506 1.25005143E-3 1.38974981E-2 1.36032961E-2 9.10847727E-3
6.7012506 1.24998274E-3 9.26550757E-3 1.23153068E-2 9.67027247E-3
6.6987505 1.24991324E-3 9.26602352E-3 1.23159923E-2 1.00827971E-2
6.6962509 1.2500583E-3 0 8.64431448E-3 1.05087077E-2
6.6937509 1.2499867E-3 9.2654787E-3 1.23152686E-2 1.10618882E-2
6.6912508 1.25012931E-3 1.3896632E-2 1.36024486E-2 1.17609575E-2
6.6887507 1.2498406E-3 9.26656183E-3 1.23167075E-2 1.26010999E-2
6.6862507 1.24998123E-3 3.24293189E-2 1.75298173E-2 1.35569153E-2
6.6837506 1.25012035E-3 4.63224389E-3 1.07601276E-2 1.46132428E-2
6.6812506 1.25004374E-3 1.85301118E-2 1.47288898E-2 1.5761517E-2
6.6787505 1.2499661E-3 4.63281572E-3 1.07614547E-2 1.7011404E-2
6.6762505 1.24988775E-3 2.31655315E-2 1.57429054E-2 1.83849372E-2
6.6737509 1.25002244E-3 2.31630355E-2 1.57412086E-2 1.98776722E-2
6.6712508 1.24994188E-3 9.26581025E-3 1.23157091E-2 2.14390885E-2
6.6687508 1.25007425E-3 2.77944896E-2 1.66677814E-2 2.29159016E-2
6.6662507 1.24999171E-3 9.26544145E-3 1.23152183E-2 2.41253693E-2
6.6637506 1.25012163E-3 2.31611952E-2 1.57399587E-2 2.4988886E-2
6.6612506 1.24982384E-3 2.78000589E-2 1.66711211E-2 2.56036278E-2
6.6587505 1.25016482E-3 1.38962381E-2 1.36020631E-2 2.60697529E-2
6.6562505 1.24986528E-3 1.85327586E-2 1.47309927E-2 2.64717992E-2
6.6537509 1.24999078E-3 3.24290693E-2 1.75296832E-2 2.68172938E-2
6.6512508 1.25011499E-3 1.85290556E-2 1.47280497E-2 2.71478295E-2
6.6487503 1.25002547E-3 3.24281715E-2 1.7529197E-2 2.75000576E-2
6.6462507 1.24993501E-3 3.24305184E-2 1.75304655E-2 2.78920121E-2
6.6437507 1.25005585E-3 3.70598659E-2 1.83355529E-2 2.8331941E-2
6.6412506 1.24996342E-3 3.24297808E-2 1.75300669E-2 2.88392678E-2
6.6387506 1.24987005E-3 1.85326859E-2 1.47309359E-2 2.94122603E-2
6.6362505 1.25019916E-3 2.31597591E-2 1.57389827E-2 3.00162975E-2
6.6337504 1.24989206E-3 9.26617999E-3 1.23162009E-2 3.05648372E-2
6.6312509 1.25000719E-3 3.24286446E-2 1.75294522E-2 3.07480767E-2
6.6287508 1.24990987E-3 1.38990721E-2 1.36048375E-2 3.0103283E-2
6.6262507 1.25002267E-3 3.24282423E-2 1.75292343E-2 2.81290133E-2
6.6237507 1.2501342E-3 1.38965789E-2 1.36023965E-2 2.48785466E-2
6.6212506 1.25003362E-3 1.38976956E-2 1.36034898E-2 2.10355688E-2
6.6187506 1.24993233E-3 0 8.64518527E-3 1.73658431E-2
6.6162505 1.25004048E-3 1.38976201E-2 1.36034153E-2 1.42154032E-2
6.6137505 1.24993711E-3 4.63292282E-3 1.07617043E-2 1.1589787E-2
6.6112504 1.25004305E-3 4.63253073E-3 1.07607935E-2 9.3922019E-3
6.6087508 1.24993769E-3 0 8.64514895E-3 7.54140783E-3
6.6062508 1.2500413E-3 0 8.64443276E-3 5.97310439E-3
6.6037507 1.24993396E-3 4.63293493E-3 1.07617322E-2 4.6572336E-3
6.6012506 1.25003525E-3 0 8.64447467E-3 3.59448837E-3
6.5987506 1.24992593E-3 0 8.64522997E-3 2.82463571E-3
6.5962505 1.25002488E-3 0 8.64454545E-3 2.36288132E-3
6.5937505 1.25012256E-3 4.63223597E-3 1.07601089E-2 2.14987574E-3
6.5912504 1.2500101E-3 0 8.64464696E-3 2.07532058E-3
6.5887504 1.24989694E-3 0 8.64543021E-3 2.05095997E-3
6.5862508 1.24999136E-3 4.63272212E-3 1.07612377E-2 2.03909539E-3
6.5837507 1.25008449E-3 9.26475413E-3 1.23143047E-2 2.03103223E-3
6.5812507 1.24996819E-3 0 8.64493754E-3 2.02614209E-3
6.5787506 1.25005899E-3 0 8.64430983E-3 2.02372414E-3
