5.1575003 2.49999389E-3 0 4.32236912E-3 2.84596754E-5
5.1525002 2.49999901E-3 0 4.32236074E-3 3.81937971E-5
5.1475005 2.4999897E-3 4.63270908E-3 6.1575938E-3 5.4973254E-5
5.1425004 2.49996665E-3 2.31637596E-3 5.38065378E-3 8.81474407E-5
5.1375003 2.4999294E-3 2.31641042E-3 5.38073387E-3 1.52750465E-4
5.1325006 2.50013126E-3 2.31622346E-3 5.38029941E-3 2.61118228E-4
5.1275005 2.49981275E-3 0 4.32268251E-3 4.23988386E-4
5.1225009 2.49998574E-3 2.31635827E-3 5.38061233E-3 6.63486484E-4
5.1175008 2.50014383E-3 6.94863591E-3 6.80153724E-3 1.0255021E-3
5.1125002 2.50003533E-3 0 4.32229787E-3 1.56812428E-3
5.1075006 2.49991333E-3 0 4.32250882E-3 2.25427537E-3
5.1025004 2.50002765E-3 4.63263877E-3 6.1575002E-3 2.87754275E-3
5.0975003 2.50012707E-3 0 4.32213908E-3 3.18921264E-3
5.0925002 2.49996246E-3 6.94913976E-3 6.80203037E-3 3.03338375E-3
5.0875001 2.50003301E-3 0 4.32230206E-3 2.54189246E-3
5.0825005 2.49984046E-3 4.63298569E-3 6.15796167E-3 2.14656885E-3
5.0775003 2.50012986E-3 4.63244971E-3 6.15724875E-3 2.17891624E-3
5.0725002 2.49990867E-3 4.63285903E-3 6.15779357E-3 2.60861288E-3
5.0675006 2.49992101E-3 0 4.32249531E-3 3.16902483E-3
5.0625005 2.50016502E-3 9.26476903E-3 7.36421626E-3 3.61152622E-3
5.0575004 2.49990146E-3 6.94930879E-3 6.80219615E-3 3.86373186E-3
5.0525002 2.50011543E-3 4.63247625E-3 6.1572846E-3 4.21363069E-3
5.0475006 2.49982392E-3 6.94952486E-3 6.80240756E-3 5.07902214E-3
5.0425005 2.50000786E-3 2.31633778E-3 5.38056483E-3 6.24699611E-3
5.0375004 2.50017596E-3 4.63236403E-3 6.15713513E-3 6.97080558E-3
5.0325003 2.49984208E-3 6.94947457E-3 6.8023582E-3 6.64016698E-3
5.0275006 2.49998062E-3 0 4.32239193E-3 5.20844012E-3
5.0225005 2.50010379E-3 4.63249767E-3 6.15731301E-3 3.38923722E-3
5.0175004 2.49996968E-3 2.31637317E-3 5.38064726E-3 1.96954701E-3
5.0125003 2.50006258E-3 2.31628702E-3 5.38044702E-3 1.1012255E-3
5.0075006 2.49989936E-3 4.63287672E-3 6.15781639E-3 5.95343066E-4
5.0025005 2.49996246E-3 2.31637969E-3 5.38066216E-3 3.11097654E-4
4.9975004 2.50001042E-3 0 4.32234071E-3 1.68434053E-4
4.9925008 2.50004302E-3 2.31630518E-3 5.3804894E-3 1.0470891E-4
4.9875007 2.50006048E-3 0 4.32225456E-3 7.43724377E-5
4.9825006 2.50006258E-3 2.31628702E-3 5.38044702E-3 5.63717222E-5
4.9775004 2.49981182E-3 2.31651939E-3 5.38098672E-3 4.37980816E-5
NO NO NO NO NO
5.1575003 2.49999389E-3 0 4.32236912E-3 2.76955798E-5
5.1525002 2.49999901E-3 2.31634593E-3 5.38058393E-3 3.57169083E-5
5.1475005 2.4999897E-3 2.31635454E-3 5.38060348E-3 4.8986316E-5
5.1425004 2.49996665E-3 0 4.32241661E-3 7.61468982E-5
5.1375003 2.4999294E-3 2.31641042E-3 5.38073387E-3 1.33626658E-4
5.1325006 2.50013126E-3 2.31622346E-3 5.38029941E-3 2.37218686E-4
5.1275005 2.49981275E-3 0 4.32268251E-3 3.97599535E-4
5.1225009 2.49998574E-3 2.31635827E-3 5.38061233E-3 6.3556747E-4
5.1175008 2.50014383E-3 6.94863591E-3 6.80153724E-3 1.0033258E-3
5.1125002 2.50003533E-3 2.3163124E-3 5.3805057E-3 1.58306479E-3
5.1075006 2.49991333E-3 4.63285064E-3 6.15778193E-3 2.38845171E-3
5.1025004 2.50002765E-3 2.31631938E-3 5.38052199E-3 3.22769536E-3
5.0975003 2.50012707E-3 9.26490873E-3 7.36432802E-3 3.78258037E-3
5.0925002 2.49996246E-3 6.94913976E-3 6.80203037E-3 3.79615044E-3
5.0875001 2.50003301E-3 0 4.32230206E-3 3.29169678E-3
5.0825005 2.49984046E-3 6.94947876E-3 6.80236239E-3 2.71098735E-3
5.0775003 2.50012986E-3 2.31622485E-3 5.3803022E-3 2.55236402E-3
5.0725002 2.49990867E-3 4.63285903E-3 6.15779357E-3 2.92423088E-3
5.0675006 2.49992101E-3 2.3164181E-3 5.38075157E-3 3.56746605E-3
5.0625005 2.50016502E-3 4.63238452E-3 6.15716213E-3 4.14250325E-3
5.0575004 2.49990146E-3 9.26574506E-3 7.36499252E-3 4.47709486E-3
5.0525002 2.50011543E-3 1.15811909E-2 7.87038263E-3 4.79151541E-3
5.0475006 2.49982392E-3 0 4.32266342E-3 5.63854864E-3
5.0425005 2.50000786E-3 6.94901356E-3 6.80190697E-3 7.06214271E-3
5.0375004 2.50017596E-3 6.94854604E-3 6.80144923E-3 8.27089138E-3
5.0325003 2.49984208E-3 2.31649149E-2 9.91161726E-3 8.38734861E-3
5.0275006 2.49998062E-3 2.31636292E-3 5.38062304E-3 7.09079998E-3
5.0225005 2.50010379E-3 9.26499534E-3 7.36439647E-3 4.97049373E-3
5.0175004 2.49996968E-3 6.94911974E-3 6.80201082E-3 3.05615738E-3
5.0125003 2.50006258E-3 0 4.32225037E-3 1.78530789E-3
5.0075006 2.49989936E-3 0 4.32253303E-3 1.0082951E-3
5.0025005 2.49996246E-3 2.31637969E-3 5.38066216E-3 5.45551535E-4
4.9975004 2.50001042E-3 2.31633545E-3 5.38055925E-3 2.95736594E-4
4.9925008 2.50004302E-3 2.31630518E-3 5.3804894E-3 1.75370529E-4
4.9875007 2.50006048E-3 0 4.32225456E-3 1.17421238E-4
4.9825006 2.50006258E-3 0 4.32225037E-3 8.52067387E-5
4.9775004 2.49981182E-3 0 4.3226839E-3 6.46395856E-5
NO NO NO NO NO
5.1587505 1.24996353E-3 0 8.64497013E-3 1.38755547E-6
5.1562505 1.25003047E-3 4.6325773E-3 1.07609015E-2 1.59906926E-6
5.1537504 1.24984025E-3 0 8.64582323E-3 1.85362342E-6
5.1512504 1.25015876E-3 0 8.64361972E-3 2.16977401E-6
5.1487503 1.24996505E-3 0 8.64495896E-3 2.60306069E-6
5.1462502 1.25002477E-3 0 8.64454638E-3 3.38895734E-6
5.1437507 1.24982814E-3 0 8.64590611E-3 5.47082527E-6
5.1412506 1.25013839E-3 0 8.64376035E-3 1.12544394E-5
5.1387506 1.2499385E-3 0 8.64514336E-3 2.40612844E-5
5.1362505 1.24999089E-3 0 8.64478108E-3 4.57046262E-5
5.1337504 1.2500413E-3 0 8.64443183E-3 7.55462024E-5
5.1312504 1.25008984E-3 0 8.64409562E-3 1.1215738E-4
5.1287503 1.24988367E-3 0 8.64552148E-3 1.5536182E-4
5.1262507 1.24992896E-3 4.63295355E-3 1.07617751E-2 2.0617152E-4
5.1237507 1.25022454E-3 0 8.64316523E-3 2.669307E-4
5.1212506 1.24976132E-3 0 8.64636898E-3 3.41670093E-4
5.1187506 1.25005306E-3 0 8.6443508E-3 4.36049071E-4
5.1162505 1.25009066E-3 9.2647085E-3 1.23142442E-2 5.60422486E-4
5.1137505 1.24987506E-3 0 8.64558201E-3 7.31481356E-4
5.1112504 1.25016039E-3 0 8.64360854E-3 9.69563611E-4
5.1087503 1.24994142E-3 9.26581491E-3 1.23157147E-2 1.28140172E-3
5.1062503 1.24997192E-3 0 8.64491239E-3 1.63299241E-3
5.1037507 1.25000055E-3 9.26537625E-3 1.23151327E-2 1.96336326E-3
5.1012506 1.25002721E-3 9.26517881E-3 1.23148691E-2 2.22692173E-3
5.0987506 1.25005213E-3 0 8.64435732E-3 2.41364678E-3
5.0962505 1.25007506E-3 0 8.644199E-3 2.51715421E-3
5.0937505 1.24984677E-3 4.6332581E-3 1.07624829E-2 2.49890028E-3
5.0912504 1.25011569E-3 4.63226158E-3 1.07601685E-2 2.31080549E-3
5.0887504 1.24988414E-3 0 8.64551868E-3 1.98213337E-3
5.0862503 1.25014875E-3 0 8.64368863E-3 1.61903375E-3
5.0837502 1.24991406E-3 4.6330085E-3 1.07619036E-2 1.32877065E-3
5.0812507 1.2499264E-3 0 8.64522718E-3 1.15452707E-3
5.0787506 1.24993676E-3 4.63292422E-3 1.0761708E-2 1.11345726E-3
5.0762506 1.25019299E-3 0 8.64338316E-3 1.21200085E-3
5.0737505 1.24995189E-3 0 8.64505023E-3 1.43608521E-3
5.0712504 1.24995678E-3 0 8.64501577E-3 1.72820094E-3
5.0687504 1.24995993E-3 4.63283854E-3 1.07615087E-2 2.0163015E-3
5.0662508 1.24996121E-3 0 8.64498597E-3 2.26022652E-3
5.0637503 1.25020707E-3 9.26384609E-3 1.23130977E-2 2.45646411E-3
5.0612502 1.24995795E-3 9.26569197E-3 1.23155508E-2 2.59487098E-3
5.0587502 1.24995376E-3 4.63286135E-3 1.07615618E-2 2.63411738E-3
5.0562506 1.2499477E-3 0 8.6450791E-3 2.56290147E-3
5.0537505 1.2499399E-3 4.63291304E-3 1.0761681E-2 2.46789493E-3
5.0512505 1.25017541E-3 0 8.64350423E-3 2.50125583E-3
5.0487504 1.24991848E-3 0 8.6452812E-3 2.77938647E-3
5.0462503 1.24990533E-3 9.2660822E-3 1.23160705E-2 3.30101233E-3
5.0437503 1.25013466E-3 1.38965724E-2 1.360239E-2 3.93964862E-3
5.0412507 1.24987308E-3 0 8.64559505E-3 4.52066166E-3
5.0387506 1.25009846E-3 0 8.64403695E-3 4.9330974E-3
5.0362501 1.2500775E-3 4.63240268E-3 1.07604954E-2 5.16188797E-3
5.0337505 1.24981138E-3 0 8.64602253E-3 5.17862663E-3
5.0312505 1.25003059E-3 4.63257637E-3 1.07608996E-2 4.88496618E-3
5.0287504 1.2500044E-3 9.26534738E-3 1.23150945E-2 4.22389153E-3
5.0262504 1.24997634E-3 0 8.64488166E-3 3.32136988E-3
5.0237503 1.25018915E-3 4.63198964E-3 1.07595362E-2 2.42833258E-3
5.0212502 1.24991476E-3 4.63300617E-3 1.07618971E-2 1.71929493E-3
5.0187507 1.24988146E-3 4.63312957E-3 1.07621839E-2 1.21307548E-3
5.0162506 1.25008821E-3 4.63236356E-3 1.07604042E-2 8.65758222E-4
5.0137506 1.25005085E-3 0 8.64436571E-3 6.20849954E-4
5.0112505 1.25001173E-3 4.63264668E-3 1.07610617E-2 4.402739E-4
5.0087504 1.24997098E-3 0 8.64491891E-3 3.02804692E-4
5.0062504 1.24992838E-3 0 8.64521321E-3 1.96790395E-4
5.0037503 1.25012477E-3 0 8.64385534E-3 1.17148353E-4
5.0012503 1.24983781E-3 0 8.64583906E-3 6.28462294E-5
4.9987507 1.25003024E-3 0 8.64450913E-3 3.13552991E-5
4.9962506 1.24998018E-3 0 8.64485465E-3 1.62562555E-5
4.9937506 1.25016819E-3 0 8.64355452E-3 9.81271205E-6
4.9912505 1.24987483E-3 0 8.64558294E-3 7.03739715E-6
4.9887505 1.25005888E-3 0 8.64431076E-3 5.52034226E-6
4.9862504 1.25000149E-3 0 8.64470657E-3 4.48119363E-6
4.9837503 1.24994246E-3 0 8.64511542E-3 3.71192232E-6
4.9812503 1.25012023E-3 0 8.64388607E-3 3.12951011E-6
4.9787502 1.24981906E-3 0 8.64596944E-3 2.68358258E-6
NO NO NO NO NO
5.1587505 1.24996353E-3 0 8.64497013E-3 1.41652367E-6
5.1562505 1.25003047E-3 0 8.64450727E-3 1.63642278E-6
5.1537504 1.24984025E-3 0 8.64582323E-3 1.90232106E-6
5.1512504 1.25015876E-3 0 8.64361972E-3 2.24051837E-6
5.1487503 1.24996505E-3 0 8.64495896E-3 2.73108526E-6
5.1462502 1.25002477E-3 0 8.64454638E-3 3.67944835E-6
5.1437507 1.24982814E-3 0 8.64590611E-3 6.03349736E-6
5.1412506 1.25013839E-3 0 8.64376035E-3 1.16412657E-5
5.1387506 1.2499385E-3 0 8.64514336E-3 2.32401853E-5
5.1362505 1.24999089E-3 0 8.64478108E-3 4.26359293E-5
5.1337504 1.2500413E-3 0 8.64443183E-3 6.93734764E-5
5.1312504 1.25008984E-3 0 8.64409562E-3 1.02142702E-4
5.1287503 1.24988367E-3 4.63312119E-3 1.07621644E-2 1.40754317E-4
5.1262507 1.24992896E-3 0 8.64520948E-3 1.86311372E-4
5.1237507 1.25022454E-3 4.63185832E-3 1.07592307E-2 2.40908135E-4
5.1212506 1.24976132E-3 0 8.64636898E-3 3.08103132E-4
5.1187506 1.25005306E-3 4.63249348E-3 1.07607068E-2 3.93035909E-4
5.1162505 1.25009066E-3 0 8.64409097E-3 5.0496147E-4
5.1137505 1.24987506E-3 4.63315332E-3 1.07622398E-2 6.57696277E-4
5.1112504 1.25016039E-3 0 8.64360854E-3 8.64686561E-4
5.1087503 1.24994142E-3 0 8.64512287E-3 1.13003212E-3
5.1062503 1.24997192E-3 0 8.64491239E-3 1.42769958E-3
5.1037507 1.25000055E-3 0 8.64471402E-3 1.70583802E-3
5.1012506 1.25002721E-3 0 8.64452962E-3 1.92252861E-3
5.0987506 1.25005213E-3 4.63249721E-3 1.07607152E-2 2.06657313E-3
5.0962505 1.25007506E-3 4.63241199E-3 1.07605178E-2 2.13305023E-3
5.0937505 1.24984677E-3 0 8.64577759E-3 2.10205186E-3
5.0912504 1.25011569E-3 0 8.64391774E-3 1.93905388E-3
5.0887504 1.24988414E-3 0 8.64551868E-3 1.65989879E-3
5.0862503 1.25014875E-3 4.63213865E-3 1.07598826E-2 1.35193951E-3
5.0837502 1.24991406E-3 0 8.64531193E-3 1.10936316E-3
5.0812507 1.2499264E-3 4.63296287E-3 1.07617974E-2 9.71011992E-4
5.0787506 1.24993676E-3 4.63292422E-3 1.0761708E-2 9.43883846E-4
5.0762506 1.25019299E-3 9.26394947E-3 1.23132356E-2 1.02830003E-3
5.0737505 1.24995189E-3 0 8.64505023E-3 1.213526E-3
5.0712504 1.24995678E-3 0 8.64501577E-3 1.455819E-3
5.0687504 1.24995993E-3 4.63283854E-3 1.07615087E-2 1.69354561E-3
5.0662508 1.24996121E-3 0 8.64498597E-3 1.88877189E-3
5.0637503 1.25020707E-3 4.63192305E-3 1.07593816E-2 2.03602272E-3
5.0612502 1.24995795E-3 0 8.64500832E-3 2.13576877E-3
5.0587502 1.24995376E-3 9.26572271E-3 1.23155927E-2 2.17086822E-3
5.0562506 1.2499477E-3 0 8.6450791E-3 2.13438715E-3
5.0537505 1.2499399E-3 4.63291304E-3 1.0761681E-2 2.09084619E-3
5.0512505 1.25017541E-3 0 8.64350423E-3 2.16921559E-3
5.0487504 1.24991848E-3 4.6329922E-3 1.07618645E-2 2.47162743E-3
5.0462503 1.24990533E-3 0 8.64537247E-3 3.00760544E-3
5.0437503 1.25013466E-3 4.6321908E-3 1.07600037E-2 3.67616978E-3
5.0412507 1.24987308E-3 4.63316031E-3 1.07622556E-2 4.3113702E-3
5.0387506 1.25009846E-3 4.63232538E-3 1.07603157E-2 4.78738127E-3
5.0362501 1.2500775E-3 1.38972076E-2 1.36030121E-2 5.06826257E-3
5.0337505 1.24981138E-3 9.26677883E-3 1.23169962E-2 5.12723392E-3
5.0312505 1.25003059E-3 1.85303055E-2 1.47290435E-2 4.88800602E-3
5.0287504 1.2500044E-3 0 8.64468701E-3 4.28083213E-3
5.0262504 1.24997634E-3 0 8.64488166E-3 3.39848385E-3
5.0237503 1.25018915E-3 4.63198964E-3 1.07595362E-2 2.49672006E-3
5.0212502 1.24991476E-3 0 8.64530727E-3 1.77483156E-3
5.0187507 1.24988146E-3 0 8.64553731E-3 1.26249657E-3
5.0162506 1.25008821E-3 0 8.64410773E-3 9.07491776E-4
5.0137506 1.25005085E-3 0 8.64436571E-3 6.5559597E-4
5.0112505 1.25001173E-3 0 8.64463579E-3 4.68492595E-4
5.0087504 1.24997098E-3 0 8.64491891E-3 3.24271386E-4
5.0062504 1.24992838E-3 0 8.64521321E-3 2.11567633E-4
5.0037503 1.25012477E-3 0 8.64385534E-3 1.25499588E-4
5.0012503 1.24983781E-3 4.63329116E-3 1.07625602E-2 6.56827833E-5
4.9987507 1.25003024E-3 4.63257823E-3 1.07609034E-2 3.09084135E-5
4.9962506 1.24998018E-3 4.63276356E-3 1.07613336E-2 1.48240943E-5
4.9937506 1.25016819E-3 0 8.64355452E-3 8.54106656E-6
4.9912505 1.24987483E-3 0 8.64558294E-3 5.98570159E-6
4.9887505 1.25005888E-3 0 8.64431076E-3 4.65974426E-6
4.9862504 1.25000149E-3 4.6326844E-3 1.07611502E-2 3.78216077E-6
4.9837503 1.24994246E-3 0 8.64511542E-3 3.13688315E-6
4.9812503 1.25012023E-3 0 8.64388607E-3 2.64878304E-6
4.9787502 1.24981906E-3 0 8.64596944E-3 2.27547343E-6
