5.1575003 2.49999389E-3 0 4.32236912E-3 1.08891272E-3
5.1525002 2.49999901E-3 0 4.32236074E-3 1.10423728E-3
5.1475005 2.4999897E-3 4.63270908E-3 6.1575938E-3 1.12687377E-3
5.1425004 2.49996665E-3 2.31637596E-3 5.38065378E-3 1.16620935E-3
5.1375003 2.4999294E-3 2.31641042E-3 5.38073387E-3 1.23744761E-3
5.1325006 2.50013126E-3 2.31622346E-3 5.38029941E-3 1.3530259E-3
5.1275005 2.49981275E-3 0 4.32268251E-3 1.52404758E-3
5.1225009 2.49998574E-3 2.31635827E-3 5.38061233E-3 1.77202583E-3
5.1175008 2.50014383E-3 6.94863591E-3 6.80153724E-3 2.14301678E-3
5.1125002 2.50003533E-3 0 4.32229787E-3 2.6943658E-3
5.1075006 2.49991333E-3 0 4.32250882E-3 3.38535849E-3
5.1025004 2.50002765E-3 4.63263877E-3 6.1575002E-3 4.00796579E-3
5.0975003 2.50012707E-3 0 4.32213908E-3 4.31878492E-3
5.0925002 2.49996246E-3 6.94913976E-3 6.80203037E-3 4.16710973E-3
5.0875001 2.50003301E-3 0 4.32230206E-3 3.682537E-3
5.0825005 2.49984046E-3 4.63298569E-3 6.15796167E-3 3.29343579E-3
5.0775003 2.50012986E-3 4.63244971E-3 6.15724875E-3 3.33026447E-3
5.0725002 2.49990867E-3 4.63285903E-3 6.15779357E-3 3.76134156E-3
5.0675006 2.49992101E-3 0 4.32249531E-3 4.3197521E-3
5.0625005 2.50016502E-3 9.26476903E-3 7.36421626E-3 4.76295641E-3
5.0575004 2.49990146E-3 6.94930879E-3 6.80219615E-3 5.02307853E-3
5.0525002 2.50011543E-3 4.63247625E-3 6.1572846E-3 5.38422633E-3
5.0475006 2.49982392E-3 6.94952486E-3 6.80240756E-3 6.25581387E-3
5.0425005 2.50000786E-3 2.31633778E-3 5.38056483E-3 7.41713168E-3
5.0375004 2.50017596E-3 4.63236403E-3 6.15713513E-3 8.12841207E-3
5.0325003 2.49984208E-3 6.94947457E-3 6.8023582E-3 7.79614644E-3
5.0275006 2.49998062E-3 0 4.32239193E-3 6.37365645E-3
5.0225005 2.50010379E-3 4.63249767E-3 6.15731301E-3 4.56193276E-3
5.0175004 2.49996968E-3 2.31637317E-3 5.38064726E-3 3.14494688E-3
5.0125003 2.50006258E-3 2.31628702E-3 5.38044702E-3 2.27792398E-3
5.0075006 2.49989936E-3 4.63287672E-3 6.15781639E-3 1.77335541E-3
5.0025005 2.49996246E-3 2.31637969E-3 5.38066216E-3 1.49059156E-3
4.9975004 2.50001042E-3 0 4.32234071E-3 1.35003321E-3
4.9925008 2.50004302E-3 2.31630518E-3 5.3804894E-3 1.28901401E-3
4.9875007 2.50006048E-3 0 4.32225456E-3 1.26157049E-3
4.9825006 2.50006258E-3 2.31628702E-3 5.38044702E-3 1.24628982E-3
4.9775004 2.49981182E-3 2.31651939E-3 5.38098672E-3 1.23631128E-3
NO NO NO NO NO
5.1575003 2.49999389E-3 0 4.32236912E-3 1.32395141E-3
5.1525002 2.49999901E-3 2.31634593E-3 5.38058393E-3 1.33814558E-3
5.1475005 2.4999897E-3 2.31635454E-3 5.38060348E-3 1.35789847E-3
5.1425004 2.49996665E-3 0 4.32241661E-3 1.39170955E-3
5.1375003 2.4999294E-3 2.31641042E-3 5.38073387E-3 1.45610224E-3
5.1325006 2.50013126E-3 2.31622346E-3 5.38029941E-3 1.56715617E-3
5.1275005 2.49981275E-3 0 4.32268251E-3 1.73624291E-3
5.1225009 2.49998574E-3 2.31635827E-3 5.38061233E-3 1.98354758E-3
5.1175008 2.50014383E-3 6.94863591E-3 6.80153724E-3 2.36145314E-3
5.1125002 2.50003533E-3 2.3163124E-3 5.3805057E-3 2.95166927E-3
5.1075006 2.49991333E-3 4.63285064E-3 6.15778193E-3 3.76412505E-3
5.1025004 2.50002765E-3 2.31631938E-3 5.38052199E-3 4.60345391E-3
5.0975003 2.50012707E-3 9.26490873E-3 7.36432802E-3 5.15573472E-3
5.0925002 2.49996246E-3 6.94913976E-3 6.80203037E-3 5.17160818E-3
5.0875001 2.50003301E-3 0 4.32230206E-3 4.67421534E-3
5.0825005 2.49984046E-3 6.94947876E-3 6.80236239E-3 4.10086894E-3
5.0775003 2.50012986E-3 2.31622485E-3 5.3803022E-3 3.94769013E-3
5.0725002 2.49990867E-3 4.63285903E-3 6.15779357E-3 4.3220371E-3
5.0675006 2.49992101E-3 2.3164181E-3 5.38075157E-3 4.96272137E-3
5.0625005 2.50016502E-3 4.63238452E-3 6.15716213E-3 5.53573016E-3
5.0575004 2.49990146E-3 9.26574506E-3 7.36499252E-3 5.87653369E-3
5.0525002 2.50011543E-3 1.15811909E-2 7.87038263E-3 6.20367425E-3
5.0475006 2.49982392E-3 0 4.32266342E-3 7.06091523E-3
5.0425005 2.50000786E-3 6.94901356E-3 6.80190697E-3 8.48071743E-3
5.0375004 2.50017596E-3 6.94854604E-3 6.80144923E-3 9.67408065E-3
5.0325003 2.49984208E-3 2.31649149E-2 9.91161726E-3 9.78255831E-3
5.0275006 2.49998062E-3 2.31636292E-3 5.38062304E-3 8.49321485E-3
5.0225005 2.50010379E-3 9.26499534E-3 7.36439647E-3 6.38234196E-3
5.0175004 2.49996968E-3 6.94911974E-3 6.80201082E-3 4.47147945E-3
5.0125003 2.50006258E-3 0 4.32225037E-3 3.20168072E-3
5.0075006 2.49989936E-3 0 4.32253303E-3 2.42584222E-3
5.0025005 2.49996246E-3 2.31637969E-3 5.38066216E-3 1.96437188E-3
4.9975004 2.50001042E-3 2.31633545E-3 5.38055925E-3 1.71653391E-3
4.9925008 2.50004302E-3 2.31630518E-3 5.3804894E-3 1.59893301E-3
4.9875007 2.50006048E-3 0 4.32225456E-3 1.54399348E-3
4.9825006 2.50006258E-3 0 4.32225037E-3 1.51441444E-3
4.9775004 2.49981182E-3 0 4.3226839E-3 1.49610278E-3
NO NO NO NO NO
5.1587505 1.24996353E-3 0 8.64497013E-3 7.2939496E-4
5.1562505 1.25003047E-3 4.6325773E-3 1.07609015E-2 7.31017499E-4
5.1537504 1.24984025E-3 0 8.64582323E-3 7.32840796E-4
5.1512504 1.25015876E-3 0 8.64361972E-3 7.34427013E-4
5.1487503 1.24996505E-3 0 8.64495896E-3 7.36454036E-4
5.1462502 1.25002477E-3 0 8.64454638E-3 7.38790724E-4
5.1437507 1.24982814E-3 0 8.64590611E-3 7.427776E-4
5.1412506 1.25013839E-3 0 8.64376035E-3 7.50299077E-4
5.1387506 1.2499385E-3 0 8.64514336E-3 7.65209901E-4
5.1362505 1.24999089E-3 0 8.64478108E-3 7.88879639E-4
5.1337504 1.2500413E-3 0 8.64443183E-3 8.20868532E-4
5.1312504 1.25008984E-3 0 8.64409562E-3 8.59726453E-4
5.1287503 1.24988367E-3 0 8.64552148E-3 9.05345485E-4
5.1262507 1.24992896E-3 4.63295355E-3 1.07617751E-2 9.58355842E-4
5.1237507 1.25022454E-3 0 8.64316523E-3 1.02118705E-3
5.1212506 1.24976132E-3 0 8.64636898E-3 1.09871221E-3
5.1187506 1.25005306E-3 0 8.6443508E-3 1.19585881E-3
5.1162505 1.25009066E-3 9.2647085E-3 1.23142442E-2 1.32367609E-3
5.1137505 1.24987506E-3 0 8.64558201E-3 1.49893004E-3
5.1112504 1.25016039E-3 0 8.64360854E-3 1.7412859E-3
5.1087503 1.24994142E-3 9.26581491E-3 1.23157147E-2 2.05695699E-3
5.1062503 1.24997192E-3 0 8.64491239E-3 2.40979833E-3
5.1037507 1.25000055E-3 9.26537625E-3 1.23151327E-2 2.73854216E-3
5.1012506 1.25002721E-3 9.26517881E-3 1.23148691E-2 2.99897441E-3
5.0987506 1.25005213E-3 0 8.64435732E-3 3.18297395E-3
5.0962505 1.25007506E-3 0 8.644199E-3 3.28553864E-3
5.0937505 1.24984677E-3 4.6332581E-3 1.07624829E-2 3.26917903E-3
5.0912504 1.25011569E-3 4.63226158E-3 1.07601685E-2 3.084786E-3
5.0887504 1.24988414E-3 0 8.64551868E-3 2.76034744E-3
5.0862503 1.25014875E-3 0 8.64368863E-3 2.39997171E-3
5.0837502 1.24991406E-3 4.6330085E-3 1.07619036E-2 2.11176998E-3
5.0812507 1.2499264E-3 0 8.64522718E-3 1.93937321E-3
5.0787506 1.24993676E-3 4.63292422E-3 1.0761708E-2 1.90069224E-3
5.0762506 1.25019299E-3 0 8.64338316E-3 2.00179825E-3
5.0737505 1.24995189E-3 0 8.64505023E-3 2.22767028E-3
5.0712504 1.24995678E-3 0 8.64501577E-3 2.51890998E-3
5.0687504 1.24995993E-3 4.63283854E-3 1.07615087E-2 2.80380924E-3
5.0662508 1.24996121E-3 0 8.64498597E-3 3.04386811E-3
5.0637503 1.25020707E-3 9.26384609E-3 1.23130977E-2 3.23719997E-3
5.0612502 1.24995795E-3 9.26569197E-3 1.23155508E-2 3.37561616E-3
5.0587502 1.24995376E-3 4.63286135E-3 1.07615618E-2 3.41811846E-3
5.0562506 1.2499477E-3 0 8.6450791E-3 3.3522679E-3
5.0537505 1.2499399E-3 4.63291304E-3 1.0761681E-2 3.26251471E-3
5.0512505 1.25017541E-3 0 8.64350423E-3 3.29939974E-3
5.0487504 1.24991848E-3 0 8.6452812E-3 3.57863796E-3
5.0462503 1.24990533E-3 9.2660822E-3 1.23160705E-2 4.09541093E-3
5.0437503 1.25013466E-3 1.38965724E-2 1.360239E-2 4.72071953E-3
5.0412507 1.24987308E-3 0 8.64559505E-3 5.28184371E-3
5.0387506 1.25009846E-3 0 8.64403695E-3 5.6720986E-3
5.0362501 1.2500775E-3 4.63240268E-3 1.07604954E-2 5.88145526E-3
5.0337505 1.24981138E-3 0 8.64602253E-3 5.88449556E-3
5.0312505 1.25003059E-3 4.63257637E-3 1.07608996E-2 5.58384322E-3
5.0287504 1.2500044E-3 9.26534738E-3 1.23150945E-2 4.92006773E-3
5.0262504 1.24997634E-3 0 8.64488166E-3 4.01426712E-3
5.0237503 1.25018915E-3 4.63198964E-3 1.07595362E-2 3.11549334E-3
5.0212502 1.24991476E-3 4.63300617E-3 1.07618971E-2 2.40122457E-3
5.0187507 1.24988146E-3 4.63312957E-3 1.07621839E-2 1.89198239E-3
5.0162506 1.25008821E-3 4.63236356E-3 1.07604042E-2 1.54392584E-3
5.0137506 1.25005085E-3 0 8.64436571E-3 1.29939348E-3
5.0112505 1.25001173E-3 4.63264668E-3 1.07610617E-2 1.11926172E-3
5.0087504 1.24997098E-3 0 8.64491891E-3 9.82432859E-4
5.0062504 1.24992838E-3 0 8.64521321E-3 8.77440092E-4
5.0037503 1.25012477E-3 0 8.64385534E-3 7.98968191E-4
5.0012503 1.24983781E-3 0 8.64583906E-3 7.46419886E-4
4.9987507 1.25003024E-3 0 8.64450913E-3 7.16939918E-4
4.9962506 1.24998018E-3 0 8.64485465E-3 7.04648031E-4
4.9937506 1.25016819E-3 0 8.64355452E-3 7.01464713E-4
4.9912505 1.24987483E-3 0 8.64558294E-3 7.02672347E-4
4.9887505 1.25005888E-3 0 8.64431076E-3 7.05254381E-4
4.9862504 1.25000149E-3 0 8.64470657E-3 7.08776992E-4
4.9837503 1.24994246E-3 0 8.64511542E-3 7.12863577E-4
4.9812503 1.25012023E-3 0 8.64388607E-3 7.1721524E-4
4.9787502 1.24981906E-3 0 8.64596944E-3 7.21971446E-4
NO NO NO NO NO
5.1587505 1.24996353E-3 0 8.64497013E-3 6.35189237E-4
5.1562505 1.25003047E-3 0 8.64450727E-3 6.37490768E-4
5.1537504 1.24984025E-3 0 8.64582323E-3 6.40109472E-4
5.1512504 1.25015876E-3 0 8.64361972E-3 6.42594008E-4
5.1487503 1.24996505E-3 0 8.64495896E-3 6.45426451E-4
5.1462502 1.25002477E-3 0 8.64454638E-3 6.48424029E-4
5.1437507 1.24982814E-3 0 8.64590611E-3 6.52843039E-4
5.1412506 1.25013839E-3 0 8.64376035E-3 6.60118822E-4
5.1387506 1.2499385E-3 0 8.64514336E-3 6.73629052E-4
5.1362505 1.24999089E-3 0 8.64478108E-3 6.9482578E-4
5.1337504 1.2500413E-3 0 8.64443183E-3 7.23360165E-4
5.1312504 1.25008984E-3 0 8.64409562E-3 7.5791392E-4
5.1287503 1.24988367E-3 4.63312119E-3 1.07621644E-2 7.98509165E-4
5.1262507 1.24992896E-3 0 8.64520948E-3 8.46118317E-4
5.1237507 1.25022454E-3 4.63185832E-3 1.07592307E-2 9.02673171E-4
5.1212506 1.24976132E-3 0 8.64636898E-3 9.72053793E-4
5.1187506 1.25005306E-3 4.63249348E-3 1.07607068E-2 1.05872692E-3
5.1162505 1.25009066E-3 0 8.64409097E-3 1.17266865E-3
5.1137505 1.24987506E-3 4.63315332E-3 1.07622398E-2 1.327776E-3
5.1112504 1.25016039E-3 0 8.64360854E-3 1.53692509E-3
5.1087503 1.24994142E-3 0 8.64512287E-3 1.80388323E-3
5.1062503 1.24997192E-3 0 8.64491239E-3 2.10058759E-3
5.1037507 1.25000055E-3 0 8.64471402E-3 2.37474637E-3
5.1012506 1.25002721E-3 0 8.64452962E-3 2.58585229E-3
5.0987506 1.25005213E-3 4.63249721E-3 1.07607152E-2 2.72472226E-3
5.0962505 1.25007506E-3 4.63241199E-3 1.07605178E-2 2.78752088E-3
5.0937505 1.24984677E-3 0 8.64577759E-3 2.75503076E-3
5.0912504 1.25011569E-3 0 8.64391774E-3 2.59245187E-3
5.0887504 1.24988414E-3 0 8.64551868E-3 2.31504836E-3
5.0862503 1.25014875E-3 4.63213865E-3 1.07598826E-2 2.00839061E-3
5.0837502 1.24991406E-3 0 8.64531193E-3 1.76697038E-3
5.0812507 1.2499264E-3 4.63296287E-3 1.07617974E-2 1.62965548E-3
5.0787506 1.24993676E-3 4.63292422E-3 1.0761708E-2 1.60394819E-3
5.0762506 1.25019299E-3 9.26394947E-3 1.23132356E-2 1.68988958E-3
5.0737505 1.24995189E-3 0 8.64505023E-3 1.87600136E-3
5.0712504 1.24995678E-3 0 8.64501577E-3 2.11666478E-3
5.0687504 1.24995993E-3 4.63283854E-3 1.07615087E-2 2.35014316E-3
5.0662508 1.24996121E-3 0 8.64498597E-3 2.53982632E-3
5.0637503 1.25020707E-3 4.63192305E-3 1.07593816E-2 2.68211099E-3
5.0612502 1.24995795E-3 0 8.64500832E-3 2.77972873E-3
5.0587502 1.24995376E-3 9.26572271E-3 1.23155927E-2 2.81731132E-3
5.0562506 1.2499477E-3 0 8.6450791E-3 2.7885926E-3
5.0537505 1.2499399E-3 4.63291304E-3 1.0761681E-2 2.75642728E-3
5.0512505 1.25017541E-3 0 8.64350423E-3 2.84805801E-3
5.0487504 1.24991848E-3 4.6329922E-3 1.07618645E-2 3.165117E-3
5.0462503 1.24990533E-3 0 8.64537247E-3 3.71448649E-3
5.0437503 1.25013466E-3 4.6321908E-3 1.07600037E-2 4.39097267E-3
5.0412507 1.24987308E-3 4.63316031E-3 1.07622556E-2 5.02689416E-3
5.0387506 1.25009846E-3 4.63232538E-3 1.07603157E-2 5.49839996E-3
5.0362501 1.2500775E-3 1.38972076E-2 1.36030121E-2 5.77468984E-3
5.0337505 1.24981138E-3 9.26677883E-3 1.23169962E-2 5.83229214E-3
5.0312505 1.25003059E-3 1.85303055E-2 1.47290435E-2 5.596695E-3
5.0287504 1.2500044E-3 0 8.64468701E-3 4.99730324E-3
5.0262504 1.24997634E-3 0 8.64488166E-3 4.12180927E-3
5.0237503 1.25018915E-3 4.63198964E-3 1.07595362E-2 3.22308298E-3
5.0212502 1.24991476E-3 0 8.64530727E-3 2.5030009E-3
5.0187507 1.24988146E-3 0 8.64553731E-3 1.99431414E-3
5.0162506 1.25008821E-3 0 8.64410773E-3 1.64629647E-3
5.0137506 1.25005085E-3 0 8.64436571E-3 1.40439277E-3
5.0112505 1.25001173E-3 0 8.64463579E-3 1.22879911E-3
5.0087504 1.24997098E-3 0 8.64491891E-3 1.0966612E-3
5.0062504 1.24992838E-3 0 8.64521321E-3 9.9590607E-4
5.0037503 1.25012477E-3 0 8.64385534E-3 9.20344086E-4
5.0012503 1.24983781E-3 4.63329116E-3 1.07625602E-2 8.68693111E-4
4.9987507 1.25003024E-3 4.63257823E-3 1.07609034E-2 8.38754815E-4
4.9962506 1.24998018E-3 4.63276356E-3 1.07613336E-2 8.25530558E-4
4.9937506 1.25016819E-3 0 8.64355452E-3 8.2095532E-4
4.9912505 1.24987483E-3 0 8.64558294E-3 8.20067129E-4
4.9887505 1.25005888E-3 0 8.64431076E-3 8.19977897E-4
4.9862504 1.25000149E-3 4.6326844E-3 1.07611502E-2 8.20434827E-4
4.9837503 1.24994246E-3 0 8.64511542E-3 8.21082387E-4
4.9812503 1.25012023E-3 0 8.64388607E-3 8.2169479E-4
4.9787502 1.24981906E-3 0 8.64596944E-3 8.22703179E-4
