5.1575003 2.49999389E-3 0 4.32236912E-3 1.06039143E-3
5.1525002 2.49999901E-3 0 4.32236074E-3 1.06595701E-3
5.1475005 2.4999897E-3 4.63270908E-3 6.1575938E-3 1.07176835E-3
5.1425004 2.49996665E-3 2.31637596E-3 5.38065378E-3 1.07783137E-3
5.1375003 2.4999294E-3 2.31641042E-3 5.38073387E-3 1.08423969E-3
5.1325006 2.50013126E-3 2.31622346E-3 5.38029941E-3 1.09097012E-3
5.1275005 2.49981275E-3 0 4.32268251E-3 1.09823293E-3
5.1225009 2.49998574E-3 2.31635827E-3 5.38061233E-3 1.10527454E-3
5.1175008 2.50014383E-3 6.94863591E-3 6.80153724E-3 1.11201929E-3
5.1125002 2.50003533E-3 0 4.32229787E-3 1.11840002E-3
5.1075006 2.49991333E-3 0 4.32250882E-3 1.12416525E-3
5.1025004 2.50002765E-3 4.63263877E-3 6.1575002E-3 1.12906622E-3
5.0975003 2.50012707E-3 0 4.32213908E-3 1.13326125E-3
5.0925002 2.49996246E-3 6.94913976E-3 6.80203037E-3 1.13699271E-3
5.0875001 2.50003301E-3 0 4.32230206E-3 1.14009681E-3
5.0825005 2.49984046E-3 4.63298569E-3 6.15796167E-3 1.14292663E-3
5.0775003 2.50012986E-3 4.63244971E-3 6.15724875E-3 1.14533363E-3
5.0725002 2.49990867E-3 4.63285903E-3 6.15779357E-3 1.14790478E-3
5.0675006 2.49992101E-3 0 4.32249531E-3 1.1503807E-3
5.0625005 2.50016502E-3 9.26476903E-3 7.36421626E-3 1.15277711E-3
5.0575004 2.49990146E-3 6.94930879E-3 6.80219615E-3 1.15547352E-3
5.0525002 2.50011543E-3 4.63247625E-3 6.1572846E-3 1.15815457E-3
5.0475006 2.49982392E-3 6.94952486E-3 6.80240756E-3 1.16134435E-3
5.0425005 2.50000786E-3 2.31633778E-3 5.38056483E-3 1.16448768E-3
5.0375004 2.50017596E-3 4.63236403E-3 6.15713513E-3 1.16763939E-3
5.0325003 2.49984208E-3 6.94947457E-3 6.8023582E-3 1.17078912E-3
5.0275006 2.49998062E-3 0 4.32239193E-3 1.17318064E-3
5.0225005 2.50010379E-3 4.63249767E-3 6.15731301E-3 1.17494538E-3
5.0175004 2.49996968E-3 2.31637317E-3 5.38064726E-3 1.17639161E-3
5.0125003 2.50006258E-3 2.31628702E-3 5.38044702E-3 1.17746822E-3
5.0075006 2.49989936E-3 4.63287672E-3 6.15781639E-3 1.17855414E-3
5.0025005 2.49996246E-3 2.31637969E-3 5.38066216E-3 1.17979723E-3
4.9975004 2.50001042E-3 0 4.32234071E-3 1.1817445E-3
4.9925008 2.50004302E-3 2.31630518E-3 5.3804894E-3 1.18437957E-3
4.9875007 2.50006048E-3 0 4.32225456E-3 1.18724478E-3
4.9825006 2.50006258E-3 2.31628702E-3 5.38044702E-3 1.18995167E-3
4.9775004 2.49981182E-3 2.31651939E-3 5.38098672E-3 1.19253853E-3
NO NO NO NO NO
5.1575003 2.49999389E-3 0 4.32236912E-3 1.29619788E-3
5.1525002 2.49999901E-3 2.31634593E-3 5.38058393E-3 1.30235241E-3
5.1475005 2.4999897E-3 2.31635454E-3 5.38060348E-3 1.30880426E-3
5.1425004 2.49996665E-3 0 4.32241661E-3 1.31538592E-3
5.1375003 2.4999294E-3 2.31641042E-3 5.38073387E-3 1.32212439E-3
5.1325006 2.50013126E-3 2.31622346E-3 5.38029941E-3 1.32917764E-3
5.1275005 2.49981275E-3 0 4.32268251E-3 1.33705698E-3
5.1225009 2.49998574E-3 2.31635827E-3 5.38061233E-3 1.34488277E-3
5.1175008 2.50014383E-3 6.94863591E-3 6.80153724E-3 1.35244464E-3
5.1125002 2.50003533E-3 2.3163124E-3 5.3805057E-3 1.35959941E-3
5.1075006 2.49991333E-3 4.63285064E-3 6.15778193E-3 1.36604789E-3
5.1025004 2.50002765E-3 2.31631938E-3 5.38052199E-3 1.37149531E-3
5.0975003 2.50012707E-3 9.26490873E-3 7.36432802E-3 1.3761163E-3
5.0925002 2.49996246E-3 6.94913976E-3 6.80203037E-3 1.3802083E-3
5.0875001 2.50003301E-3 0 4.32230206E-3 1.38351286E-3
5.0825005 2.49984046E-3 6.94947876E-3 6.80236239E-3 1.38636166E-3
5.0775003 2.50012986E-3 2.31622485E-3 5.3803022E-3 1.38860417E-3
5.0725002 2.49990867E-3 4.63285903E-3 6.15779357E-3 1.39104098E-3
5.0675006 2.49992101E-3 2.3164181E-3 5.38075157E-3 1.39330665E-3
5.0625005 2.50016502E-3 4.63238452E-3 6.15716213E-3 1.39534322E-3
5.0575004 2.49990146E-3 9.26574506E-3 7.36499252E-3 1.39763497E-3
5.0525002 2.50011543E-3 1.15811909E-2 7.87038263E-3 1.39991683E-3
5.0475006 2.49982392E-3 0 4.32266342E-3 1.40296947E-3
5.0425005 2.50000786E-3 6.94901356E-3 6.80190697E-3 1.40614866E-3
5.0375004 2.50017596E-3 6.94854604E-3 6.80144923E-3 1.40941329E-3
5.0325003 2.49984208E-3 2.31649149E-2 9.91161726E-3 1.41265721E-3
5.0275006 2.49998062E-3 2.31636292E-3 5.38062304E-3 1.41489704E-3
5.0225005 2.50010379E-3 9.26499534E-3 7.36439647E-3 1.41623488E-3
5.0175004 2.49996968E-3 6.94911974E-3 6.80201082E-3 1.41711766E-3
5.0125003 2.50006258E-3 0 4.32225037E-3 1.41767762E-3
5.0075006 2.49989936E-3 0 4.32253303E-3 1.41839974E-3
5.0025005 2.49996246E-3 2.31637969E-3 5.38066216E-3 1.41932094E-3
4.9975004 2.50001042E-3 2.31633545E-3 5.38055925E-3 1.42105634E-3
4.9925008 2.50004302E-3 2.31630518E-3 5.3804894E-3 1.42369652E-3
4.9875007 2.50006048E-3 0 4.32225456E-3 1.42665149E-3
4.9825006 2.50006258E-3 0 4.32225037E-3 1.42926024E-3
4.9775004 2.49981182E-3 0 4.3226839E-3 1.43150077E-3
NO NO NO NO NO
5.1587505 1.24996353E-3 0 8.64497013E-3 7.28004728E-4
5.1562505 1.25003047E-3 4.6325773E-3 1.07609015E-2 7.29415216E-4
5.1537504 1.24984025E-3 0 8.64582323E-3 7.30983098E-4
5.1512504 1.25015876E-3 0 8.64361972E-3 7.32252083E-4
5.1487503 1.24996505E-3 0 8.64495896E-3 7.33844354E-4
5.1462502 1.25002477E-3 0 8.64454638E-3 7.35393027E-4
5.1437507 1.24982814E-3 0 8.64590611E-3 7.37294322E-4
5.1412506 1.25013839E-3 0 8.64376035E-3 7.39023148E-4
5.1387506 1.2499385E-3 0 8.64514336E-3 7.4110314E-4
5.1362505 1.24999089E-3 0 8.64478108E-3 7.43076787E-4
5.1337504 1.2500413E-3 0 8.64443183E-3 7.45129015E-4
5.1312504 1.25008984E-3 0 8.64409562E-3 7.47227634E-4
5.1287503 1.24988367E-3 0 8.64552148E-3 7.4942963E-4
5.1262507 1.24992896E-3 4.63295355E-3 1.07617751E-2 7.5133529E-4
5.1237507 1.25022454E-3 0 8.64316523E-3 7.52999797E-4
5.1212506 1.24976132E-3 0 8.64636898E-3 7.55212852E-4
5.1187506 1.25005306E-3 0 8.6443508E-3 7.5715495E-4
5.1162505 1.25009066E-3 9.2647085E-3 1.23142442E-2 7.5937371E-4
5.1137505 1.24987506E-3 0 8.64558201E-3 7.61793577E-4
5.1112504 1.25016039E-3 0 8.64360854E-3 7.63933349E-4
5.1087503 1.24994142E-3 9.26581491E-3 1.23157147E-2 7.66366255E-4
5.1062503 1.24997192E-3 0 8.64491239E-3 7.68542697E-4
5.1037507 1.25000055E-3 9.26537625E-3 1.23151327E-2 7.70512444E-4
5.1012506 1.25002721E-3 9.26517881E-3 1.23148691E-2 7.72266008E-4
5.0987506 1.25005213E-3 0 8.64435732E-3 7.73846696E-4
5.0962505 1.25007506E-3 0 8.644199E-3 7.75313296E-4
5.0937505 1.24984677E-3 4.6332581E-3 1.07624829E-2 7.76804576E-4
5.0912504 1.25011569E-3 4.63226158E-3 1.07601685E-2 7.77811743E-4
5.0887504 1.24988414E-3 0 8.64551868E-3 7.7896833E-4
5.0862503 1.25014875E-3 0 8.64368863E-3 7.79721304E-4
5.0837502 1.24991406E-3 4.6330085E-3 1.07619036E-2 7.80750765E-4
5.0812507 1.2499264E-3 0 8.64522718E-3 7.81611481E-4
5.0787506 1.24993676E-3 4.63292422E-3 1.0761708E-2 7.82490475E-4
5.0762506 1.25019299E-3 0 8.64338316E-3 7.83241878E-4
5.0737505 1.24995189E-3 0 8.64505023E-3 7.84277509E-4
5.0712504 1.24995678E-3 0 8.64501577E-3 7.85080483E-4
5.0687504 1.24995993E-3 4.63283854E-3 1.07615087E-2 7.85758253E-4
5.0662508 1.24996121E-3 0 8.64498597E-3 7.86283461E-4
5.0637503 1.25020707E-3 9.26384609E-3 1.23130977E-2 7.86563382E-4
5.0612502 1.24995795E-3 9.26569197E-3 1.23155508E-2 7.87141384E-4
5.0587502 1.24995376E-3 4.63286135E-3 1.07615618E-2 7.87480618E-4
5.0562506 1.2499477E-3 0 8.6450791E-3 7.87509663E-4
5.0537505 1.2499399E-3 4.63291304E-3 1.0761681E-2 7.86925608E-4
5.0512505 1.25017541E-3 0 8.64350423E-3 7.84913602E-4
5.0487504 1.24991848E-3 0 8.6452812E-3 7.8092888E-4
5.0462503 1.24990533E-3 9.2660822E-3 1.23160705E-2 7.7394949E-4
5.0437503 1.25013466E-3 1.38965724E-2 1.360239E-2 7.64575205E-4
5.0412507 1.24987308E-3 0 8.64559505E-3 7.54489331E-4
5.0387506 1.25009846E-3 0 8.64403695E-3 7.44053279E-4
5.0362501 1.2500775E-3 4.63240268E-3 1.07604954E-2 7.34075671E-4
5.0337505 1.24981138E-3 0 8.64602253E-3 7.24543468E-4
5.0312505 1.25003059E-3 4.63257637E-3 1.07608996E-2 7.1483705E-4
5.0287504 1.2500044E-3 9.26534738E-3 1.23150945E-2 7.05220969E-4
5.0262504 1.24997634E-3 0 8.64488166E-3 6.9579744E-4
5.0237503 1.25018915E-3 4.63198964E-3 1.07595362E-2 6.87346677E-4
5.0212502 1.24991476E-3 4.63300617E-3 1.07618971E-2 6.81631791E-4
5.0187507 1.24988146E-3 4.63312957E-3 1.07621839E-2 6.78964192E-4
5.0162506 1.25008821E-3 4.63236356E-3 1.07604042E-2 6.78556506E-4
5.0137506 1.25005085E-3 0 8.64436571E-3 6.79055986E-4
5.0112505 1.25001173E-3 4.63264668E-3 1.07610617E-2 6.79486198E-4
5.0087504 1.24997098E-3 0 8.64491891E-3 6.80043653E-4
5.0062504 1.24992838E-3 0 8.64521321E-3 6.8095373E-4
5.0037503 1.25012477E-3 0 8.64385534E-3 6.82012178E-4
5.0012503 1.24983781E-3 0 8.64583906E-3 6.83676801E-4
4.9987507 1.25003024E-3 0 8.64450913E-3 6.85631705E-4
4.9962506 1.24998018E-3 0 8.64485465E-3 6.88411645E-4
4.9937506 1.25016819E-3 0 8.64355452E-3 6.91660971E-4
4.9912505 1.24987483E-3 0 8.64558294E-3 6.95640047E-4
4.9887505 1.25005888E-3 0 8.64431076E-3 6.99737517E-4
4.9862504 1.25000149E-3 0 8.64470657E-3 7.0429832E-4
4.9837503 1.24994246E-3 0 8.64511542E-3 7.09153537E-4
4.9812503 1.25012023E-3 0 8.64388607E-3 7.14087219E-4
4.9787502 1.24981906E-3 0 8.64596944E-3 7.19289063E-4
NO NO NO NO NO
5.1587505 1.24996353E-3 0 8.64497013E-3 6.33770018E-4
5.1562505 1.25003047E-3 0 8.64450727E-3 6.35851058E-4
5.1537504 1.24984025E-3 0 8.64582323E-3 6.38203055E-4
5.1512504 1.25015876E-3 0 8.64361972E-3 6.40348357E-4
5.1487503 1.24996505E-3 0 8.64495896E-3 6.42688712E-4
5.1462502 1.25002477E-3 0 8.64454638E-3 6.44735701E-4
5.1437507 1.24982814E-3 0 8.64590611E-3 6.46796369E-4
5.1412506 1.25013839E-3 0 8.64376035E-3 6.48454356E-4
5.1387506 1.2499385E-3 0 8.64514336E-3 6.50341972E-4
5.1362505 1.24999089E-3 0 8.64478108E-3 6.52093615E-4
5.1337504 1.2500413E-3 0 8.64443183E-3 6.53802999E-4
5.1312504 1.25008984E-3 0 8.64409562E-3 6.55452022E-4
5.1287503 1.24988367E-3 4.63312119E-3 1.07621644E-2 6.57241442E-4
5.1262507 1.24992896E-3 0 8.64520948E-3 6.59024168E-4
5.1237507 1.25022454E-3 4.63185832E-3 1.07592307E-2 6.60610443E-4
5.1212506 1.24976132E-3 0 8.64636898E-3 6.62274426E-4
5.1187506 1.25005306E-3 4.63249348E-3 1.07607068E-2 6.63267041E-4
5.1162505 1.25009066E-3 0 8.64409097E-3 6.64192485E-4
5.1137505 1.24987506E-3 4.63315332E-3 1.07622398E-2 6.65066647E-4
5.1112504 1.25016039E-3 0 8.64360854E-3 6.65567815E-4
5.1087503 1.24994142E-3 0 8.64512287E-3 6.66095468E-4
5.1062503 1.24997192E-3 0 8.64491239E-3 6.65880914E-4
5.1037507 1.25000055E-3 0 8.64471402E-3 6.64966705E-4
5.1012506 1.25002721E-3 0 8.64452962E-3 6.63585379E-4
5.0987506 1.25005213E-3 4.63249721E-3 1.07607152E-2 6.61998696E-4
5.0962505 1.25007506E-3 4.63241199E-3 1.07605178E-2 6.60235703E-4
5.0937505 1.24984677E-3 0 8.64577759E-3 6.58472884E-4
5.0912504 1.25011569E-3 0 8.64391774E-3 6.56664837E-4
5.0887504 1.24988414E-3 0 8.64551868E-3 6.55730604E-4
5.0862503 1.25014875E-3 4.63213865E-3 1.07598826E-2 6.55290496E-4
5.0837502 1.24991406E-3 0 8.64531193E-3 6.55593874E-4
5.0812507 1.2499264E-3 4.63296287E-3 1.07617974E-2 6.55828626E-4
5.0787506 1.24993676E-3 4.63292422E-3 1.0761708E-2 6.5606623E-4
5.0762506 1.25019299E-3 9.26394947E-3 1.23132356E-2 6.5625523E-4
5.0737505 1.24995189E-3 0 8.64505023E-3 6.56557677E-4
5.0712504 1.24995678E-3 0 8.64501577E-3 6.56243588E-4
5.0687504 1.24995993E-3 4.63283854E-3 1.07615087E-2 6.55183976E-4
5.0662508 1.24996121E-3 0 8.64498597E-3 6.53259573E-4
5.0637503 1.25020707E-3 4.63192305E-3 1.07593816E-2 6.50715141E-4
5.0612502 1.24995795E-3 0 8.64500832E-3 6.48946676E-4
5.0587502 1.24995376E-3 9.26572271E-3 1.23155927E-2 6.49108144E-4
5.0562506 1.2499477E-3 0 8.6450791E-3 6.52358809E-4
5.0537505 1.2499399E-3 4.63291304E-3 1.0761681E-2 6.58656878E-4
5.0512505 1.25017541E-3 0 8.64350423E-3 6.67234359E-4
5.0487504 1.24991848E-3 4.6329922E-3 1.07618645E-2 6.77841657E-4
5.0462503 1.24990533E-3 0 8.64537247E-3 6.89349137E-4
5.0437503 1.25013466E-3 4.6321908E-3 1.07600037E-2 7.00499222E-4
5.0412507 1.24987308E-3 4.63316031E-3 1.07622556E-2 7.10120716E-4
5.0387506 1.25009846E-3 4.63232538E-3 1.07603157E-2 7.16709066E-4
5.0362501 1.2500775E-3 1.38972076E-2 1.36030121E-2 7.20887212E-4
5.0337505 1.24981138E-3 9.26677883E-3 1.23169962E-2 7.23469362E-4
5.0312505 1.25003059E-3 1.85303055E-2 1.47290435E-2 7.24795624E-4
5.0287504 1.2500044E-3 0 8.64468701E-3 7.25656108E-4
5.0262504 1.24997634E-3 0 8.64488166E-3 7.26047962E-4
5.0237503 1.25018915E-3 4.63198964E-3 1.07595362E-2 7.26245868E-4
5.0212502 1.24991476E-3 0 8.64530727E-3 7.27816194E-4
5.0187507 1.24988146E-3 0 8.64553731E-3 7.31900509E-4
5.0162506 1.25008821E-3 0 8.64410773E-3 7.39228504E-4
5.0137506 1.25005085E-3 0 8.64436571E-3 7.49351748E-4
5.0112505 1.25001173E-3 0 8.64463579E-3 7.60849158E-4
5.0087504 1.24997098E-3 0 8.64491891E-3 7.72845058E-4
5.0062504 1.24992838E-3 0 8.64521321E-3 7.84674136E-4
5.0037503 1.25012477E-3 0 8.64385534E-3 7.95057742E-4
5.0012503 1.24983781E-3 4.63329116E-3 1.07625602E-2 8.03123228E-4
4.9987507 1.25003024E-3 4.63257823E-3 1.07609034E-2 8.07895849E-4
4.9962506 1.24998018E-3 4.63276356E-3 1.07613336E-2 8.10725964E-4
4.9937506 1.25016819E-3 0 8.64355452E-3 8.12422717E-4
4.9912505 1.24987483E-3 0 8.64558294E-3 8.14086117E-4
4.9887505 1.25005888E-3 0 8.64431076E-3 8.15321342E-4
4.9862504 1.25000149E-3 4.6326844E-3 1.07611502E-2 8.16655054E-4
4.9837503 1.24994246E-3 0 8.64511542E-3 8.17947323E-4
4.9812503 1.25012023E-3 0 8.64388607E-3 8.19047447E-4
4.9787502 1.24981906E-3 0 8.64596944E-3 8.2042889E-4
